T,PIF4m,PIF5m,PIF,phyB,PR,INT,IAA29m,ATHB2m,CDF1m,FKF1m,FKF1,CDF1,COm,CO,FTm,InducedC1,InducedC2,RepressedC1,PHYAm,phyAr,phyAfr,phyAmarker
0,0.281529429417088,0.352485749967609,26.2120776038456,0.287503562724177,0.287503562724788,3.04705649570947,0.743644871165729,0.450742455638859,1.02777663520661,0.0528819805063893,0.0455612534752479,0.182521212738943,0.292006631439156,0.0118023387681235,0.0240215790613646,0.743644871165729,0.95721230975699,0.38833696822019,0.847091672077809,0.882509159678639,0.0168803252694744,0.0800576758623501
0.1,0.300393364282258,0.371463985827473,10.6143849077278,0.843299090821641,0.843299090824884,4.7343728191756,0.729346046431276,0.437558654006744,1.05555454231799,0.0665025774402322,0.0457250229691737,0.187070633916009,0.278561441801856,0.0696431862581104,0.0234662122405731,0.729346046431276,0.948479476608112,0.382991264992166,0.830958237849136,0.851844770495024,0.0772503742139022,0.0806574181561612
0.2,0.319461044389325,0.390504956292776,4.8875821485928,0.950578127202948,0.950578127202668,7.00182188650562,0.683222966518674,0.413823388607897,1.08368350915569,0.0796422738092431,0.0473351702195396,0.191726638363462,0.2652817359252,0.147563532073096,0.0230389813938806,0.683222966518674,0.873429717778456,0.396186184459136,0.784954270814418,0.810658580678071,0.131228507813644,0.0832468672158264
0.3,0.338748236784385,0.409667651289894,4.06710467293792,0.964520358992877,0.964520358994214,9.06788920081528,0.639769647900653,0.391646775640076,1.11123041816604,0.0896055414316591,0.0499271434365748,0.196466204400571,0.252724482797332,0.218917480917556,0.0228176090480891,0.639769647900653,0.791130255258756,0.412930910837679,0.741553073210462,0.772036984940619,0.168768604924141,0.0878382571658544
0.4,0.358109895527191,0.428779677390751,4.11651972750076,0.966253509453193,0.966253509453709,10.8536960938946,0.599226461559871,0.370969849701773,1.13715169851083,0.0968933248278226,0.053066367605792,0.201272105824254,0.240850714414314,0.283453591265198,0.0228473558601312,0.599226461559871,0.716082272554794,0.429462824668685,0.701062109045967,0.735797518298249,0.193828815114974,0.093778061550599
0.5,0.377524533952674,0.447850780133342,4.29811082561737,0.966458641504282,0.966458641503415,12.385425708254,0.561397376862191,0.351675471771483,1.16048517867742,0.102003506500585,0.0564296250059726,0.206128126786115,0.229621019960059,0.341738310421744,0.0231407422121596,0.561397376862191,0.648077903363065,0.445686554882284,0.66333007054875,0.701576922047759,0.209691209750957,0.100450839588482
0.6,0.396931806729934,0.466817129838443,4.50148465093627,0.966497942353121,0.966497942353181,13.6976935374182,0.526111619160045,0.333691186198952,1.1804733768701,0.105364434439615,0.0597843168369865,0.21101660817029,0.218999115191967,0.394277562685406,0.0236858456661087,0.526111619160045,0.586517436794619,0.461592510814922,0.628148724223364,0.669108924442422,0.218768466001611,0.107397075575368
0.7,0.416195210459659,0.485531762488116,4.70698824986302,0.966490032672937,0.966490032674001,14.8218143347189,0.493204853204563,0.316940487197232,1.1966318191986,0.107338269086703,0.0629692683920921,0.215918041723912,0.208951554918991,0.441543065764694,0.0244584501369712,0.493204853204563,0.530795284760197,0.477188180210787,0.595341978398852,0.638212774866789,0.222865042063634,0.114304440274017
0.8,0.435416267334366,0.504153347986399,4.90878799622764,0.966501777671361,0.966501777671516,15.7847181360014,0.462505682959315,0.301317228254931,1.20874105113797,0.108229795324429,0.0658791682196521,0.220811908435228,0.199447459695882,0.483874884305359,0.0254285854404617,0.462505682959315,0.480365296504218,0.49247654622123,0.564750603972848,0.608764616313644,0.223318034113973,0.12096741510828
0.9,0.454499205462015,0.522568603506408,5.1098826173768,0.966508337459011,0.966508337458724,16.6095385297385,0.433862379504358,0.286738353076356,1.21680893467853,0.108292390170768,0.0684521121927971,0.225677448002466,0.190458228545967,0.52172437423441,0.0265648596507578,0.433862379504358,0.434731254259854,0.507462166761099,0.536227550438037,0.58067711163445,0.221125527806874,0.127255831848465
1,0.473393857076461,0.540729449896952,5.31046490460795,0.966502524876849,0.966502524876945,17.3160733620062,0.407143836856696,0.27314673960665,1.2210103257371,0.107736443645818,0.0706578751477631,0.23049484454671,0.181957235855377,0.555428841938742,0.0278375849778561,0.407143836856696,0.393437941629313,0.522151570530202,0.509634318592321,0.55388465614125,0.217041638376178,0.133087269740302
1.1,0.492017035062911,0.558546786417656,5.50791825480126,0.966499752356805,0.966499752357058,17.9208332633016,0.382222647206049,0.260476880779942,1.22163461532933,0.1067278147312,0.0724925233406795,0.235245595902506,0.17391986224671,0.585274014603707,0.0292200232901669,0.382222647206049,0.356081055201135,0.536550293228851,0.484839517432168,0.528333468354263,0.211646887441488,0.138406695728024
1.2,0.510434799631664,0.576124924373395,5.7024915235867,0.966498547509666,0.966498547509989,18.4381084315724,0.358978395082567,0.248665261399714,1.21902417751748,0.105401830923052,0.0739671507505107,0.239912507083451,0.166322891051034,0.611547048190315,0.030688049235233,0.358978395082567,0.322293033138667,0.550663665639374,0.461720712260435,0.503979433040241,0.205374289019411,0.143181534950044
1.3,0.528649456588848,0.593479469686153,5.89387819416884,0.966501779293592,0.966501779293698,18.8810537537319,0.337296245043178,0.237652514978541,1.21351472772899,0.103880695026683,0.0750979781133925,0.244479496313305,0.159143818968058,0.634516234291233,0.0322193518320128,0.337296245043178,0.291725957871163,0.564497100388658,0.440164342527221,0.480783583493021,0.198556046303812,0.147397108865249
1.4,0.54670265062227,0.610672240949526,6.0833666216423,0.966503950948457,0.966503950948423,19.2609416659644,0.317068574839072,0.227382949532432,1.20546503601338,0.102262991699878,0.0759122835338631,0.24893206287961,0.152361331834774,0.654442978160692,0.0337941679580356,0.317068574839072,0.264063783559099,0.57805594385724,0.420065011594264,0.458712173771091,0.191421997131889,0.151056876597111
1.5,0.564511307471896,0.627597975336305,6.27060783832643,0.966505172914384,0.966505172914275,19.5858946425067,0.298202145737585,0.217808812817798,1.19521033639108,0.100610529052349,0.0764484514643825,0.25325915640864,0.145956307814526,0.671552633933796,0.0353981296320942,0.298202145737585,0.239048394997645,0.591345463623065,0.401324205705568,0.437732295099627,0.184144142416133,0.154173464213922
1.6,0.582052164841258,0.644232629186213,6.45566851568807,0.966504575887905,0.966504575887838,19.8653040166355,0.280598323665037,0.208879306196057,1.18308507062857,0.0990002069975542,0.0767388955868524,0.257448453764833,0.139908787211446,0.686082824797952,0.0370148139248057,0.280598323665037,0.21639953115535,0.604370937062747,0.383850756083369,0.417812287671604,0.176833249056471,0.156770850081948
1.7,0.599340471451004,0.66060239718372,6.6378770026768,0.966504007095613,0.966504007095584,20.10418712339,0.264179777828576,0.200554907796096,1.16936385558682,0.0974577759069424,0.0768264957321159,0.261492610209672,0.134202007156758,0.698221528933169,0.0386352444643912,0.264179777828576,0.195922173965124,0.61713738955759,0.36755846873568,0.398916981003429,0.16960197792505,0.158872038526867
1.8,0.61638088288345,0.676718298796807,6.8173033617789,0.966503345580362,0.966503345580376,20.309410844063,0.248861171517864,0.192791764963722,1.15432736515371,0.096031613816096,0.0767466883261672,0.265382509055676,0.128817972728389,0.708175562177447,0.0402474402923843,0.248861171517864,0.177388042199863,0.629649909245049,0.352368421285402,0.381012983658329,0.162497653331599,0.160511435928756
1.9,0.633219542517374,0.692643969877723,6.99418091162062,0.96650320113242,0.966503201132443,20.4850821731431,0.234572343032746,0.18555388191519,1.1381843475133,0.0947394788263053,0.0765361738123794,0.269112739786617,0.123740912240474,0.716116307221099,0.0418443828334542,0.234572343032746,0.16062750602624,0.641913345978507,0.338205120931539,0.364063443492936,0.155596232083528,0.161716404850101
2,0.649823459540194,0.708336402334108,7.16855814180557,0.966503142982445,0.966503142982471,20.6347925764633,0.221249460633843,0.178808475079907,1.12110359882617,0.0935972231904584,0.0762238723041525,0.272678969286147,0.118956032396325,0.722201712576539,0.0434203530205509,0.221249460633843,0.145490468103293,0.65393238955734,0.324999960475266,0.348032184755914,0.148920500664836,0.162523550042238
2.1,0.666190457010448,0.723794736642801,7.34051006864584,0.966503191173569,0.966503191173591,20.7627890989063,0.20882330315018,0.172520011336553,1.10328582568562,0.0926260398419057,0.0758425805521385,0.276075764641155,0.114447728729856,0.726601668960427,0.0449682579337245,0.20882330315018,0.131808482199361,0.665711846731217,0.312687395695383,0.332883107292881,0.142505919317469,0.162963299310935
2.2,0.682322773011096,0.739024816132651,7.5099999681643,0.966503485932579,0.966503485932582,20.873239067173,0.197225893959303,0.166653613636487,1.08492664030106,0.0918473595391465,0.0754239240563473,0.279297923772073,0.110200575733484,0.729483452808566,0.0464810912431433,0.197225893959303,0.119416537738127,0.677256495275547,0.301207609824014,0.318579156535625,0.136362318974163,0.163070874607333
2.3,0.698182870063181,0.75397799707957,7.67669825609475,0.966503607079969,0.966503607079965,20.9668096393927,0.186416826057489,0.161188582505604,1.06607155122656,0.0912537281537081,0.0749840506960858,0.282346140792229,0.106203221219618,0.730952817342812,0.0479584950161926,0.186416826057489,0.108243732056283,0.688570545216304,0.290503850110097,0.305084642575836,0.130499430929396,0.162880142747712
2.4,0.713772638287474,0.76865921933564,7.84065965996907,0.966503652151791,0.966503652151784,21.0479426930676,0.176325558386694,0.156088711671254,1.04692903683558,0.090868258384425,0.0745563336405304,0.285214688205586,0.102439864000043,0.731182655449933,0.0493929836808599,0.176325558386694,0.0981168305599287,0.699658829319133,0.280523213390051,0.292363573357993,0.124921490482461,0.162422652894398
2.5,0.729066830210972,0.783039766405345,8.00153756934684,0.966503663559523,0.966503663559515,21.1173391510609,0.166914474955346,0.151334772281894,1.02754245782293,0.0906869193362419,0.0741540632715279,0.287904427414186,0.0989001803300262,0.730271293401413,0.0507841841687501,0.166914474955346,0.0889702098809243,0.710525462754854,0.271216168631891,0.280380588830355,0.1196298300728,0.161728351318197
2.6,0.744046194290807,0.797097771918149,8.15909891530295,0.966503641147307,0.966503641147301,21.1767342024741,0.158136470608572,0.146902638574252,1.00800128029957,0.0907127869393252,0.0737964624307561,0.29041436981213,0.0955721972670276,0.728338686293062,0.052129750871692,0.158136470608572,0.0807077133032221,0.721174771765176,0.262539081199001,0.269099661996683,0.11460348832115,0.1608311716985
2.7,0.758691677737755,0.81081191025219,8.31316205784142,0.966503565495762,0.96650356549576,21.2283812062834,0.149940593081711,0.142766199679825,0.988416991352312,0.0909533139475618,0.0735049745438055,0.292742575759186,0.0924433386202342,0.725513202545688,0.0534263635002481,0.149940593081711,0.0732196614432379,0.731611158597149,0.254448539561494,0.258486699163693,0.109840911128568,0.15975682928055
2.8,0.772956781786895,0.824130965858733,8.4632484046717,0.966503528596158,0.966503528596158,21.2720608086445,0.142302815738169,0.138913240752737,0.96878581163841,0.091402777332794,0.0732833470001797,0.294891415601908,0.0895060133526285,0.721860177147675,0.0546754810962624,0.142302815738169,0.0664776678627362,0.741838381865889,0.246903574863851,0.248508520879308,0.10534383070215,0.158527496864268
2.9,0.786824291303899,0.837035426279663,8.60916761155063,0.966503514276445,0.966503514276447,21.3099017237549,0.13517250212008,0.135317813708137,0.949214655658901,0.0920670283637989,0.073152994233842,0.29685919471884,0.0867476404967983,0.717507583117789,0.0558740087100131,0.13517250212008,0.0603741132650112,0.751860845525688,0.239870310148633,0.239130717892984,0.101084537056728,0.157171066730516
3,0.800264742284872,0.849496725631351,8.75057963384709,0.966503510650414,0.966503510650416,21.342284428473,0.12852250609546,0.131966081709581,0.929723086535219,0.0929464950945044,0.0731200267542037,0.298647132409451,0.084160235322411,0.712526240800176,0.057022343686616,0.12852250609546,0.0548671528412789,0.761682350965596,0.233313205624285,0.23032201197108,0.0970589426168978,0.155707581494998
3.1,0.813249705855393,0.861486073863359,8.88716392706117,0.966503515099467,0.966503515099468,21.3699172596097,0.122320790367756,0.128841687452058,0.910347700914591,0.0940422006942946,0.0731937091294169,0.300255916380166,0.0817348347588834,0.706999077857938,0.058120215007857,0.122320790367756,0.0499017107409055,0.771306828704061,0.227198290838998,0.222052609401284,0.0932679581469242,0.154153806642862
3.2,0.825753149790874,0.872976154735782,9.01863997246451,0.96650353393235,0.96650353393235,21.3938342480639,0.116531096060843,0.125926095664978,0.891141368481314,0.0953563013732603,0.0733862962848332,0.301685671567521,0.0794616828464719,0.70101901759148,0.059166716232325,0.116531096060843,0.0454106377005015,0.780738314657869,0.221498508975525,0.214291283979376,0.0896918506309327,0.15252846214883
3.3,0.837753490048981,0.883949826544745,9.14478241462639,0.966503543252638,0.966503543252638,21.4140560307444,0.111135844269961,0.123210382860863,0.872100687943526,0.0968921422929163,0.0736994956832357,0.302937972154808,0.0773350479694837,0.694630205269118,0.0601631662110121,0.111135844269961,0.0413736621933075,0.789980317748801,0.216184902638834,0.20701027201609,0.0863233543163745,0.150846850027005
3.4,0.849223112087707,0.894378274649554,9.26528565957907,0.966503546778317,0.966503546778317,21.4315158653198,0.10609969075711,0.120676487439457,0.853273892066306,0.0986511961523811,0.0741447247832527,0.304013138519485,0.0753453095198617,0.687923719783307,0.0611088375825269,0.10609969075711,0.0377267130149878,0.799036855339347,0.211229755926595,0.200183515939789,0.083157116438208,0.149122326466042
3.5,0.860145196277187,0.904247935812499,9.37997328071546,0.966503547446438,0.966503547446438,21.4464444799152,0.101402762476028,0.118314298866652,0.834669080433353,0.100637678957715,0.0747263656607385,0.304912149236619,0.0734864819290793,0.680947859908084,0.0620047325154999,0.101402762476028,0.034442070827569,0.80791147088993,0.206610887184774,0.193784205337478,0.0801817584313664,0.147366014515564
3.6,0.870500795727705,0.913542469655218,9.48864398267688,0.966503546379773,0.966503546379772,21.4591733755999,0.0970227982317863,0.116112479854944,0.81630014572891,0.102855290732359,0.075449768240478,0.305635917345648,0.0717519978763791,0.67375768660316,0.0628515905675109,0.0970227982317863,0.0314865539729789,0.81660778360072,0.20230485059417,0.187787637334287,0.0773880382935385,0.145589996715176
3.7,0.880269137941633,0.922242742783748,9.59107047403146,0.9665035414031,0.9665035414031,21.4702103830947,0.0929335866496647,0.114057663310046,0.798191187668326,0.105306953391544,0.076322095305768,0.306185166138158,0.0701343597741135,0.666419202619031,0.0636496944618055,0.0929335866496647,0.0288177030574903,0.825129535512048,0.198289340963131,0.182170359052223,0.0747666213537617,0.143805777306673
3.8,0.889455041079357,0.930359925337716,9.68728935869995,0.966503538971275,0.966503538971275,21.4795320229059,0.0891232396491784,0.112143834755804,0.780336296505651,0.107999254761473,0.0773463113451362,0.306560395412507,0.0686298016889785,0.658956008795398,0.0644007317740735,0.0891232396491784,0.0264239807448418,0.83347999591622,0.194546176945729,0.176909864041156,0.0723085578689957,0.142020361491435
3.9,0.898036972500209,0.937874295167501,9.77706904362711,0.966503537975964,0.966503537975964,21.4875936199384,0.0855665650055125,0.110358151272174,0.762756484187966,0.110935262704854,0.078528957287096,0.306762436569509,0.0672310427763449,0.651431461872362,0.0651051194205985,0.0855665650055125,0.0242654977506593,0.841662876934406,0.191056401465002,0.171984852389389,0.070004505646946,0.14024187388729
4,0.90602205637087,0.94479847795669,9.86048160451421,0.966503537858152,0.966503537858152,21.4945099656398,0.0822489259040399,0.108693183541474,0.745453729917736,0.114120920573766,0.0798744902349898,0.306791502819161,0.0659337606952803,0.643876344240041,0.0657643451058433,0.0822489259040399,0.02232402598114,0.849681489139113,0.187802055881201,0.167375172579225,0.0678450104786324,0.138477648124376
4.1,0.913416942602674,0.951144571977861,9.93759401524696,0.966503538098505,0.966503538098505,21.50040034233,0.0791555357060803,0.107141425440204,0.728430262785153,0.117562130184518,0.0813873903059576,0.306647819238745,0.0647335896328722,0.636321909641264,0.0663798807897566,0.0791555357060803,0.0205810371375143,0.857539149239755,0.184768434744881,0.163061911522465,0.0658208577099958,0.136732363264816
4.2,0.920214002750789,0.956908475984283,10.0083231722701,0.966503539379531,0.966503539379531,21.5055190562748,0.0762672454539506,0.105693134052501,0.71169581765378,0.121263523130679,0.0830728684409685,0.306331907699381,0.0636249171762792,0.628813085573844,0.0669527358204203,0.0762672454539506,0.019009167283875,0.865239346449438,0.1819375195511,0.159025779128161,0.0639265732026425,0.135013569749656
4.3,0.926434931641946,0.962114616464204,10.072946238523,0.96650354002229,0.96650354002229,21.5098404232323,0.0735760583754878,0.104344277251536,0.695244455223009,0.125232048371962,0.084935195526976,0.30584278656947,0.0626056103359769,0.621359074478558,0.0674850381742252,0.0735760583754878,0.0176021922095764,0.872785034539026,0.179294211521635,0.155249176015351,0.0621553135653226,0.133326405047355
4.4,0.932076893710937,0.966764558547215,10.1314279775501,0.966503540300712,0.966503540300712,21.5135735552629,0.0710641840688228,0.103085809088084,0.679083403380552,0.129472777928494,0.0869793101428543,0.305180921201801,0.0616704308223538,0.614000582489899,0.067977944357874,0.0710641840688228,0.0163355695012622,0.880179653552736,0.176828573317394,0.151717019016811,0.0604967547679058,0.131671687080769
4.5,0.93717339327904,0.970899019820437,10.1840893468986,0.966503540316573,0.966503540316573,21.5167812236544,0.0687208111099901,0.101912253397821,0.663211506442139,0.133991889977186,0.0892098954725632,0.304345877349486,0.0608164686058027,0.60675600673186,0.0684332706887278,0.0687208111099901,0.0151972948525086,0.887426254478768,0.174529802265896,0.148414521838489,0.0589427685355466,0.130051039988056
4.6,0.941764665303467,0.974566214387045,10.2313123352727,0.966503540265867,0.966503540265867,21.519508434144,0.0665360716975439,0.100818616387286,0.64762657148274,0.138795689965822,0.0916316214047778,0.303337111804314,0.0600411395791787,0.599640741494509,0.0688529195688511,0.0665360716975439,0.0141770095543179,0.894527831602928,0.172388463463401,0.145328017392537,0.0574853190723648,0.128464994872688
4.7,0.945861429245599,0.977781295924696,10.2732154548931,0.966503539931574,0.966503539931573,21.5218778057448,0.0644960127877988,0.0997978157425402,0.632330955903487,0.14388977792323,0.0942492037616728,0.302154512685027,0.0593404575934356,0.592683209000196,0.069238419726624,0.0644960127877988,0.0132572167319744,0.901487621147035,0.170396489774915,0.142444957797319,0.0561164630614458,0.126912989803455
4.8,0.949514266191835,0.980597962178507,10.3104093396755,0.966503539659897,0.966503539659896,21.5238975382551,0.0625939275065926,0.0988464675594203,0.617320929730439,0.149275880821963,0.0970668910994119,0.300795862391643,0.0587132213550383,0.585889642731092,0.0695919299856927,0.0625939275065926,0.0124326211680886,0.908308312509079,0.168529622413045,0.139745987296128,0.0548406999544962,0.125410576156065
4.9,0.95275642791913,0.983054987733342,10.3432497528954,0.966503539550554,0.966503539550554,21.5256284565736,0.0608194396107287,0.0979593164977685,0.602595391981383,0.154958858563947,0.100089256802622,0.299260316172953,0.05815675121879,0.579277302034067,0.0699152975755319,0.0608194396107287,0.0116918539697018,0.914992898901783,0.166787135089299,0.137222875455182,0.0536470322823231,0.123950493223089
5,0.955622108665522,0.985188524919828,10.3721334675307,0.966503539671403,0.966503539671404,21.5271091344512,0.0591640283382096,0.0971320523639241,0.588152178805513,0.160941744742893,0.103320461275339,0.297546511625101,0.0576692137388237,0.572858314909051,0.0702105189795146,0.0591640283382096,0.0110264710380506,0.921544196451751,0.165162956679645,0.134865480687347,0.052529276315531,0.122530964891678
5.1,0.958126705033845,0.987009359695287,10.3972624972215,0.966503539710852,0.966503539710852,21.5283859844778,0.0576194927993566,0.096360524759233,0.573989695033792,0.167226349670275,0.106763991486744,0.295653315025327,0.0572491700366847,0.566645015644205,0.0704795949473808,0.0576194927993566,0.0104281620738921,0.927964928443082,0.163651034433017,0.132664171436148,0.0514822898912805,0.121150444276833
5.2,0.96030985125514,0.988557847037407,10.4191084289185,0.966503539798989,0.966503539798989,21.529475794049,0.0561788208825479,0.0956411929530006,0.56010464913965,0.173814683527843,0.110423819932544,0.293578946084656,0.0568954063476738,0.560645080608579,0.0707246495830152,0.0561788208825479,0.00989096368830393,0.934257786401317,0.162246366102264,0.13061029212427,0.0505012464715807,0.119806602344238
5.3,0.962190784161104,0.989850976797649,10.4378525352344,0.966503539898749,0.966503539898749,21.5304093184736,0.0548348780682534,0.0949704505090935,0.546494579812425,0.180709218246152,0.114303127096834,0.291322467076512,0.0566070277482197,0.554868411545969,0.0709477843670813,0.0548348780682534,0.00940818298465836,0.940425404546524,0.160939967051819,0.12869331999905,0.0495824374032625,0.118501536763741
5.4,0.963786860541987,0.990902604256582,10.4536515451744,0.966503539954614,0.966503539954614,21.5312111695951,0.0535811267823186,0.0943449947888731,0.533156731913831,0.187912035359683,0.118404863750615,0.288882916350472,0.0563834543631016,0.549323493535862,0.0711511483271346,0.0535811267823186,0.00897400798047594,0.946470354217296,0.159713099073717,0.126897604906226,0.0487241918641245,0.117247744866818
5.5,0.96512027294765,0.991729889922173,10.4667514084637,0.966503539892658,0.966503539892658,21.5318914707369,0.0524119782741321,0.0937620072945054,0.520087609458757,0.195424131258319,0.122731971638261,0.286258865061761,0.0562244381936289,0.54401566615052,0.0713369684717369,0.0524119782741321,0.00858426500296204,0.95239513345789,0.158569799631024,0.125220745535411,0.0479216915920718,0.116034457108151
5.6,0.966208241491828,0.992351735912278,10.4773229801661,0.966503539864291,0.966503539864291,21.5324776537634,0.0513211601613122,0.0932183185327338,0.507284789143789,0.203249650530109,0.12728726555388,0.283450172277784,0.0561300167268956,0.53895509804728,0.0715074262100902,0.0513211601613122,0.00823313058389001,0.958202239342599,0.157505520104545,0.123655872706872,0.0471719700541211,0.114860095295852
5.7,0.967065212660025,0.992777384054498,10.4854961090659,0.96650353982621,0.96650353982621,21.5329779411955,0.0503037588214268,0.0927114521486145,0.494744774230471,0.211390112918664,0.132073153460839,0.280455931313055,0.0561005560290927,0.534146831511547,0.0716648036561028,0.0503037588214268,0.00791713879611041,0.963894066158261,0.156516396648898,0.122196886613751,0.0464724346407466,0.113722677605556
5.8,0.967704918672131,0.993017788308748,10.4914038218171,0.966503539793927,0.966503539793927,21.5334036907629,0.0493549055771119,0.0922389533618864,0.482464343996458,0.219848366381615,0.137092096286105,0.277275773924848,0.0561367584601913,0.529597278767715,0.0718114001579733,0.0493549055771119,0.00763266226617578,0.96947296981841,0.155599250192513,0.120838456822064,0.0458208666658798,0.112619818580419
5.9,0.968143946662087,0.993089683108444,10.4952604212202,0.96650353976664,0.96650353976664,21.5337700286913,0.0484696716875235,0.0917983351797203,0.470440646929383,0.228629242909137,0.1423471044363,0.273910003120136,0.0562397404814966,0.525314971435053,0.0719495469634581,0.0484696716875235,0.00737579948820168,0.974941264953296,0.154742572720996,0.11956869388649,0.0452114970846946,0.111557748345415
6,0.968392203552564,0.993000061617881,10.4971532976748,0.966503539774883,0.966503539774883,21.5340828259419,0.0476439950138507,0.0913875523316882,0.458670283736645,0.237735963484413,0.147840321990919,0.270358605455091,0.056410843960064,0.52130543194994,0.0720816154393029,0.0476439950138507,0.00714394107412208,0.980301198607903,0.153940730736749,0.118380697129539,0.0446411902229402,0.110537100484726
6.1,0.96846101969633,0.992758239932936,10.4972063985667,0.966503539802493,0.966503539802493,21.53435061878,0.0468737926820467,0.0910045476589687,0.447150141984015,0.247173580073885,0.153574720586069,0.266622325913683,0.0566519765019823,0.517576366511573,0.0722100704996547,0.0468737926820467,0.00693427607117098,0.985554977698655,0.153193896115322,0.11727249842598,0.044109413674023,0.109552981227556
6.2,0.968360763989473,0.99237262029441,10.4955359334784,0.966503539820027,0.966503539820027,21.5345808456402,0.0461552512637605,0.0906474004032535,0.435877133994093,0.256947850928738,0.159553461843166,0.262702284124948,0.0569654603454931,0.514135896755413,0.0723374378285657,0.0461552512637605,0.00674427911373892,0.990704759446612,0.152498877507149,0.116239607895877,0.0436142465863128,0.108604143638526
6.3,0.968099531316901,0.991849667873461,10.4922352144763,0.966503539828391,0.966503539828391,21.5347771598477,0.0454850566706169,0.0903144435727941,0.424848012788917,0.267064351541604,0.165779210346888,0.258599600117756,0.0573538260546575,0.510991006312004,0.0724662446209676,0.0454850566706169,0.00657209349826595,0.99575264251969,0.151852908842065,0.115278094056513,0.0431540290561196,0.10768919680246
6.4,0.967684626361872,0.991193762245342,10.4873499705292,0.966503539851514,0.966503539851514,21.5349485249309,0.0448595354061921,0.0900038269846982,0.414059894300522,0.277529098446012,0.172256332087676,0.254316891088123,0.0578210795970741,0.508153942885792,0.072599461581826,0.0448595354061921,0.00641499723826356,1.00070073847635,0.15125364932931,0.114384583822396,0.0427273621276936,0.106806605824386
6.5,0.967122113711901,0.990409417867191,10.4809555388345,0.966503539868571,0.966503539868571,21.5350963610453,0.044275913054486,0.0897141568906588,0.403509575462785,0.288348995492316,0.178987858213205,0.249856028058161,0.0583705950445365,0.5056325337447,0.0727397438865532,0.044275913054486,0.00627170300508205,1.00555104771832,0.150691060841113,0.113546064322192,0.0423263950252018,0.105960795192658
6.6,0.966416843063619,0.989499653547178,10.4731042801019,0.96650353986624,0.96650353986624,21.535222254773,0.0437315527473939,0.0894441090335758,0.393193934901141,0.299531368928316,0.185977295735041,0.245219500498568,0.0590064256034962,0.503436089283576,0.0728899064302399,0.0437315527473939,0.00614095895286388,1.01030553732499,0.150166538739856,0.112763902213146,0.0419526354284186,0.105147773806773
6.7,0.965572019750565,0.988465717764045,10.4638285030893,0.966503539837476,0.966503539837476,21.5353278156383,0.0432239577878231,0.0891924299220653,0.383109856959586,0.311084149953928,0.193228563154714,0.240410505893857,0.0597333723470337,0.501575496047356,0.0730529482475339,0.0432239577878231,0.00602157727690907,1.01496613907601,0.149677748952175,0.112034806183042,0.0416044183868182,0.104366528454303
6.8,0.96458611926837,0.987303305578462,10.4531038728319,0.966503539830036,0.966503539830036,21.5354221091799,0.0427499537303853,0.0889575208135207,0.373254121347656,0.323016687078522,0.200747513816864,0.235435098723706,0.0605589232809399,0.500070379131787,0.0732327518333404,0.0427499537303853,0.00591110351765939,1.01953482065891,0.149222570149655,0.111355776473644,0.0412801642531153,0.103616061642177
6.9,0.963460551240162,0.986012101300847,10.4409449447245,0.966503539821322,0.966503539821322,21.5355025116341,0.0423077874648326,0.0887385053328642,0.363623642134656,0.335337768565659,0.208537991962932,0.230296731254952,0.0614883203982774,0.498930788003581,0.0734323038716387,0.0423077874648326,0.00580924568924594,1.02401340191105,0.148799171053699,0.110724201939231,0.0409784425702779,0.102895333509522
7,0.962193799772513,0.984588482446329,10.4273321219529,0.966503539814072,0.966503539814072,21.5355693478848,0.0418955223181843,0.0885344132024384,0.354215285021655,0.34805713441407,0.216604848157293,0.22500042749255,0.0625283312653522,0.498171198987299,0.0736550556142491,0.0418955223181843,0.00571525246798015,1.02840369531567,0.148404706978365,0.110135892207306,0.0406973480811127,0.102203645247668
7.1,0.960785724063206,0.983031119814472,10.4122570050297,0.966503539809188,0.966503539809188,21.5356246007401,0.0415111146205673,0.0883442192512052,0.345026190490309,0.361179867526702,0.224952892746429,0.219552175509798,0.0636876549338342,0.497810620768842,0.0739050754206006,0.0415111146205673,0.00562809842614405,1.03270749944281,0.148034965091956,0.109584542127294,0.0404343309080586,0.101540743448646
7.2,0.959239842301688,0.981344021453662,10.3957441192738,0.966503539803595,0.966503539803595,21.5356739220002,0.0411521401931684,0.0881667043578865,0.336053999342241,0.374702131600975,0.233586672869199,0.213959305282045,0.0649780429517192,0.497875612202554,0.0741874581015099,0.0411521401931684,0.00554608631933382,1.03692662301052,0.14769008145093,0.109070362820537,0.0401889334090242,0.100905138404235
7.3,0.957550486127605,0.979519412225426,10.3777287110421,0.966503539802304,0.966503539802304,21.5357153214321,0.0408173326860116,0.0880012375606404,0.327295584178125,0.388635142886117,0.242511726637546,0.208228363603475,0.0664079943631274,0.498383308994259,0.074506022611089,0.0408173326860116,0.00546908397660943,1.04106274955571,0.147368599127131,0.10859111118935,0.0399599456867955,0.100295851944663
7.4,0.955714170452879,0.977552887413037,10.3581649125048,0.966503539807732,0.966503539807732,21.5357491783638,0.0405052219672486,0.0878470837975806,0.318748172188591,0.402983952345317,0.251733473038368,0.202366995036861,0.0679883363785077,0.499356447092415,0.0748653498614579,0.0405052219672486,0.00539654438839153,1.04511755721641,0.147069275022881,0.108144817679636,0.0397462705467225,0.0997118859527448
7.5,0.953731128859463,0.975444313822801,10.3370617169386,0.966503539815336,0.966503539815336,21.5357775088759,0.0402140749207896,0.0877033737454044,0.310408843049122,0.417747996214774,0.261254906073594,0.196385145851841,0.0697343084278387,0.500827967789124,0.0752717243607732,0.0402140749207896,0.00532758262354729,1.04909271679632,0.146791079870977,0.107729786280886,0.0395469234967194,0.0991522223638871
7.6,0.951601407051833,0.973193585797548,10.314427853573,0.966503539819739,0.966503539819739,21.5358022782537,0.039942258490805,0.0875692884478944,0.302274692619492,0.432925515101125,0.271078788318461,0.190293619304885,0.0716625264359387,0.502833690372495,0.0757318738724303,0.039942258490805,0.00526136672193252,1.05298986583179,0.14652963527558,0.107340454201198,0.0393603015547343,0.0986166727266417
7.7,0.949319656054012,0.970794968661427,10.2901983145771,0.966503539822902,0.966503539822902,21.535823151755,0.0396887235619755,0.0874443053961798,0.294343051128944,0.448519443931484,0.281210574583846,0.184102150058574,0.0737869366870173,0.505402545944253,0.0762512895823723,0.0396887235619755,0.0051976386916273,1.05681057402723,0.146284115180072,0.106975411695421,0.0391855995719752,0.0981042326000822
7.8,0.946882310135784,0.968244896659652,10.2643356425234,0.966503539822858,0.966503539822858,21.5358405953271,0.039452337898197,0.0873278592906341,0.286611182393333,0.464529292263301,0.29165438145216,0.177822058723438,0.0761243936930609,0.508570040755481,0.0768365418608291,0.039452337898197,0.00513599627939413,1.06055639090469,0.146054792640605,0.106634551301382,0.0390223067803582,0.0976136665070299
7.9,0.944285255737419,0.96553744456393,10.2368008046908,0.966503539823251,0.966503539823251,21.535855638557,0.0392316822600153,0.0872192387914551,0.279075632414498,0.480951767792743,0.302409569067238,0.171467692799834,0.0786997475802888,0.512391821844837,0.0774982439452098,0.0392316822600153,0.00507580232025984,1.06422886466334,0.14584088939638,0.106316568940072,0.0388697654800772,0.0971440206876966
8,0.941523972775395,0.962667686687241,10.2075491356121,0.966503539823672,0.966503539823672,21.5358686992168,0.0390257126156646,0.0871179225894369,0.271733426477365,0.497783850028095,0.313478253514257,0.165052780305726,0.0815348744327571,0.516915133914253,0.0782451300830053,0.0390257126156646,0.00501669077852521,1.06782948797747,0.145641794437465,0.106020379948381,0.0387274211147957,0.0966943325414389
8.1,0.938593491293458,0.959630666424795,10.176531581796,0.966503539822628,0.966503539822628,21.5358799438628,0.0388335569918136,0.0870234763081311,0.264581701911453,0.515021847366094,0.324863002215479,0.158591548389574,0.0846520414998098,0.522187575622764,0.0790858722047005,0.0388335569918136,0.00495841150744431,1.07135971462427,0.145457064004791,0.105745119079103,0.0385948222716458,0.0962636306267588
8.2,0.935488359091952,0.956420626762775,10.1436956312179,0.966503539819748,0.966503539819748,21.5358895571116,0.0386543637726509,0.0869354755159375,0.257617433856959,0.53266069296736,0.336565112976003,0.152099558650132,0.0880764201516144,0.528263638314759,0.0800304365171839,0.0386543637726509,0.00490071432412074,1.07482097190055,0.145286421590155,0.105490140500934,0.0384716206812293,0.0958509346613035
8.3,0.932211339396544,0.953040969681422,10.1090327812168,0.966503539817835,0.966503539817835,21.5358981403623,0.0384869629310729,0.0868533347849373,0.250837170668985,0.550690534543711,0.348580733391261,0.145592827958055,0.0918428019210164,0.535231856210167,0.0810977215025052,0.0384869629310729,0.00484305161886639,1.07821471257962,0.145126391173464,0.105251233562153,0.0383561124613048,0.0954563412727896
8.4,0.928755615429357,0.949484643658874,10.0724802646774,0.966503539816357,0.966503539816357,21.5359056134152,0.0383307187977323,0.0867767384537703,0.2442378625297,0.569104459803392,0.360910611794561,0.139088758835953,0.0959792085910484,0.543152327101818,0.0822984850103066,0.0383307187977323,0.00478530896411688,1.08154229544621,0.144974545282661,0.105025397603643,0.038247078722937,0.0950796540376115
8.5,0.925117243711259,0.945747868563396,10.0339898223855,0.966503539816004,0.966503539816005,21.5359119831229,0.0381849332903264,0.0867053391782928,0.237816281582696,0.587893090157947,0.373553273510475,0.132605488375231,0.100518361912032,0.552100435586203,0.0836472919372275,0.0381849332903264,0.00472729383180103,1.08480506889853,0.14483288699893,0.104814643327718,0.0381452509310857,0.0947192928143601
8.6,0.921290696766484,0.941824834023855,9.99350349776102,0.966503539816936,0.966503539816937,21.5359173521622,0.0380489056276329,0.0866387880168892,0.231569270843631,0.607043108485094,0.386505518667041,0.12616089163441,0.105494009809585,0.56216290405676,0.0851627438185923,0.0380489056276329,0.00466879846006824,1.08800436088485,0.144701005016899,0.104618299095973,0.0380503451182177,0.0943745011757878
8.7,0.91726241805214,0.937699105013208,9.9509196145813,0.966503539815978,0.966503539815978,21.5359226089495,0.0379216515778155,0.0865765923131817,0.225494202792879,0.626527002113514,0.399758503179933,0.119768207220965,0.110936643496211,0.573459994685598,0.0868785599270379,0.0379216515778155,0.00460940417438303,1.09114151172801,0.144578592425196,0.104435842034882,0.0379621532255465,0.0940445341245698
8.8,0.913030989652279,0.933370598543417,9.90619915057781,0.966503539815429,0.966503539815429,21.5359272079918,0.0378028149279772,0.0865185770660163,0.219587535505644,0.646335888322572,0.413310418389831,0.113449988873945,0.116886806950905,0.58607353031969,0.0888079378241461,0.0378028149279772,0.00454911942317345,1.09421776715948,0.144465446706447,0.104266898035801,0.0378805431030323,0.0937286580933043
8.9,0.908589895735586,0.928832527735425,9.85927482406767,0.966503539815535,0.966503539815535,21.5359310669346,0.0376918884866474,0.0864644906145125,0.213846046671293,0.666451459666718,0.427155654270411,0.107226181589918,0.123383721825525,0.600108412216307,0.0909740130083113,0.0376918884866474,0.00448783447362273,1.09723436973897,0.144361469737277,0.104111241754962,0.0378054585093826,0.0934261509445122
9,0.903932298419245,0.92407779010638,9.81007628403318,0.966503539816571,0.966503539816571,21.5359340409315,0.037588429926728,0.0864141138939968,0.208266491673952,0.686853757304317,0.441287802063233,0.1011174254642,0.130468439231127,0.615675574841942,0.0934014192213897,0.037588429926728,0.00442547250337995,1.10019253352412,0.144265024450061,0.103966683897784,0.0377357796527062,0.0931367339392323
9.1,0.899053569963583,0.919102117139847,9.75854918255723,0.966503539818242,0.966503539818242,21.5359362943485,0.0374918967755841,0.0863671768950104,0.202846022945395,0.707510189134281,0.455695368400317,0.0951396230381559,0.138160922025147,0.632889919919302,0.0961246471281582,0.0374918967755841,0.00436188805034342,1.10309346327771,0.144172627225177,0.103828675750862,0.0376691099011808,0.092860652594924
9.2,0.893954268261661,0.91390777523093,9.70467758614666,0.966503539818969,0.966503539818969,21.5359387375396,0.0374014525179168,0.0863232604973345,0.197582682731345,0.728362625408832,0.470356739125844,0.0892975555870897,0.146433115042688,0.651867888801259,0.0991978662957686,0.0374014525179168,0.00429674768470397,1.10593837703741,0.144086564494481,0.103700101272959,0.0376070569903775,0.0925966745818241
9.3,0.888624592020069,0.908484230877351,9.64836689248958,0.966503539819598,0.966503539819598,21.535940745004,0.0373169795705006,0.0862823093174646,0.192472828737658,0.749394814988905,0.485266489749807,0.0836182334807149,0.155349634005855,0.672740145092255,0.102643612329088,0.0373169795705006,0.00423015341274279,1.10872838820495,0.14400651783187,0.103580510107395,0.0375494260210702,0.0923442911552197
9.4,0.883058834088656,0.902826127882329,9.58955269262286,0.966503539819955,0.966503539819955,21.5359422770077,0.0372381374341185,0.0862441548710514,0.187513527724229,0.770569702764462,0.500410922399785,0.0781198875396872,0.164936955176646,0.69563978254531,0.106500496769575,0.0372381374341185,0.00416206304573201,1.11146461517776,0.143932222587047,0.103469535586382,0.0374960629050901,0.0921030183058411
9.5,0.877251229995429,0.896928123718811,9.52816950218667,0.966503539819833,0.966503539819833,21.5359432701852,0.0371646332228755,0.0862086525361143,0.182701867987183,0.791847434124538,0.515775092401863,0.0728208757237968,0.175220988331571,0.720705712136493,0.110809503264819,0.0371646332228755,0.0040924566887873,1.11414814985919,0.143863467885517,0.103366894731028,0.0374468543653268,0.0918723967598616
9.6,0.871200621773622,0.890790110859612,9.46420508091233,0.96650353981935,0.96650353981935,21.5359438398962,0.0370960776001651,0.0861756086053753,0.178034806002349,0.813194533194745,0.53133948300349,0.0677312385802119,0.186171303538402,0.748042064696683,0.115619014904311,0.0370960776001651,0.00402127791914584,1.11678007346091,0.143800096628593,0.103272388251336,0.0374017279357273,0.0916519919788978
9.7,0.864912226285339,0.884419196482363,9.39772102824756,0.96650353981909,0.96650353981909,21.5359443569505,0.0370319301557522,0.0861447526276247,0.173509108279022,0.834587382832154,0.547078744570684,0.062849497430836,0.197679984336721,0.777702798126887,0.120986720370023,0.0370319301557522,0.00394841148348675,1.11936146249444,0.143741677736984,0.103185390712702,0.037360367684619,0.0914413834804744
9.8,0.858380816066346,0.877810872791504,9.32865689103807,0.966503539818803,0.966503539818803,21.5359447178489,0.0369720189437646,0.0861160004788239,0.169121904409478,0.855979125155968,0.562973686531907,0.0581931079513983,0.2097627626607,0.809838103649295,0.126961483860122,0.0369720189437646,0.00387389542665166,1.12189333178317,0.143685681295026,0.103102011925942,0.0373206314418837,0.0912401053773668
9.9,0.851606148404544,0.870966290453005,9.25700986565385,0.966503539818599,0.966503539818599,21.535945014229,0.0369160638836996,0.0860892130334155,0.16487017972813,0.877330025397751,0.579000276549498,0.0537705235327966,0.222374507401463,0.844560099802697,0.133599976742956,0.0369160638836996,0.00379772649502934,1.12437668674038,0.143633413837191,0.103024329437747,0.0372836987182371,0.0910478397715352
10,0.844030785038594,0.863167294725644,9.17924165968703,0.966503539818562,0.966503539818562,21.5359453312572,0.0368637643205041,0.0860642419629456,0.160750451074245,0.898625742494687,0.59513471241036,0.0495839162945917,0.235427353461134,0.881928421310242,0.1409565565791,0.0368637643205041,0.00371968676362949,1.1268125558833,0.143584623411326,0.102951996568124,0.0372493914536155,0.0908642409668156
10.1,0.833976678024882,0.852277365631896,9.08281772516421,0.96650353981866,0.96650353981866,21.5359457037229,0.0368147809730499,0.0860409239977699,0.15675908190495,0.919859642184342,0.611355083905434,0.0456283759978954,0.248778648830239,0.921908450636136,0.149076513814865,0.0368147809730499,0.0036388200415236,1.12920209295789,0.143539086876266,0.102884711492562,0.0372175507459973,0.0906889871890394
10.2,0.819568449314194,0.83602875219514,8.94643052788241,0.966503539818706,0.966503539818705,21.5359460617548,0.0367688631668753,0.0860191502450421,0.152894921635194,0.940883392331908,0.627637159082602,0.0419096484744279,0.262332682242394,0.964462997106246,0.157997095209337,0.0367688631668753,0.00355268932247266,1.13154671273585,0.143496609901837,0.102822217242039,0.0371880368514035,0.0905217805860341
10.3,0.80095546125004,0.814901412001681,8.75910042546043,0.966503539818689,0.966503539818689,21.5359463673269,0.0367257586864941,0.0859988216515551,0.149155499372538,0.96163169052412,0.643949710450056,0.0384280885459378,0.275994370924795,1.00954194003169,0.167736876242699,0.0367257586864941,0.00345721337036293,1.13384814688613,0.143457026968856,0.102764301703016,0.0371607291838974,0.0903623472276227
10.4,0.779200559433479,0.790491297269648,8.52832350459738,0.966503539818659,0.966503539818659,21.5359466141966,0.0366852341086092,0.0859798426512499,0.14553688342295,0.982132885820631,0.660261922334071,0.035180711711458,0.289670064136453,1.05707297714146,0.178305912560747,0.0366852341086092,0.00334931828534925,1.13610797199613,0.143420201369128,0.102710797617438,0.0371355263155848,0.090210437105624
10.5,0.755629920313035,0.764611767871567,8.27046051991689,0.966503539818656,0.966503539818656,21.5359468131154,0.0366470889719859,0.0859621228645023,0.14203549121728,1.00238866676902,0.676545551792102,0.0321630615920286,0.303266431005209,1.1069595528662,0.189705441343721,0.0366470889719859,0.00322779984780333,1.13832744070556,0.143385125802152,0.10265984194769,0.0371116390267663,0.0900650129167583
10.6,0.73123843722417,0.738476831896046,8.00370292832977,0.966503539818676,0.966503539818676,21.5359469862859,0.0366111606442635,0.085945574296166,0.138648729006836,1.0223314075847,0.692774171302488,0.0293697281775553,0.316689125385159,1.15907662526135,0.201930416170743,0.0366111606442635,0.00309412789420227,1.14050731611335,0.143352113797217,0.102612116984135,0.0370893128096491,0.0899262266165157
10.7,0.706292306732606,0.71226782355758,7.73314023071837,0.966503539818684,0.966503539818684,21.535947139197,0.0365773292524709,0.0859301188686753,0.135375048566358,1.04183209613121,0.708917421091206,0.0267947045928345,0.329852523803749,1.21326897435028,0.214967304232689,0.0365773292524709,0.00295156435402424,1.14264798112554,0.14332105268755,0.102567469287432,0.0370684546693997,0.0897938436886234
10.8,0.68105844970993,0.686214659154172,7.46031898561033,0.966503539818681,0.966503539818681,21.5359472725062,0.0365454797531119,0.0859156839000183,0.132211109477663,1.06089842672646,0.724942656054751,0.0244288396888688,0.342681021034736,1.26937212765124,0.228795368338971,0.0365454797531119,0.00280281923777924,1.14474987016817,0.143291813968543,0.102525703863865,0.0370489556743138,0.0896676132677815
10.9,0.655724806297419,0.660453174434075,7.18671522542661,0.966503539818676,0.966503539818676,21.5359473874351,0.0365155113020406,0.0859022044440616,0.129153790531215,1.07952076193012,0.740819355070422,0.0222617028132542,0.355115612310572,1.32719939757413,0.243379561359989,0.0365155113020406,0.00265038880717893,1.14681337839069,0.143264289855671,0.102486654916698,0.0370307196911084,0.0895473011130913
11,0.63048902630109,0.635139316280885,6.914551565827,0.966503539818672,0.966503539818672,21.5359474860035,0.0364873228042086,0.0858896162511752,0.126200786886363,1.0976235824884,0.756514545243991,0.0202843121142892,0.367101827704262,1.38656472330468,0.258680517012402,0.0364873228042086,0.0024966254135441,1.14883891560748,0.143238393284493,0.102450185846171,0.0370136633849215,0.0894326896080548
11.1,0.605488103435376,0.610371414555867,6.64553943905575,0.966503539818672,0.966503539818672,21.5359475697888,0.0364608233594858,0.0858778620002999,0.123350233654338,1.11509863734304,0.77199339395572,0.0184873453970194,0.378602922047066,1.44726750616871,0.274643775784523,0.0364608233594858,0.00234348946691459,1.15082689012013,0.143214057910655,0.102416189249501,0.0369977162193123,0.0893235777605751
11.2,0.580827231937348,0.586212334774039,6.3811782259742,0.966503539818673,0.966503539818673,21.5359476411937,0.036435925318652,0.085866888278493,0.120598903331402,1.13197350128781,0.787221672039805,0.0168579946377025,0.38959415246837,1.50910558849374,0.29120664487,0.036435925318652,0.00219251884868052,1.15277774086697,0.143190940209122,0.102385210624881,0.036981878293598,0.0892192795428947
11.3,0.556579250292668,0.562688010784878,6.12224373848284,0.966503539818617,0.966503539818617,21.5359477021041,0.0364125433489826,0.0858566437176633,0.117944142842971,1.14821797080937,0.80216756257062,0.01538523446201,0.40005747091692,1.57188029579573,0.308306638731819,0.0364125433489826,0.00204509422493102,1.15469191688084,0.143169046923193,0.102357134704293,0.036966204758824,0.0891196805055718
11.4,0.532780969950027,0.539792172766823,5.86899931156627,0.966503539605502,0.966503539605502,21.5359477534822,0.0363905980621065,0.0858470821165419,0.115383535440496,1.16378778546273,0.816798860606561,0.0140579419238351,0.409988641783845,1.63539772052886,0.325872993614435,0.0363905980621065,0.00190219620461373,1.15656989021554,0.143148403459728,0.102331879722369,0.0369507570603377,0.0890246793604089
11.5,0.509451317671152,0.517509077029575,5.6213431565727,0.966503538624481,0.966503538624481,21.5359477946785,0.0363700149966852,0.0858381614304089,0.112915209254986,1.17859663648271,0.83108180845682,0.0128654606952808,0.419393292560721,1.6994736469841,0.343828488243761,0.0363700149966852,0.00176450931270789,1.15841215144836,0.143128980956577,0.102309550112656,0.0369353722759392,0.0889340651631923
11.6,0.486656577060453,0.49585961094304,5.38001836793685,0.966503536830795,0.966503536830795,21.5359478274695,0.0363507102602794,0.0858298315031741,0.110536485957546,1.19261947292699,0.844984156549774,0.0117964543158633,0.428256510754264,1.76390941379578,0.362108058455928,0.0363507102602794,0.00163332175162571,1.16021915412676,0.143110767791207,0.102290286792608,0.0369198892742701,0.0888476377330586
11.7,0.464384325373869,0.474816302539405,5.14464963649495,0.966501770141352,0.966501770141352,21.5359434420172,0.0363326190273071,0.0858220595396084,0.108244695312377,1.20588610983529,0.858477853935234,0.0108401668353239,0.436604384351561,1.82782678370319,0.380629042444005,0.0363326190273071,0.00150855574527194,1.16199145064175,0.143093769580704,0.10227426716358,0.0369041487148143,0.0887652076524949
11.8,0.442663223831424,0.454375529523441,4.91540343731156,0.966496481345095,0.966496481345095,21.5359321142986,0.0363156661965873,0.0858148032836699,0.106037346532396,1.21837631823874,0.871531863672661,0.00998562984574406,0.444441339545785,1.89052770622079,0.399317204774062,0.0363156661965873,0.00139088522235365,1.16372953746401,0.143078009181771,0.102261705110834,0.036887993047897,0.088686596267339
11.9,0.421531516584675,0.434578801333029,4.69276870238034,0.966282945984106,0.966282945984106,21.5357443632027,0.0362997892316284,0.0858080316465254,0.103912995494616,1.23001758667582,0.88411889460334,0.009223745733858,0.451855865864447,1.90547292357914,0.418034065842048,0.0362997892316284,0.00128015151504585,1.16543397414271,0.143062912397424,0.102328955193429,0.0367993401026812,0.0886107245066641
12,0.400987894500439,0.415411340142156,4.48918837695408,0.958322424309771,0.958322424309772,21.5289220783445,0.0362849283052066,0.0858017145652645,0.101886299267451,1.24044189431906,0.89615429293572,0.00854498387996355,0.460948594509012,0.863981734797955,0.433928069203801,0.0362849283052066,0.0011762801457031,1.1671053090938,0.143049172741377,0.10404445083293,0.0351745407942416,0.0885282175120055
12.1,0.381057676960099,0.396887061495741,4.40129617754832,0.910781767083498,0.910781767083499,21.447489426743,0.0362710340079949,0.0857958219756885,0.100100404166149,1.24693244272066,0.907325731257774,0.0079293239929277,0.478022436070393,0.0410743374367217,0.427588187068656,0.0362710340079949,0.00108008656482869,1.16874394474692,0.14303642624435,0.111934157355553,0.0282102229764899,0.0883757604872289
12.2,0.361724633514016,0.37897130770103,4.42813954865367,0.850663204481369,0.850663204481369,21.2188341928984,0.0362580753280246,0.0857903279533246,0.0986865734470188,1.24717650873213,0.917319679770523,0.00736592909211984,0.496308927234696,0.0285947702837826,0.417371999493526,0.0362580753280246,0.00099321734452294,1.17035010541946,0.143024532660687,0.120998663790537,0.0214423088619663,0.0881266606572192
12.3,0.343009454223818,0.361685668262077,4.48086970900576,0.793720049011473,0.793720049011461,20.8595746555139,0.0362460098309863,0.0857852072137287,0.0976290177944286,1.24187763239971,0.925715913207713,0.00686030367540329,0.513725165696333,0.028717743811559,0.407393973091402,0.0362460098309863,0.000916214351162202,1.17192417848019,0.143013463430576,0.129472515594992,0.0162941213891659,0.087823994423951
12.4,0.325042660160738,0.345187520914675,4.53557994834328,0.740546181730778,0.740546181730753,20.4007723902351,0.0362347846620015,0.0857804334485248,0.0968917495299922,1.23204085517101,0.93218975388736,0.00641688023165136,0.530280120547729,0.0288403009404735,0.397655969924246,0.0362347846620015,0.000848903702995058,1.17346670398294,0.143003177162938,0.137396739640796,0.0124179363715765,0.0874961243103959
12.5,0.307741271848829,0.329353931510123,4.58834038985133,0.69091527988571,0.690915279885521,19.8661284548015,0.036224355050027,0.0857759845572119,0.0964411749668869,1.2184358732685,0.936577629798276,0.00603693263134868,0.546029393652841,0.0289097318139078,0.38815211909056,0.036224355050027,0.00079111355899918,1.17497816481207,0.142993631015578,0.144826647294766,0.00949915829870893,0.0871616749594546
12.6,0.291150750375336,0.314238350040541,4.63818860419812,0.644611729284057,0.644611729283302,19.2741162678283,0.0362146836150042,0.0857718414186632,0.0962479637660232,1.2016617108928,0.938810379317145,0.00571942968594585,0.561021661627563,0.0289240813634397,0.378877068613568,0.0362146836150042,0.000742811142932509,1.17645898178706,0.142984787811101,0.151810382235841,0.00730748721236104,0.0868304551629386
12.7,0.275261266084512,0.299820412464978,4.68477069999576,0.601413888207935,0.601413888206491,18.641884689148,0.0362057338243493,0.0857679846056609,0.0962837941314742,1.18227105025925,0.938870847541059,0.00546170730134418,0.575306417128648,0.0288942115837308,0.369825141571784,0.0362057338243493,0.000704082377961461,1.17790958179047,0.142976613966115,0.158389734002925,0.00566053651919179,0.0865080503400083
12.8,0.260077000660936,0.286100729055058,4.7282998547422,0.561133378727264,0.56113337872524,17.9816477987542,0.036197478993729,0.0857643979944383,0.0965262160235613,1.16064524126547,0.93680667261365,0.00526011005130437,0.588925378401021,0.0288260390923769,0.360991233801804,0.036197478993729,0.000675289532292174,1.17933029805389,0.142969081264231,0.164599384955303,0.00442088112900688,0.0861972419149108
12.9,0.245604216252994,0.273081768284746,4.76896121801116,0.523552704372339,0.523552704370108,17.3077185422556,0.0361898880376985,0.0857610629414961,0.0969494337008948,1.13723443693472,0.932666845051012,0.00511054369205586,0.601926729286533,0.0287270986695786,0.352369474160195,0.0361898880376985,0.000656832572710365,1.18072151662855,0.142962167512623,0.170468290983195,0.00348792146053802,0.0858991312194892
13,0.231846695064915,0.26076502221752,4.8072413850798,0.488501536690968,0.488501536688724,16.6281395636265,0.0361829473426646,0.085757965746444,0.0975373857725177,1.1122890066097,0.926560647976244,0.00500880018382369,0.614347618686801,0.0286029726040966,0.343954817809815,0.0361829473426646,0.000649724749919976,1.1820834392687,0.142955857798072,0.176020935357946,0.00278815131622573,0.0856139982676085
13.1,0.21880907829869,0.249152334477294,4.8435238804042,0.455793532730623,0.455793532728536,15.9530901219741,0.0361766373351554,0.0857550910282794,0.0982706962061546,1.08612740210508,0.918576724732153,0.00495071215980624,0.626228943473157,0.0284599088539742,0.335741940476844,0.0361766373351554,0.000654769278954835,1.18341633056744,0.142950143839504,0.18127912345389,0.00226409824540192,0.0853418774738029
13.2,0.206470906809172,0.238216163794234,4.87837297786262,0.425286449176411,0.425286449174518,15.285773594887,0.0361709673647028,0.0857524290689738,0.0991418064237732,1.05887460545153,0.90886958842014,0.00493263896946564,0.637600699022202,0.0283000421502732,0.327726023558026,0.0361709673647028,0.000674124212582635,1.18472013078804,0.142945025527925,0.186262127319233,0.00187214322098215,0.0850825157937611
13.3,0.194825448914025,0.22794497592548,4.91218183973715,0.39681033686438,0.396810336862673,14.633936676889,0.0361659293210715,0.0857499666503359,0.100135543972354,1.03078303458686,0.897547554139747,0.00495073205988493,0.648499720610631,0.0281281406450106,0.319901941756042,0.0361659293210715,0.000709136471159819,1.18599497196799,0.142940512406072,0.190987016593492,0.00157990326838437,0.0848354721388905
13.4,0.183817354999778,0.218270525136013,4.94497531880008,0.370248691842993,0.370248691841459,13.9983231511827,0.0361615586204469,0.085747698107358,0.101249248108917,1.00192077971208,0.884755062606727,0.00500285652791073,0.658949490625756,0.0279453459887864,0.312265269476187,0.0361615586204469,0.000763277924948829,1.18724045594176,0.142936625388406,0.195469155647106,0.00136306241826719,0.0846002475133034
13.5,0.173435098618275,0.209178010803152,4.97709766942182,0.345455999088899,0.345455999087485,13.3835374065868,0.0361578695306661,0.0857456138795543,0.102473398871635,0.972459069071677,0.870615678659927,0.00508594339429828,0.668980693914573,0.027754959228864,0.304811198253218,0.0361578695306661,0.000839008522225471,1.18845643579183,0.142933398006633,0.199722589159072,0.00120299476400473,0.0843763331525042
13.6,0.163695444286587,0.200695865492324,5.00879350121443,0.322328997537932,0.322328997536624,12.7898319730198,0.0361549264343553,0.0857437116678179,0.103806957308675,0.94247015260868,0.855248270653452,0.00519895532258574,0.678613186818692,0.0275587761729783,0.297535518868091,0.0361549264343553,0.000941362693488141,1.18964210560276,0.142930878896448,0.20376026979924,0.00108549818583882,0.084163261924762
13.7,0.15457094703871,0.192790940455333,5.04038693202734,0.300745161040942,0.300745161039713,12.2195530782334,0.0361527779450554,0.0857419864482388,0.105245051040045,0.912094096768519,0.838774531949881,0.0053398991645446,0.687871825622913,0.02735897533152,0.290433749328099,0.0361527779450554,0.00107459947450269,1.19079685590707,0.14292913519101,0.207594075616283,0.0010000079803981,0.0839605311998591
13.8,0.146019799476841,0.185413791880432,5.0723242176302,0.280610126639693,0.280610126638538,11.6727976950523,0.0361515269404377,0.0857404397596503,0.106788019640585,0.881468432235703,0.821302573309965,0.00550830339686567,0.696774264290332,0.0271566620002317,0.283501822172815,0.0361515269404377,0.00124587238208879,1.19191932836562,0.14292825619904,0.211235013088193,0.000938597149777836,0.0837676459009013
13.9,0.138027470852689,0.178550497968934,5.10498914150705,0.261821005794478,0.261821005793393,11.1504885886802,0.0361512761782218,0.0857390725106646,0.108433866800027,0.850698977970727,0.802945450934386,0.00570310871207041,0.705340076725243,0.0269534045731323,0.276735550841085,0.0361512761782218,0.00146234142309899,1.19300815186435,0.142928360539944,0.214693310244127,0.000895364262196776,0.0835841346443839
14,0.130575730415085,0.172183692648862,5.13885846069913,0.244291242488822,0.244291242487804,10.6525110054518,0.0361521790215719,0.085737891004549,0.110182921089099,0.819880753021575,0.783807319367408,0.00592405568026912,0.713584464247494,0.0267501701488828,0.270130997307074,0.0361521790215719,0.00173389400444139,1.19406123937079,0.142929595984544,0.2179786422569,0.000865636131490113,0.0834095457544919
14.1,0.123631659820171,0.166276888680516,5.17420633263711,0.22793520363314,0.227935203632188,10.1788696519143,0.0361544258896684,0.0857369047128846,0.112035078610514,0.78910153785564,0.763990650866377,0.00617072708949013,0.721522214794232,0.0265479821542218,0.263684251867127,0.0361544258896684,0.00207232225411369,1.19507596226323,0.142932151304243,0.221100128756184,0.000845885963226187,0.0832434661363174
14.2,0.117162451727684,0.160794321516179,5.21131772952576,0.212673219490058,0.21267321948917,9.72924202910206,0.0361582322875764,0.0857361256284619,0.11399089493337,0.758440122209889,0.743594580391816,0.00644295689837042,0.729166460235475,0.0263476712393533,0.257391498282217,0.0361582322875764,0.00249076226421858,1.1960493335428,0.142936263841621,0.22406627204653,0.000833590408434735,0.083085484132366
14.3,0.111146176121787,0.15571572169515,5.2502604586736,0.198435208027197,0.19843520802637,9.30304460421392,0.0361639276563658,0.0857355760095361,0.116052073073478,0.72804864469347,0.722716417432283,0.00674095809960304,0.736528545660133,0.0261487452894193,0.251249094865963,0.0361639276563658,0.00300800563858371,1.19697671322098,0.142942219991352,0.226885177646558,0.00082675171300402,0.0829352033424467
14.4,0.105556952642364,0.151015147207973,5.29118675487746,0.185147195608314,0.185147195607544,8.89980474477462,0.0361717967378867,0.0857352740784756,0.11821985918424,0.698051875190142,0.701454320746204,0.00706479159515556,0.743620566587106,0.0259512211422328,0.24525332955645,0.0361717967378867,0.00364062038720812,1.1978541096296,0.142950373148003,0.229564493295461,0.000823943078163794,0.0827922456715881
14.5,0.100370111431204,0.146669214146408,5.33407540156135,0.172753065190828,0.17275306519011,8.51860978284387,0.0361823855144354,0.0857352614189463,0.120496672653167,0.668564026361852,0.679904506618605,0.00741494985228652,0.750449923999567,0.0257546436088247,0.239400821770109,0.0361823855144354,0.00441747956124202,1.19867375626982,0.142961183078448,0.232111388030311,0.000824164339374715,0.0826562590568198
14.6,0.0955600811473084,0.142652640149642,5.3790321163729,0.161184547720685,0.161184547720016,8.15885817897471,0.0361960709665793,0.0857355644764242,0.12288404709576,0.639698203454773,0.658164002001078,0.00779158853797405,0.75702708835918,0.0255592332050676,0.233687967752659,0.0361960709665793,0.00535940125682632,1.19943033304849,0.142975188144878,0.234532763041626,0.000826595035391182,0.0825269064765207
14.7,0.0911023871979181,0.138942086130939,5.42607844762618,0.150391745024391,0.150391745023767,7.81960309954816,0.036213593607715,0.0857362419570299,0.125383701809006,0.61146072000799,0.636319683022247,0.00819477542827233,0.763356131652438,0.0253692710423618,0.228111532121295,0.036213593607715,0.00650318245780384,1.20011332563372,0.142993005187177,0.236835394422865,0.000830469638670252,0.0824038595574451
14.8,0.0869734466278315,0.135515205426282,5.47527772083651,0.140320878870365,0.140320878869782,7.49998311975539,0.0362356379933612,0.0857373475877877,0.127997414683815,0.583896855299016,0.614459207246874,0.00862465164848551,0.769442706326643,0.0251861314318634,0.222668202874502,0.0362356379933612,0.00788284208716984,1.20071304249403,0.143015373470432,0.239025664018386,0.000835319205180624,0.0822868121144773
14.9,0.0831561683354627,0.132357676658884,5.52684583940346,0.13092368837792,0.130923688377375,7.19915519960798,0.0362631574066548,0.0857389587820959,0.130727154608013,0.557073424388827,0.592656553588421,0.00908143064248843,0.775291223485349,0.0250025231362816,0.21735479687671,0.0362631574066548,0.00954206209652668,1.20121610089409,0.143043275510082,0.241109593986465,0.000840837136492063,0.0821754778487314
15,0.0796297435517595,0.129450415039249,5.58087429815817,0.122155670696921,0.122155670696412,6.91620034273586,0.0362971954335577,0.0857411610542201,0.133574892114967,0.531025417900739,0.570985478911178,0.00956529423391568,0.780904680763682,0.0248182450286832,0.212168209475141,0.0362971954335577,0.0115277758982579,1.20160789356309,0.143077642466128,0.243093275501068,0.000846690177159371,0.0820695667792177
15.1,0.076369513545123,0.126768700073366,5.63732399842678,0.113974580702764,0.113974580702286,6.65026721868817,0.0363390661782557,0.0857440640291885,0.136542900307599,0.505832559780451,0.549512255832252,0.0100766070016324,0.786286151457355,0.0246390622508773,0.20710540746434,0.0363390661782557,0.013894145841472,1.2018703221478,0.143119976897569,0.244982102344768,0.000852839007593731,0.0819688337490161
15.2,0.0733584574305288,0.12429781734341,5.69620436077115,0.106341676968028,0.106341676967577,6.40047496571744,0.0363902333090376,0.0857477909016475,0.139633272429809,0.4815404841818,0.52830009197271,0.0106156221679224,0.791437192529337,0.0244633762906215,0.202163433083487,0.0363902333090376,0.016699026563325,1.20198340675462,0.143171470326305,0.246781923431751,0.000859036254011802,0.0818730063629624
15.3,0.0705844626978705,0.122029166941137,5.75740347469982,0.0992199593209184,0.0992199593204901,6.16599357069088,0.0364524345694063,0.0857524898676221,0.142847983324282,0.458187371636385,0.507410184790194,0.0111825688607161,0.796358717865336,0.0242874272568544,0.197339384159728,0.0364524345694063,0.0200046688385912,1.20192391977231,0.14323413969095,0.24849794369103,0.000865252471405185,0.0817818641588791
15.4,0.0680282342532302,0.119944370299024,5.82082847402561,0.0925753610343363,0.0925753610339285,5.9459967616173,0.0365276457271807,0.0857583312119033,0.146188289411801,0.435786752618737,0.486896670718076,0.0117773802892499,0.801049975025747,0.0241146148135922,0.192630445920293,0.0365276457271807,0.0238764336945954,1.20166608607388,0.143310097899447,0.250135570526941,0.000871410384345819,0.0816951793739528
15.5,0.0656694989527038,0.11802341376944,5.88634787205568,0.0863757777490045,0.0863757777486171,5.73969301682195,0.0366181305642765,0.0857655120267248,0.149654699051983,0.414318941360336,0.466809776827943,0.0123996912951645,0.805508731562449,0.0239505186851478,0.188033872341336,0.0366181305642765,0.0283822482847609,1.20118107443958,0.143402242487651,0.251699915942881,0.000877535631210838,0.0816127590062413
15.6,0.0634984360215061,0.116259784703641,5.95389952570803,0.0805913221616338,0.0805913221612674,5.54631541148737,0.0367264904995444,0.085774262032176,0.153249780543732,0.39381554770526,0.447193496201582,0.0130500030716204,0.809734616790177,0.023786772613332,0.183546967559454,0.0367264904995444,0.0335893994024172,1.20043743866036,0.143511967303124,0.253196546058734,0.000883484982562177,0.081534348859428
15.7,0.0615056531252988,0.114647210134364,6.02341682185171,0.0751942908108202,0.0751942908104764,5.36512421882707,0.0368556177106784,0.0857848382696655,0.156975974506544,0.374294939847447,0.428086843865497,0.0137287740825794,0.813726481046247,0.0236145272590721,0.179167103627137,0.0368556177106784,0.0395671101132769,1.19940086027193,0.143641928550765,0.25463080754208,0.000889216533365254,0.0814597414239915
15.8,0.0596739965178802,0.113168127127709,6.09478315455424,0.0701615095916164,0.0701615095912944,5.19546415322234,0.0370093423645302,0.0857975929024911,0.160832222579692,0.355714756913184,0.409513099215248,0.0144353798652609,0.817478412419517,0.0234481395142812,0.174891817210893,0.0370093423645302,0.0463695334544431,1.19803282063555,0.143797691528027,0.25600785616715,0.000894843179641904,0.0813888276600081
15.9,0.057991064714304,0.111812377501172,6.167912524482,0.0654644227321604,0.0654644227318599,5.03658748371381,0.0371904640163176,0.0858127748279198,0.164820235807609,0.338082783400806,0.391512958227088,0.0151700099698117,0.820988704711006,0.0232842581514576,0.170718459407797,0.0371904640163176,0.0540636484019812,1.19630030969165,0.143980593437669,0.257333125153851,0.000900252828516838,0.0813213554111781
16,0.0564478208657223,0.110572699343012,6.24267155278401,0.0610825347941691,0.0610825347938894,4.88788882120591,0.0374033736776378,0.0858307971822885,0.168940183497963,0.321375937234359,0.374102012139478,0.0159326354543227,0.82425226377787,0.0231219336319056,0.166644670010023,0.0374033736776378,0.0626876918423311,1.19416516060233,0.144193498304941,0.258611962425528,0.000905413135202111,0.08125712384814
16.1,0.0550346065722244,0.109441164425497,6.31893221621295,0.0569945214658752,0.0569945214656149,4.7487480907561,0.0376522979795027,0.0858520560000606,0.173192325077606,0.305573205374448,0.357298393979852,0.0167232237765123,0.827264268148721,0.0229606235377739,0.162668058791982,0.0376522979795027,0.0722831223135224,1.19158964278226,0.144444693116493,0.259850544143668,0.000910461187240579,0.0811960875308977
16.2,0.0537413955141086,0.108409337397967,6.39658401666806,0.05317864962214,0.0531786496218977,4.61854640145161,0.0379414572154143,0.0858769527330045,0.177577541859977,0.290656272884595,0.341121159401532,0.0175418747832574,0.830020517200453,0.0227996681225699,0.158786227086444,0.0379414572154143,0.0828820289100814,1.18853990128159,0.144735935691896,0.261054049283014,0.000915330078099735,0.081138013932907
16.3,0.0525623271551207,0.107472825051664,6.47549626738229,0.0496200435271256,0.0496200435268999,4.49680111124071,0.0382765636028167,0.0859060538332418,0.182096671382375,0.276588777549907,0.325567544654145,0.0183888512153993,0.832515092080358,0.0226366056253807,0.154997035288869,0.0382765636028167,0.0944718537964096,1.18498432535012,0.145071093283787,0.262227978987841,0.00092001880733326,0.0810827309712524
16.4,0.0514870850409534,0.106622820043487,6.55554640832223,0.0462971870320367,0.0462971870318263,4.38289571514668,0.038661850241914,0.0859397622616591,0.186749801456042,0.263351116537731,0.310655993869657,0.0192641146359264,0.834743235830005,0.022471460379178,0.151298093236358,0.038661850241914,0.107085478227028,1.18088885998093,0.145458197069266,0.26337962493127,0.0009245829694481,0.0810301742072043
16.5,0.0505063692921619,0.105849680951884,6.63654044763239,0.0431990827639513,0.043199082763755,4.27645108444107,0.0391038965100302,0.0859787743557328,0.191531395194619,0.250896674657305,0.296370335727913,0.020167030961608,0.836694710350068,0.0223085961381241,0.147687449193844,0.0391038965100302,0.120647427476836,1.17624137944771,0.145901789206539,0.264514778473668,0.000929030737134838,0.0809801890052485
16.6,0.0496112587983569,0.105145932021755,6.71835136551148,0.0403065417841555,0.0403065417839723,4.17689832510701,0.0396074539713685,0.0860235513204524,0.196441615670322,0.239199962768884,0.282721553711022,0.0210976377829309,0.838364251284577,0.0221473937700176,0.14416280195251,0.0396074539713685,0.135173656941537,1.17100918234146,0.146406187444026,0.265639134476967,0.000933367232965925,0.0809326149285144
16.7,0.0488032756264522,0.104515883558388,6.80090487833468,0.0376086581795852,0.0376086581794142,4.08387559759461,0.0401788304084356,0.0860747981914745,0.201479375176747,0.228224756365265,0.269693639771258,0.0220561596380692,0.83974516925898,0.0219846596407519,0.140722238226909,0.0401788304084356,0.150569879416682,1.16519573265315,0.146978305594205,0.266760477251346,0.000937622315342644,0.0808873671471928
16.8,0.0480778281686926,0.103956661753764,6.88408518894925,0.0350910658435378,0.0350910658433781,3.99693211260614,0.0408237307313041,0.0861331171631162,0.20664337858446,0.217937596785714,0.257281785993262,0.0230426028773371,0.840830787219896,0.0218195069761821,0.137363677090547,0.0408237307313041,0.16679073873174,1.15878690204084,0.14762462713607,0.267886195898566,0.000941822271963928,0.0808443478721029
16.9,0.0474287647989231,0.103462417565107,6.96783524756997,0.0327422347094551,0.0327422347093061,3.91569708472473,0.0415479612061336,0.0861991841650066,0.211931648744064,0.20830434854336,0.245473220986436,0.0240570331686344,0.841614327740652,0.0216520086138018,0.134085190234934,0.0415479612061336,0.183752480615551,1.15179101880431,0.148350010725022,0.269022187319584,0.000945979908516095,0.0808034103829598
17,0.0468509106509638,0.103028156082052,7.05212246552193,0.0305521437484012,0.030552143748262,3.83984034600793,0.0423574900318611,0.0862737172633036,0.217342079894523,0.199290078774837,0.23425060157906,0.0250995806055419,0.842088984809919,0.0214819642161958,0.130884926374492,0.0423574900318611,0.201350450129205,1.14422615011941,0.149159714446414,0.270178742415774,0.000950131130945449,0.0807645302436473
17.1,0.0463396379737487,0.102650860172589,7.13683692341974,0.0285067348063633,0.0285067348062334,3.76891965045424,0.043258041089369,0.0863573268729601,0.222873320127316,0.190861223079861,0.223608230471459,0.0261702604030232,0.842248072305924,0.0213085334063851,0.12776082084625,0.043258041089369,0.219535087016864,1.13608044311273,0.150058945656976,0.271366631858495,0.000954314010335741,0.0807276959009352
17.2,0.0458898975075043,0.102325018453771,7.22192584217143,0.0265998268905236,0.0265998268904024,3.70271828954101,0.0442547428287047,0.0864507777189578,0.228518590935418,0.182992172736704,0.213521268772519,0.0272689304592123,0.842083933756294,0.0211339989063174,0.124711267637992,0.0442547428287047,0.238175199382294,1.12740399762875,0.15105374374523,0.27258875731296,0.000958531106003928,0.0806926845013613
17.3,0.0454967931636156,0.102046394639055,7.30731660439128,0.0248205655499069,0.0248205655497938,3.64088471713346,0.0453532377934189,0.0865547513363077,0.234274926754587,0.17565100503172,0.203975696878903,0.028395599229843,0.841589598859313,0.0209585093736849,0.121734382276342,0.0453532377934189,0.25718414634,1.11820962142817,0.152149704170427,0.273852218940417,0.000962803924515102,0.0806593859303748
17.4,0.045156109095866,0.101811594768174,7.39294106358694,0.0231583477968461,0.0231583477967406,3.5830752088139,0.0465589921206817,0.0866699236854027,0.240139530003034,0.168805849139775,0.1949572746444,0.0295502963266472,0.84075840565434,0.0207818547018253,0.118828299595771,0.0465589921206817,0.276476742815098,1.10851154865914,0.153352422391814,0.275164116902112,0.000967153972434351,0.0806276900734247
17.5,0.044870906995202,0.101625229250636,7.47879824781095,0.0216096501436634,0.0216096501435649,3.529156475981,0.0478750707658455,0.0867969871174276,0.246107897165597,0.162431259212762,0.186439316720053,0.0307331424096459,0.839586418652388,0.0206018918850229,0.115991623424347,0.0478750707658455,0.29594234214451,1.09837417647183,0.154667493868642,0.276531551359291,0.000971602756326765,0.0805974868159602
17.6,0.044635791247499,0.101482405754805,7.56481297663042,0.0201635968803368,0.020163596880245,3.47877594750697,0.0493072266823928,0.0869366300914377,0.252176808912442,0.156495492951997,0.178407589990383,0.031944125362588,0.838066419821103,0.0204191039639801,0.113222464879819,0.0493072266823928,0.315491706713931,1.08781056451981,0.156100514060159,0.2779616224732,0.000976171782757433,0.0805686660434303
17.7,0.0444486285756859,0.101381519737864,7.65097512009742,0.0188134399087071,0.0188134399086214,3.43170621092397,0.0508591257041357,0.0870895001156007,0.258342869058934,0.150970647511911,0.170842048397666,0.0331833118105182,0.836193997204372,0.0202327718810362,0.11051922291536,0.0508591257041357,0.335040046374293,1.07685765431147,0.157650987237327,0.279464156198694,0.000980900758366478,0.080541242833649
17.8,0.0443081988418199,0.101321463278926,7.73733359919617,0.0175550346638058,0.0175550346637259,3.38780037919765,0.0525326718451002,0.0872561856346167,0.264602989058716,0.14583147646514,0.16371988677699,0.0344508212806687,0.833967250904095,0.0200416280467832,0.107880486685713,0.0525326718451002,0.35451806272976,1.06556364550899,0.159309071276061,0.281053160982229,0.000985857316215454,0.0805154243611512
17.9,0.0442117045024603,0.10130027056575,7.82383532716409,0.0163797390978158,0.0163797390977412,3.34677246134168,0.0543328125812885,0.0874373771225869,0.270953548934569,0.141048144545059,0.157023066193157,0.0357466819141965,0.831379941558456,0.0198453524349683,0.105304516781226,0.0543328125812885,0.373829696099221,1.05395728983597,0.161091731941813,0.282730648797576,0.000991028989132921,0.0804908668171619
18,0.0441561616592027,0.10131469683726,7.91049876175313,0.0152833684180146,0.015283368417945,3.30847736605175,0.0562605780045242,0.0876335887867318,0.27738991999748,0.136601909660944,0.150731260947123,0.0370708442761723,0.828431127284495,0.0196451286960252,0.102789931235202,0.0562605780045242,0.392931014641712,1.04207550847262,0.163003357380211,0.28450426007622,0.000996440891058662,0.080467484901081
18.1,0.0441387987543709,0.101361953539275,7.9973319050201,0.014260899871015,0.01426089987095,3.27274320492547,0.0583178259921207,0.0878453755878726,0.283907818788751,0.132471280917461,0.144824328305892,0.0384232905553637,0.825118769260455,0.0194416102454771,0.10033527765762,0.0583178259921207,0.411765691668504,1.02995481205791,0.165048335736883,0.286381635249646,0.00100211813593246,0.0804451933123085
18.2,0.0441572573840527,0.101440139764545,8.08432241525719,0.0133056802738575,0.0133056802737969,3.23934595014262,0.0605080250530118,0.0880733717815739,0.290503633568237,0.128629419038951,0.139282481535587,0.0398040644711243,0.821438694338314,0.0192344188147658,0.0979389666350012,0.0605080250530118,0.430253283694958,1.01763091243623,0.167231055157457,0.288370414749338,0.0010080858376941,0.0804239067502446
18.3,0.0442150274957931,0.101553854035927,8.17155957537003,0.0124169990904226,0.012416999090366,3.20825587220992,0.062827368297016,0.0883177783384336,0.297173143818343,0.125072415871954,0.134090612965264,0.0412129178434917,0.817399338080255,0.0190242374355231,0.0956000006955195,0.062827368297016,0.448431834187254,1.00512150957183,0.169555903787561,0.290478239006781,0.00101436911028336,0.0804035399142891
18.4,0.0443082342189413,0.101699255775115,8.25902103178475,0.0115878793623531,0.0115878793623003,3.17923766363149,0.0652799494481165,0.0885792766187789,0.303912471352177,0.121771622944829,0.129227707480606,0.0426499213108723,0.812995053771942,0.0188110696218098,0.0933167431064347,0.0652799494481165,0.466209462490357,0.992466704573527,0.17202110064796,0.292711832893127,0.00102099702960974,0.0803840748921827
18.5,0.044435160098599,0.101874976515038,8.34671713320107,0.0108131797880163,0.0108131797879671,3.15211623797993,0.0678675478609537,0.0888584072597933,0.310717637702074,0.118705639100226,0.124674480466415,0.0441150521184956,0.808224319895938,0.0185951179424187,0.0910877443971395,0.0678675478609537,0.483532347319913,0.979700036462551,0.174591071419055,0.29507290600707,0.00102802037452983,0.0803658629126987
18.6,0.044595664881591,0.102081239686623,8.43472243908894,0.0100895860804721,0.0100895860804262,3.12677703495746,0.0705897934356314,0.0891555850986087,0.317585917385664,0.115859490139753,0.120414542089733,0.0456082104000341,0.803091419574094,0.0183760923578116,0.0889117575417301,0.0705897934356314,0.500387493708711,0.966844594315116,0.177296496889268,0.2975730008734,0.00103544737317605,0.0803485314679585
18.7,0.0447919390535404,0.102320586526888,8.5232128820371,0.00941656189577293,0.00941656189573005,3.10319759271452,0.0734430660668989,0.0894710353809236,0.324516649932309,0.113227881024983,0.116436042537083,0.0471291809145893,0.797609662545745,0.018152872197916,0.0867878452262615,0.0734430660668989,0.516824330537123,0.95390711514485,0.18013936938781,0.300219402360287,0.00104330467814272,0.080332021428026
18.8,0.0450214373622456,0.102590848812498,8.61215841852345,0.00878792649527742,0.0087879264952374,3.08116831813434,0.0764303492094158,0.0898053685759212,0.331504979054073,0.110785850007516,0.112717907305377,0.0486779828463819,0.791774017716031,0.0179260245186473,0.0847144408450635,0.0764303492094158,0.532765450089164,0.940927561087547,0.183121681243893,0.303019395335905,0.00105161894202418,0.0803162736629648
18.9,0.0452834418317072,0.102891675457204,8.70160848054998,0.00819967702021913,0.00819967702018179,3.0605518223741,0.0795520783457362,0.0901590465149733,0.338547667411824,0.108516023704788,0.109242621221967,0.0502545449271082,0.785586530769065,0.0176954651697839,0.0826902206035834,0.0795520783457362,0.548182384328936,0.92793307442341,0.186245424786728,0.305980264668422,0.00106041681741477,0.0803012290428388
19,0.045577934325989,0.103222633275354,8.79176332309464,0.00765158598478597,0.00765158598475112,3.04133720977847,0.0828060846692651,0.0905325020900657,0.345647905057417,0.106413872574053,0.106001230956833,0.0518586942305612,0.779065271435088,0.0174609358902986,0.0807143221805328,0.0828060846692651,0.563129816767628,0.914922598934289,0.189512592345528,0.309109295226012,0.00106972495690882,0.0802868284377116
19.1,0.045904437218551,0.103583342984905,8.88272417602384,0.00714094712481292,0.0071409471247804,3.02343053367208,0.0861919092589326,0.0909261871937768,0.352804662041708,0.104466434254803,0.102979161772371,0.0534903245755714,0.772217788613908,0.0172222927342535,0.0787855802673553,0.0861919092589326,0.577607836507497,0.901913592553655,0.192924769123858,0.312413433432347,0.00107956933107564,0.0802730173274404
19.2,0.0462622096542403,0.103973456183597,8.97453554063871,0.00666363415713745,0.00666363415710711,3.00669026990006,0.0897100727366472,0.0913405646035639,0.360014490901465,0.102655915473989,0.100158618592393,0.0551493680172327,0.765045604131931,0.0169794572434531,0.0769026559830261,0.0897100727366472,0.591585257124397,0.888934119426295,0.196448621424645,0.315870597547603,0.00108991741364268,0.0802601365708436
19.3,0.0466507871901054,0.104392657384732,9.06729071441148,0.00621682976561774,0.00621682976558943,2.99101886665246,0.0933604282148417,0.0917761228776826,0.367276602019755,0.100969022802634,0.0975249690255238,0.0568357322880995,0.757556044380674,0.0167324390669698,0.0750643764259211,0.0933604282148417,0.605058938772392,0.876002191743686,0.20010771926282,0.319506010020388,0.00110083200457563,0.0802478827186389
19.4,0.0470709877803342,0.104841507375391,9.161190080132,0.00580177221748632,0.00580177221745989,2.97645647077915,0.0971437305031511,0.0922338822371182,0.374603857240093,0.0994069942099895,0.0950758293065085,0.0585493875576007,0.749777559063588,0.01648339377688,0.0732701583990589,0.0971437305031511,0.618102760549045,0.863101206148109,0.20390231750762,0.323325511364345,0.00111233684584108,0.0802362163137637
19.5,0.0475218930270989,0.105319380477324,9.25628902821502,0.00541420856344851,0.00541420856342385,2.96285678661686,0.101059513522839,0.0927141430372042,0.381990634474508,0.0979513923074697,0.0927922311612875,0.0602902194563047,0.741709997145609,0.0162315713884567,0.0715186202516767,0.101059513522839,0.630686318725898,0.850261428365356,0.20783267102828,0.327334942093118,0.0011244556794056,0.0802250978991554
19.6,0.0480031848755757,0.105826061232188,9.35269308013006,0.00505178444009261,0.0050517844400696,2.95013798092548,0.105107733316828,0.0932174545265305,0.389437702446831,0.0965905824534659,0.0906609404029814,0.0620581428440565,0.733363096285395,0.015977226512057,0.0698086563980825,0.105107733316828,0.642815265319215,0.837496919154638,0.211899034694036,0.33154014272035,0.00113721224723578,0.0802144880177515
19.7,0.0485141777925681,0.106360745650495,9.45049060725632,0.00471339444152489,0.00471339444150342,2.93826117288587,0.109290163920902,0.0937448306594328,0.396953497310265,0.095316980585152,0.0886733579129805,0.0638532545752722,0.72475382253445,0.0157210842180794,0.0681393899921349,0.109290163920902,0.654511446391657,0.824810810428714,0.216101663374124,0.335946953759684,0.0011506302912982,0.0802043472124893
19.8,0.0490539920038356,0.106922318658047,9.54976091580974,0.00439859333352589,0.00439859333350586,2.92721018539082,0.11360954032218,0.0942975310235578,0.404550508053775,0.0941251436872058,0.0868233345685604,0.0656757477027247,0.715902962714908,0.0154641182518288,0.0665100650944244,0.11360954032218,0.66580526782523,0.812200457350724,0.220440811937779,0.340561215724763,0.00116473355355943,0.0801946360263063
19.9,0.0496224481352088,0.10751078689905,9.65061599943867,0.00410455541543303,0.00410455541541434,2.91688697562084,0.118065132481193,0.0948759294947342,0.412226609831929,0.0930019084922328,0.0850958869797625,0.0675254684043224,0.706817526601763,0.0152064056793187,0.0649194897964902,0.118065132481193,0.676696270253545,0.799684045057507,0.224923567864436,0.34536113402924,0.00117944644914266,0.0801855376713113
20,0.0502190724867524,0.108125685643363,9.75315411570837,0.00382945531858987,0.00382945531857243,2.90722790279241,0.122657666449994,0.0954807721472236,0.419985818900891,0.0919373559773714,0.0834797441384144,0.0694024086235361,0.697510313432507,0.0149484003738042,0.0633666553950566,0.122657666449994,0.68719696466564,0.787271005405873,0.229547187040438,0.350364678839951,0.00119483631675063,0.080176914956045
20.1,0.0508468392564964,0.10877076937836,9.85747011420873,0.00357342672621376,0.00357342672619749,2.89823722500916,0.127393181491968,0.0961142289685219,0.427851699992592,0.0909280921345072,0.0819717122912582,0.0713073354000544,0.688003772353549,0.0146893317883203,0.0618509788689823,0.127393181491968,0.697330975842661,0.774954940884526,0.234311548737689,0.355579209807369,0.00121093235847368,0.0801687161830354
20.2,0.0515054475334361,0.109445784816955,9.96366208171675,0.00333474244612619,0.00333474244611101,2.88985470419156,0.132272669926939,0.0967771173912799,0.435829249021023,0.0899645249372074,0.0805609252159515,0.0732402795207381,0.67831118620064,0.014429592435182,0.0603714728477462,0.132272669926939,0.707111371733357,0.762744490072861,0.239217291463815,0.36100901578553,0.00122775273926036,0.0801609143976808
20.3,0.0521946169409548,0.110150503800138,10.0718280847128,0.00311168695352703,0.00311168695351286,2.88202050664036,0.137297155718221,0.0974702633284419,0.443923578323567,0.0890371012195799,0.0792365647952531,0.0752012763886308,0.668445895280768,0.0141695675345166,0.0589271524960303,0.137297155718221,0.716551286476054,0.750648197276488,0.244265053726441,0.366658385628472,0.00124531562405923,0.0801534826453796
20.4,0.0529146984965119,0.110885378107101,10.1820794158895,0.00290311887112867,0.00290311887111545,2.87469472476589,0.14246972214876,0.0981950870187504,0.452146920773193,0.0881383201239962,0.0779902477593797,0.0771907067482592,0.658423309992266,0.0139092492103519,0.0575171638924803,0.14246972214876,0.7256654904202,0.738670225908805,0.249455474033191,0.372531608190231,0.00126363917781885,0.0801463939715302
20.5,0.0536666446515099,0.111651149371909,10.2945934264749,0.0027092751248582,0.00270927512484586,2.86788535015268,0.147799607207774,0.098954862362292,0.460531958567387,0.0872659452179283,0.0768195990201094,0.0792100653998982,0.648261981966816,0.0136476033131473,0.0561409822394685,0.147799607207774,0.734468772430797,0.726804845508581,0.254789190891691,0.378632972324847,0.00128274156548778,0.080139621421531
20.6,0.0544504850459124,0.112448114489192,10.4094461106437,0.00252827783819731,0.0025282778381858,2.86152688018628,0.153286605397928,0.0997500190899591,0.46907999743942,0.0864096625870884,0.0757130248231654,0.0812591377900352,0.637975643078085,0.0133851703583768,0.0547975777476829,0.153286605397928,0.742975892963465,0.715061506301992,0.260319909240696,0.384964942062543,0.00130257946654971,0.0801333033900077
20.7,0.0552665815471551,0.113276730467175,10.526749952796,0.00235901049869538,0.00235901049868463,2.85558027138669,0.15893391103417,0.100582010880877,0.47780363917174,0.0855620663450198,0.0746622502874365,0.0833383247609624,0.627579760392822,0.0131219239559088,0.0534861024332202,0.15893391103417,0.751201622701676,0.703444193215161,0.266032264022521,0.391532356580536,0.00132318958849755,0.0801273630569899
20.8,0.0561156470755309,0.114137692669187,10.6466620738238,0.00220093343750513,0.00220093343749511,2.85002655188041,0.164748732466933,0.101453698274019,0.486727532535648,0.08471857525628,0.0736617505299515,0.0854488602677781,0.617088693566654,0.0128586625058011,0.0522058689553129,0.164748732466933,0.759158390398299,0.691953197163609,0.271913616916727,0.398339961290265,0.0013446054794878,0.0801217320987237
20.9,0.0569984654487028,0.115031741665093,10.7693483516848,0.00205363312947282,0.00205363312946347,2.8448511375606,0.170739070843924,0.102368212166554,0.495878754571634,0.0838751890566213,0.0727065881200938,0.0875921387705474,0.606516703218421,0.012596290650194,0.0509562237492895,0.170739070843924,0.766858251527748,0.680587974859385,0.277966727890718,0.405391972093995,0.00136684284643788,0.0801163901708456
21,0.0579154921683853,0.115959394797658,10.8949328916314,0.00191615758615422,0.0019161575861455,2.84002070802307,0.176909171369715,0.103327366260157,0.505273115091458,0.0830252668883297,0.0717892571297963,0.0897687747566223,0.595879098822625,0.012334935285181,0.0497363631527313,0.176909171369715,0.77431546234868,0.669351428453995,0.284194356911894,0.412692604893986,0.00138991739626519,0.0801113169289918
21.1,0.0588673858740864,0.116921307197432,11.0235656159073,0.00178788906268342,0.00178788906267528,2.83551357299302,0.183265601146926,0.104333787696168,0.514933394713528,0.0821638028784282,0.0709038444261561,0.0919798644341396,0.585190554876704,0.0120751977517885,0.0485455765222247,0.183265601146926,0.781542928618317,0.658244318423521,0.290599263947657,0.420246075592503,0.00141384483588716,0.0801064920287986
21.2,0.0598545809525238,0.117917945389443,11.1553640369249,0.00166811454603162,0.00166811454602418,2.83130479233158,0.189816391391978,0.105391375750422,0.524887891043132,0.081286800643313,0.0700447367938505,0.0942272338152264,0.574461008304635,0.0118170183215859,0.0473831832450381,0.189816391391978,0.788549912612705,0.647268718363792,0.297184208965409,0.428056600091807,0.00143864087222118,0.0801018951259023
21.3,0.0608777417128294,0.118949957211487,11.2904776235302,0.00155630496548545,0.00155630496547888,2.82737577878373,0.196569287134514,0.106503378661204,0.535163249349795,0.0803900856398253,0.0692066484498391,0.0965123405142421,0.563703646884191,0.0115609529086887,0.0462485126094025,0.196569287134514,0.795347889460447,0.636425006880329,0.303951951932552,0.436128394294163,0.00146432121218467,0.0800975058759392
21.4,0.0619375643447404,0.120018010512307,11.4290597342756,0.00145199344371026,0.00145199344370478,2.82371011072731,0.203532510430995,0.107673232222962,0.545787588730069,0.079469823036197,0.0683846090456562,0.0988367526155377,0.552931425915903,0.0113076163631128,0.0451409125820188,0.203532510430995,0.801947993505001,0.625713179266204,0.310905252816488,0.44446567410183,0.00149090156269505,0.0800933039345455
21.5,0.0630348050471102,0.121122855119818,11.5712607101416,0.00135473238626532,0.00135473238626121,2.82029205387162,0.210714885441775,0.108904825412951,0.556790821058999,0.0785228218150648,0.0675739753950461,0.101202290961019,0.542156090208264,0.0110574217517478,0.0440597497655806,0.210714885441775,0.808360340462232,0.615133266407969,0.318074714561201,0.453083147189083,0.00151841061405398,0.0800893097584228
21.6,0.0641715056630824,0.12226695517714,11.7172247226212,0.00126386961129221,0.00126386961128948,2.8170988211728,0.218124905421912,0.11020355639531,0.568197690113307,0.0775494607688529,0.0667706684496962,0.103611479646853,0.531385822452607,0.0108085094659569,0.0430043746263796,0.218124905421912,0.814592938884543,0.604687042186234,0.325534391268604,0.462011894466764,0.00154689731815688,0.0800856074775483
21.7,0.0653483170297358,0.123450882497339,11.8671083171802,0.00117910169526976,0.00117910169526855,2.8141196951767,0.225772520405672,0.111573614526186,0.580042156705672,0.0765468942274543,0.0659706450420046,0.10606633709203,0.52063195527835,0.0105616335125222,0.0419741961443983,0.225772520405672,0.820655181145023,0.594373646920931,0.333236333209779,0.47123702344293,0.00157635373561772,0.0800821024376289
21.8,0.0665664797506915,0.124675985550106,12.0210666907411,0.00110006448654094,0.00110006448654136,2.81134187711833,0.233667814285709,0.113019991722075,0.592356753409424,0.075514079950076,0.0651702888055651,0.108569270670817,0.509904004203356,0.0103165455646152,0.0409686265708097,0.233667814285709,0.826555260042211,0.584192826105768,0.341189261310085,0.480764996224077,0.00160679835299233,0.0800787830294817
21.9,0.0678558325150993,0.125979426459164,12.1798873539266,0.00102640122728255,0.00102640122728459,2.80875283567978,0.241824270180264,0.114549014309092,0.605173968073382,0.0744505266934704,0.0643663933050431,0.111122902119878,0.499210772598944,0.0100733391593271,0.0399870884797854,0.241824270180264,0.832302137874683,0.574144143768975,0.349401896494881,0.490602274916699,0.00163824965683657,0.0800756376439238
22,0.0693454129647765,0.127522618397456,12.3465508862744,0.000957675759911312,0.000957675759914476,2.80633729428388,0.250266031937814,0.116170915206344,0.618523027981699,0.0733563296654037,0.0635563641748093,0.113730193359633,0.488559988985767,0.0098335225061965,0.0390289977637561,0.250266031937814,0.837908811082528,0.564227055137486,0.357882959689526,0.500755321627292,0.00167072613370626,0.0800726546717722
22.1,0.0711048233476215,0.129392440168729,12.5227439445928,0.000893569090230127,0.000893569090233645,2.80408405393349,0.259011799189832,0.11789410683514,0.632437179950538,0.0722320887259529,0.0627377620000048,0.116394161204807,0.477959129615587,0.00959757366294485,0.0380938021187944,0.259011799189832,0.843385041208301,0.554440722525094,0.366641171819378,0.51123059846235,0.00170424627015725,0.080069822503844
22.2,0.0734392016113188,0.131959225423104,12.7184789481558,0.00083375739785736,0.000833757397860838,2.80198174392782,0.268138036704466,0.119744087723973,0.646948721989253,0.0710787235842083,0.0619086905198882,0.119118001355362,0.467415089142715,0.00936407892597292,0.0371809531597905,0.268138036704466,0.848761326936456,0.544781073016413,0.375844597052545,0.522075129020881,0.0017388984898117,0.0800671492789484
22.3,0.0766032731631874,0.135528120805224,12.9432559168645,0.000777937541195111,0.000777937541198271,2.80001972565719,0.277726426805579,0.121748846803454,0.662086822945994,0.0698986326698908,0.061067737498709,0.121905118465737,0.456934085134791,0.00913256417468721,0.0362899174216183,0.277726426805579,0.854067932796486,0.535243946214424,0.385744446438566,0.533357102290217,0.00177480771014529,0.0800646534405921
22.4,0.0806368216150932,0.140096322015986,13.2127018429173,0.000725861434082438,0.000725861434085201,2.79818927454744,0.287981119065347,0.123977261778459,0.677852547508625,0.0687015112372255,0.0602145395809252,0.124758911619542,0.446522537880495,0.00890365305869024,0.0354201833127272,0.287981119065347,0.859366547985231,0.525820083525012,0.396272855562516,0.545063485256424,0.00181195880377498,0.0800623138880903
22.5,0.0857077607712975,0.145846958790472,13.5384907718065,0.000677253901967788,0.000677253901970212,2.79648072709619,0.299062435337174,0.126488566755541,0.69427371824965,0.0674894484868769,0.0593482357916963,0.127682840430159,0.436186403654176,0.00867727423382191,0.0345712314446673,0.299062435337174,0.864701623490257,0.516503144498453,0.407499484264462,0.557216252282997,0.00185039700384997,0.0800601265646432
22.6,0.0917846089093702,0.152689834349204,13.9356137292898,0.000631910419076596,0.00063191041907874,2.79488689206243,0.311313612530172,0.129418471123126,0.71138468246681,0.0662612427838948,0.0584694179519789,0.130680647576979,0.42593039201524,0.00845467424134879,0.0337425832103324,0.311313612530172,0.870145589438428,0.507282542827795,0.419813991443249,0.569924126821407,0.0018903121564907,0.0800580878135577
22.7,0.0989378315926724,0.160682882622019,14.4154734600034,0.000589596174525548,0.000589596174527524,2.79339952010333,0.325010668982622,0.132898095833252,0.729208659750967,0.0650198326127002,0.0575779338715677,0.133756002670697,0.415759858793116,0.00823557290150548,0.0329337451182451,0.325010668982622,0.875744360166367,0.498151996417143,0.43370265404171,0.583322024672658,0.00193193777114107,0.080056194098946
22.8,0.107150507917519,0.16977710278188,14.9881795619873,0.000550119665731372,0.000550119665733214,2.79201188210849,0.340562788174385,0.137144043099366,0.747772272791189,0.0637665554498563,0.056674400345625,0.136912856555945,0.405679234567279,0.00801933033181082,0.0321442540878365,0.340562788174385,0.881542242148818,0.489105883913465,0.449248684317684,0.597435594148182,0.00197532520551643,0.0800544413809534
22.9,0.116444564967136,0.17997883261277,15.6624592288583,0.000513286207300796,0.000513286207302541,2.79071713772668,0.358324880461775,0.142425493425755,0.767080629115856,0.0625079614895971,0.0557596353245928,0.140155076202835,0.395693300051167,0.00780593950974889,0.0313736469917612,0.358324880461775,0.887554503995389,0.480142844891699,0.466995490337963,0.612518872521949,0.00202096924569602,0.0800528235569731
23,0.126820855447551,0.191273262010247,16.4456629797399,0.000478917500727534,0.000478917500729184,2.78950902257413,0.378696409129813,0.149063282633788,0.787134597265083,0.0612514391182655,0.0548347742280157,0.143486637952442,0.385806544052614,0.00759515215688132,0.0306214734884834,0.378696409129813,0.893786201028691,0.471263276841116,0.487333450806884,0.628731725185473,0.00206917581539343,0.0800513356742841
23.1,0.138273739028758,0.203643441128917,17.343011129521,0.000446854794809541,0.0004468547948111,2.78838195841723,0.401975403282546,0.157582160067662,0.807938321898499,0.0599994174480889,0.0539015535568399,0.146911421329337,0.376022957783288,0.00738771532991811,0.0298873010316577,0.401975403282546,0.900198445924368,0.462473293831185,0.510549644557768,0.646170448401074,0.00212012334999124,0.0800499735563768
23.2,0.150799625508762,0.217072558347768,18.3605360156761,0.000416931895080635,0.000416931895082095,2.78733010570676,0.428492102052189,0.168435006704515,0.829495135646889,0.0587560228091126,0.0529614776650475,0.150433335450701,0.366346719948942,0.00718399536865575,0.0291706903706347,0.428492102052189,0.906768759171074,0.453776831453366,0.536791190392026,0.665222716279943,0.00217479664247448,0.0800487392493472
23.3,0.16433816322661,0.231482329424133,19.4998155015444,0.000389021309865294,0.000389021309866661,2.78634898344679,0.458287484061891,0.182570412759681,0.851802651269213,0.0575226399238231,0.0520166971594563,0.154056119499599,0.356781541697982,0.00698349649257799,0.0284712382050649,0.458287484061891,0.913417263363621,0.445184114629515,0.56640541008816,0.686028907840485,0.00223346665891979,0.0800476282200334
23.4,0.178863685671351,0.246832192537749,20.7650758141527,0.000362973313751801,0.000362973313753073,2.7854332686076,0.491557930475598,0.200655914024529,0.874860257322936,0.0563030161958159,0.0510689442963141,0.157783595291614,0.34733148968337,0.00678629329112078,0.0277885191722389,0.491557930475598,0.920103422285029,0.436700818718942,0.599601244720862,0.70878842024269,0.00229662109201323,0.0800466385924227
23.5,0.194289504807756,0.263018278202735,22.1548160046876,0.000338693866706633,0.000338693866707817,2.78457913461179,0.528034017528666,0.224071396015655,0.898647315562563,0.0551029188022855,0.0501205877255519,0.161619253033232,0.338000568744127,0.00659202123943002,0.0271221488210727,0.528034017528666,0.92675021989932,0.428335122471716,0.635696285982275,0.733784762277454,0.00236541175598195,0.080045780605186
23.6,0.210561844992585,0.279970738239892,23.6706777106066,0.000316270735130061,0.000316270735131164,2.7837822108106,0.567715321132683,0.253792443918093,0.92315582047086,0.053926288973129,0.049173673433534,0.165566763485001,0.32879276107431,0.00640067612776822,0.0264717199899318,0.567715321132683,0.933301275996577,0.420093893201789,0.67506968954346,0.761212706723098,0.0024402277976856,0.0800450502620657
23.7,0.227544770664292,0.297528829275924,25.3082816724226,0.000299842782013463,0.000299842782014492,2.78304359023535,0.610115949861725,0.291507999210713,0.94835801740122,0.0527782408990315,0.0482308395945693,0.169629330930281,0.319712010313318,0.00621299805160748,0.0258368614189555,0.610115949861725,0.939697893262595,0.411982153792726,0.717657520944696,0.791292233751424,0.00252185599966781,0.0800444497471569
23.8,0.244993791777744,0.315397215583424,27.0583615531864,0.000446621436173902,0.000446621436174848,2.78248069177528,0.654730445396035,0.338872597808312,0.97422440577227,0.0516598455457951,0.0472946158200021,0.173809929053099,0.310761123360566,0.00603166893054531,0.0252172046917981,0.654730445396035,0.945897655580385,0.4040030780731,0.762449096394155,0.824162889046116,0.00262137400083776,0.0800439965973551
23.9,0.263081320199585,0.333834946932522,28.8041778519494,0.00917420916180671,0.00917420916179794,2.78824307951233,0.700979360890723,0.396990205462789,1.00071975428456,0.0506578836680328,0.0463693966540676,0.178111314577952,0.301908427107746,0.00597642452098329,0.0246123908337734,0.700979360890723,0.95185840222781,0.396159734087173,0.80867568283212,0.859472468589585,0.00308627415166819,0.0800438340467735
24,0.281524007468795,0.352481014575198,26.2193752283758,0.286912888624666,0.286912888624636,3.04693629081914,0.743626463815499,0.450475909952167,1.02782494767229,0.0528775110188947,0.0455585498339155,0.182536282640025,0.291979002946527,0.0117871516829757,0.0240224236768042,0.743626463815499,0.957206992172651,0.388474239722944,0.847238401256015,0.883154733876948,0.0168945649501696,0.0800580487746433
