T,PIF4m,PIF5m,PIF,phyB,PR,INT,IAA29m,ATHB2m,CDF1m,FKF1m,FKF1,CDF1,COm,CO,FTm,InducedC1,InducedC2,RepressedC1,PHYAm,phyAr,phyAfr,phyAmarker
0,0.2878893866538,0.359727281251988,3.34243933739305,0.966503539818674,0.966503539818674,21.5359480674502,0.143820537146969,0.085714304808042,0.331221635044982,0.078178730521632,0.0635516876290666,0.0584389344189292,0.431953029984698,3.571404752996,0.846053457700389,0.0360749838261218,1.44427591847835e-05,1.24975239326491,0.143597004076851,0.102221700265415,0.0368449975797851,0.087113204891755
0.1,0.243124958641707,0.296302832357543,3.09864502308087,0.966503539818674,0.966503539818674,21.5359480674502,0.143820587202613,0.0857143088698438,0.3348977003017,0.0800527116838096,0.0633999998844912,0.0599103318563863,0.427169821764892,3.5448150765345,0.840200163109269,0.0360750338817131,1.77309509861843e-05,1.24975647163298,0.143548157537422,0.102244451915552,0.036852869194773,0.0871142616564364
0.2,0.206462283484941,0.248243190040378,2.64210753621425,0.966503539818674,0.966503539818674,21.5359480674502,0.143820607136839,0.0857143104843794,0.338696012777306,0.081484414784448,0.0634384315171636,0.0613880764537354,0.422296943665242,3.51791328594456,0.833972152769614,0.0360750538161045,1.88145666666196e-05,1.24976080339324,0.143502437673378,0.102260433223219,0.0368603481229521,0.0871154034635024
0.3,0.176422495462326,0.211779791579734,2.24738643245836,0.966503539818674,0.966503539818674,21.5359480674502,0.143820607335574,0.085714310496554,0.342612487241213,0.0825504671090136,0.0635988209444128,0.0628728600426025,0.417343465140843,3.49074416603927,0.827359879350809,0.0360750540148725,1.84964814302481e-05,1.24976528002246,0.143459717737456,0.102270623654877,0.036867050591505,0.0871166153367742
0.4,0.151855743817883,0.184212946245038,1.93116684514028,0.966503539818674,0.966503539818674,21.5359480674502,0.143820597827842,0.0857143097212824,0.346643596395973,0.0833105429255526,0.0638323962088772,0.0643653058928059,0.412317700373617,3.46332907140479,0.820430342546767,0.0360750445071341,1.75225677956472e-05,1.24976978918561,0.143428836790162,0.102266901924201,0.0368689103785239,0.0871177312371174
0.5,0.131814756302939,0.16346399685499,1.68265808310242,0.966503539818674,0.966503539818674,21.5359480674502,0.143820583860958,0.0857143085847752,0.350787718562653,0.0838071912395051,0.064101135054784,0.0658661092754594,0.407227566376699,3.43567531513627,0.81325003419895,0.0360750305402582,1.6279853902412e-05,1.24977427259616,0.143397955842867,0.102263180193525,0.0368707701655428,0.0871188471374607
0.6,0.115470185315691,0.147844972358347,1.4876270360489,0.966503539818674,0.966503539818674,21.5359480674502,0.14382056835684,0.0857143073242806,0.355041217111717,0.0840891838456298,0.0643747559501824,0.0673758765971809,0.402080880685813,3.40778044536354,0.805878836049014,0.0360750150361371,1.49801204506072e-05,1.24977869817604,0.143367074895573,0.102259458462848,0.0368726299525617,0.0871199630378039
0.7,0.102139127073473,0.136078783741627,1.33411364528387,0.966503539818674,0.966503539818674,21.5359480674502,0.143820552686043,0.085714306051013,0.359400008680414,0.0842013040826232,0.0646319710117837,0.0688951470493545,0.396885050389498,3.37963481661867,0.798365752504375,0.0360749993653148,1.37187195555324e-05,1.24978305131277,0.143336193948279,0.102255736732172,0.0368744897395806,0.0871210789381472
0.8,0.0912788402125542,0.127238888946976,1.21326599399004,0.966503539818674,0.966503539818674,21.5359480674502,0.143820537352236,0.0857143048057798,0.363862194978494,0.084171089758258,0.0648589511861044,0.0704245160046053,0.391647005316253,3.35122495512742,0.790749216777385,0.0360749840314717,1.25266561742852e-05,1.24978732721939,0.143305313000984,0.102252015001496,0.0368763495265995,0.0871221948384904
0.9,0.0824656041045017,0.120658566488909,1.11852751217245,0.966503539818674,0.966503539818674,21.5359480674502,0.143820522532513,0.0857143036028812,0.368424635829015,0.0840285340090244,0.0650472493493723,0.0719644897498562,0.38637322950456,3.32253690169134,0.783059258227354,0.0360749692117266,1.14114516798387e-05,1.24979152487933,0.14327443205369,0.10224829327082,0.0368782093136184,0.0871233107388337
1,0.0753278398996191,0.115779415994823,1.04428022336863,0.966503539818674,0.966503539818674,21.5359480674502,0.143820508477895,0.0857143024626264,0.373084839006548,0.0837979612628716,0.065191081136364,0.0735155733939817,0.381069970716636,3.29355784720741,0.775321723717208,0.0360749551570746,1.03859979010438e-05,1.24979564228525,0.143250898971697,0.102240066240095,0.0368774181949836,0.087124142606885
1.1,0.0695592946739708,0.112177238354299,0.986111688480756,0.966503539818674,0.966503539818674,21.5359480674502,0.143820495296981,0.0857143013937639,0.377840578782804,0.0834997337570203,0.0652877686020062,0.0750782530313417,0.375743163927601,3.26427629766341,0.767557466873095,0.0360749419761015,9.45314101994264e-06,1.24979967906339,0.143229685263328,0.102230417099183,0.0368757903107848,0.0871248848193725
1.2,0.0649165627701034,0.109549966859745,0.940735679260668,0.966503539818674,0.966503539818674,21.5359480674502,0.143820482932493,0.0857143003915769,0.382689916941177,0.0831504076092382,0.0653375152456812,0.0766529921901752,0.370398399866308,3.23468298473257,0.759782514412262,0.0360749296115463,8.60418644001273e-06,1.24980363679092,0.143208471554959,0.102220767958271,0.036874162426586,0.0871256270318601
1.3,0.0612013997432368,0.107671473915137,0.905581668173776,0.966503539818674,0.966503539818674,21.5359480674502,0.143820471298851,0.0857142994490577,0.387630774417674,0.0827661181649747,0.0653422576930838,0.0782402138939647,0.365040982238195,3.20477157543333,0.752009629523031,0.0360749179778493,7.82894863937821e-06,1.24980751739921,0.143187257846589,0.102211118817359,0.0368725345423873,0.0871263692443476
1.4,0.058256693572104,0.106375701423666,0.87863503561137,0.966503539818674,0.966503539818674,21.5359480674502,0.143820460348779,0.0857142985623175,0.392662339203324,0.0823547650480571,0.0653048134078935,0.079840373576582,0.359675944784648,3.17453889683248,0.744249147746254,0.0360749070277406,7.12053018053977e-06,1.24981132238271,0.14316604413822,0.102201469676447,0.0368709066581885,0.0871271114568351
1.5,0.0559625596331979,0.105547448256437,0.858482222353317,0.966503539818674,0.966503539818674,21.5359480674502,0.143820450035729,0.0857142977275353,0.397782814037192,0.081931307978457,0.0652292414288757,0.0814538227766991,0.354307962771574,3.14398643350281,0.736508665539998,0.036074896714675,6.47276027489733e-06,1.24981505325593,0.143144830429851,0.102191820535535,0.0368692787739897,0.0871278536693226
1.6,0.0541870766451509,0.105054056301691,0.843510821208891,0.966503539818674,0.966503539818674,21.5359480674502,0.143820440338768,0.0857142969429672,0.402991210381584,0.0815052776355466,0.065119099991965,0.0830809696324684,0.348941792861801,3.11311459077174,0.728796601048375,0.036074887017716,5.88105680657342e-06,1.24981871119397,0.143127162206551,0.102181787214968,0.0368668796246,0.0871283626178519
1.7,0.0528483483479921,0.104829470698195,0.832848623424753,0.966503539818674,0.966503539818674,21.5359480674502,0.143820431327754,0.0857142962142529,0.408287585713017,0.0810800688683211,0.064979103357008,0.084722210174168,0.343581672581105,3.08193035445153,0.721117807600133,0.0360748780066861,5.3481004242641e-06,1.24982229625964,0.143112764667616,0.102171399491443,0.0368637689886431,0.0871286563820646
1.8,0.0518697312954773,0.104810961412281,0.825627588983966,0.966503539818674,0.966503539818674,21.5359480674502,0.143820422943029,0.0857142955365133,0.413672205458523,0.0806571502269674,0.0648131543619021,0.0863779659367038,0.338231732214473,3.05044138164888,0.71347712300912,0.0360748696219375,4.86735712543751e-06,1.24982581008249,0.143098367128681,0.102161011767919,0.0368606583526862,0.0871289501462773
1.9,0.0511882201091404,0.104952791201548,0.821170816301725,0.966503539818674,0.966503539818674,21.5359480674502,0.143820415137536,0.0857142949058953,0.419145644130676,0.0802370920228814,0.0646253127635675,0.088048650403389,0.332895937449166,3.01865728695069,0.705878455046708,0.0360748618164142,4.43342004379159e-06,1.24982925413648,0.143083969589746,0.102150624044394,0.0368575477167293,0.08712924391049
2,0.0507653983558484,0.105233870896785,0.81911291509877,0.966503539818674,0.966503539818674,21.5359480674502,0.143820407841721,0.0857142943167267,0.424708625515467,0.0798294835640927,0.064419308730649,0.0897345811342918,0.327577831526087,2.9865921502094,0.698324197425351,0.0360748545205744,4.03985707723679e-06,1.24983263018398,0.143069572050811,0.102140236320869,0.0368544370807724,0.0871295376747027
2.1,0.0505526436929897,0.105620598992221,0.818952890242996,0.966503539818674,0.966503539818674,21.5359480674502,0.143820401014085,0.0857142937656123,0.430362079847368,0.0794367937456126,0.0641989006313236,0.0914361463693499,0.322281044458904,2.95425872549882,0.690817329112054,0.0360748476929224,3.68210888052432e-06,1.24983593965092,0.143055174511876,0.102129848597345,0.0368513264448155,0.0871298314389154
2.2,0.0505201356041487,0.106097222510392,0.820422019430265,0.966503539818674,0.966503539818674,21.5359480674502,0.143820394614461,0.0857142932492718,0.436107537940895,0.0790601499742917,0.0639675584950418,0.0931537325889397,0.317008817266651,2.92167345169156,0.68335961191099,0.0360748412932927,3.35621589296628e-06,1.24983918396316,0.143042947198882,0.102120498516406,0.0368483597690121,0.0871299635156697
2.3,0.0506487918010219,0.106654575143219,0.823339058137392,0.966503539818674,0.966503539818674,21.5359480674502,0.143820388626737,0.0857142927663843,0.441947505526533,0.0786973250578295,0.0637277353135305,0.0948877653106326,0.31176398437373,2.88885533544656,0.675952196115607,0.0360748353055706,3.06032163792029e-06,1.2498423642586,0.143036293911868,0.102113813525135,0.0368457628416398,0.0871296803130386
2.4,0.0509041062154226,0.107272165581068,0.827369656861694,0.966503539818674,0.966503539818674,21.5359480674502,0.143820383011368,0.0857142923137184,0.447883432847067,0.0783500127726286,0.0634828237329734,0.0966386326504124,0.30654986410923,2.85581989017078,0.668597172230317,0.0360748296902141,2.79038367989564e-06,1.24984548194855,0.143029640624855,0.102107128533864,0.0368431659142674,0.0871293971104076
2.5,0.051271165508412,0.107944090107064,0.832379709891808,0.966503539818674,0.966503539818674,21.5359480674502,0.143820377773104,0.0857142918916483,0.45391848245547,0.0780183076466376,0.0632349147640926,0.0984067549425751,0.301369088251796,2.82258660219793,0.661295478285356,0.0360748244519643,2.54608207927396e-06,1.24984853788842,0.143022987337842,0.102100443542594,0.036840568986895,0.0871291139077765
2.6,0.0517377343126734,0.10866644992421,0.838262555249779,0.966503539818674,0.966503539818674,21.5359480674502,0.143820372922183,0.0857142915009947,0.460056035869877,0.0777019862459444,0.0629859298376005,0.100192557237464,0.296224197970098,2.78917551386775,0.654047892873715,0.0360748196010476,2.32756772100565e-06,1.24985153286561,0.143016334050829,0.102093758551323,0.0368379720595227,0.0871288307051455
2.7,0.0522843899232542,0.109429551085322,0.844839305769661,0.966503539818674,0.966503539818674,21.5359480674502,0.143820368428183,0.0857142911392736,0.46629870942373,0.0774007735171499,0.0627381238480766,0.101996470624345,0.29111791702614,2.75560520075338,0.646855578545688,0.0360748151070437,2.13190145669979e-06,1.24985446816462,0.143009680763816,0.102087073560052,0.0368353751321503,0.0871285475025144
2.8,0.0529125492848572,0.110237958984083,0.852146429542094,0.966503539818674,0.966503539818674,21.5359480674502,0.143820364251255,0.085714290803244,0.472650750394518,0.0771121184907203,0.0624919088039807,0.103819002922378,0.286052026797163,2.72189830149974,0.639718392954552,0.0360748109301108,1.95608661075739e-06,1.24985734514553,0.143003027476803,0.102080388568781,0.0368327782047779,0.0871282642998834
2.9,0.0536044967028578,0.111083429802524,0.860021681373585,0.966503539818674,0.966503539818674,21.5359480674502,0.143820360377975,0.0857142904918031,0.47911503512367,0.0768359253241109,0.0622494918798191,0.105660579710886,0.281029220242433,2.68807373362978,0.632637412873927,0.0360748070568215,1.79844400765994e-06,1.24986016488722,0.14299637418979,0.102073703577511,0.0368301812774056,0.0871279810972524
3,0.0543620485443732,0.111967692576399,0.868498432283569,0.966503539818674,0.966503539818674,21.5359480674502,0.143820356768387,0.0857142902017059,0.485697736378451,0.0765707563686153,0.0620104380068294,0.107521768195645,0.276050780916093,2.6541534731935,0.62561223060563,0.0360748034472279,1.65624217687557e-06,1.24986292874645,0.142989720902777,0.10206701858624,0.0368275843500332,0.0871276978946213
3.1,0.0551741204116826,0.112886765521288,0.877482895748371,0.966503539818674,0.966503539818674,21.5359480674502,0.143820353399933,0.0857142899311108,0.492402314194491,0.0763157314779276,0.0617762858391692,0.10940302575967,0.271119058431621,2.62015768508343,0.618643486654615,0.0360748000787729,1.52736205056601e-06,1.24986563789904,0.142983067615764,0.102060333594969,0.0368249874226608,0.0871274146919903
3.2,0.0560401862586458,0.11384223189899,0.886969720234208,0.966503539818674,0.966503539818674,21.5359480674502,0.143820350260992,0.085714289679073,0.499233122117727,0.076069273234552,0.0615469258455989,0.111304952265877,0.266235410152825,2.58610648716522,0.611731058582611,0.0360747969398355,1.41098590428723e-06,1.24986829335984,0.142976414328751,0.102053648603698,0.0368223904952885,0.0871271314893592
3.3,0.0569576740846122,0.11483450883952,0.896937957293021,0.966503539818674,0.966503539818674,21.5359480674502,0.143820347335347,0.0857142894442725,0.506194471202408,0.0758299630684265,0.0613225711070843,0.113228114788209,0.261401397511158,2.55202015702447,0.604874962442165,0.036074794014197,1.30586633063964e-06,1.24987089620534,0.142969761041737,0.102046963612427,0.0368197935679161,0.0871268482867282
3.4,0.0579236158294369,0.115862587859012,0.907368409168789,0.966503539818674,0.966503539818674,21.5359480674502,0.143820344612182,0.0857142892258293,0.51329103492743,0.0755968074151239,0.061103173350955,0.115173136004839,0.25661826812121,2.51791731447609,0.59807509377478,0.036074791291042,1.21119183095752e-06,1.24987344741839,0.142963107754724,0.102040278621157,0.0368171966405438,0.0871265650840971
3.5,0.0589377469734381,0.116926317021615,0.918265208705754,0.966503539818674,0.966503539818674,21.5359480674502,0.143820342090349,0.0857142890236517,0.520527754333505,0.0753688276850627,0.0608880733087792,0.117140717257733,0.251886798412554,2.48381540507846,0.591331081089934,0.0360747887692204,1.12701477221338e-06,1.24987594784016,0.142956454467711,0.102033593629886,0.0368145997131714,0.0871262818814661
3.6,0.0599950473965203,0.118025211954088,0.929586781467703,0.966503539818674,0.966503539818674,21.5359480674502,0.143820339745536,0.0857142888357597,0.527908737076386,0.0751446331095726,0.06067800336203,0.119131360888276,0.24720893941879,2.4497355925732,0.584643166788534,0.0360747864244217,1.05135995397332e-06,1.24987839866434,0.142949801180698,0.102026908638615,0.036812002785799,0.0871259986788351
3.7,0.061092495316277,0.119158927975785,0.941310759548251,0.966503539818674,0.966503539818674,21.5359480674502,0.143820337563165,0.0857142886609668,0.535438441006214,0.0749230061206174,0.060473111110825,0.121145652859337,0.242586148596413,2.41569747829445,0.578011335309869,0.0360747842420673,9.83104174292092e-07,1.24988080093648,0.142943147893685,0.102020223647344,0.0368094058584267,0.087125715476204
3.8,0.0622358235090597,0.120331373985213,0.953488943822902,0.966503539818674,0.966503539818674,21.5359480674502,0.143820335561875,0.0857142885007913,0.543116738365101,0.0747034736298638,0.060271945143723,0.123184419184068,0.238018017895491,2.38171269800161,0.571434712158685,0.0360747822407915,9.23852265131058e-07,1.24988315514162,0.142936494606672,0.102013538656074,0.0368068089310543,0.087125432273573
3.9,0.0634236431774409,0.121542998720451,0.966112801063879,0.966503539818674,0.966503539818674,21.5359480674502,0.143820333733286,0.0857142883545514,0.550947231651223,0.074484956936831,0.060074354797739,0.125248290601837,0.233505656800216,2.34779936721278,0.564913121557491,0.0360747804122109,8.72989883816534e-07,1.24988546222076,0.142930959046598,0.102007797708371,0.0368045313619478,0.0871251013709543
4,0.0646529680906601,0.12279347477434,0.979160264558989,0.966503539818674,0.966503539818674,21.5359480674502,0.143820332062952,0.0857142882210715,0.558934360092889,0.0742662414967624,0.0598804811795177,0.127337854050342,0.229050515191389,2.31397705491443,0.558446544457504,0.036074778741882,8.29404906756666e-07,1.2498877232172,0.142928242745686,0.1020044379357,0.0368030593149102,0.0871246501539525
4.1,0.0659230034479356,0.124083346900212,0.992628008235331,0.966503539818674,0.966503539818674,21.5359480674502,0.143820330542859,0.0857142880997,0.567080894300229,0.0740465816454373,0.0596900725843407,0.129453761038285,0.224653508606389,2.28026287602552,0.55203471714634,0.0360747772217876,7.92543115059498e-07,1.24988993904753,0.142925526444774,0.102001078163028,0.0368015872678726,0.0871241989369507
4.2,0.0672379332620837,0.125412503475193,1.00655767803867,0.966503539818674,0.966503539818674,21.5359480674502,0.143820329153726,0.0857142879888782,0.575378681166052,0.0738301666737387,0.0595020869184023,0.131596871164659,0.220313415794158,2.24666206754591,0.545676413851908,0.0360747758326578,7.61406078282104e-07,1.2498921105274,0.142922810143862,0.101997718390356,0.036800115220835,0.0871237477199489
4.3,0.0685951551743481,0.126781727549958,1.02092962080745,0.966503539818674,0.966503539818674,21.5359480674502,0.143820327891627,0.0857142878882838,0.583834457155398,0.0736144592822953,0.0593165594276943,0.133767760391002,0.216031928052985,2.21319605667233,0.539371720137546,0.0360747745705605,7.35600848509123e-07,1.24989423861007,0.14292009384295,0.101994358617685,0.0367986431737975,0.0871232965029471
4.4,0.069994425351341,0.128191491241682,1.03574548717968,0.966503539818674,0.966503539818674,21.5359480674502,0.143820326747299,0.0857142877971649,0.592449784033769,0.073399259920795,0.0591331509411559,0.135967103253785,0.211809724458139,2.17988064388485,0.533120265827046,0.0360747734262332,7.14524049338324e-07,1.24989632420099,0.142917377542038,0.101990998845013,0.0367971711267599,0.0871228452859453
4.5,0.0714372738398561,0.129643247286561,1.0510179500282,0.966503539818674,0.966503539818674,21.5359480674502,0.14382032571594,0.0857142877151338,0.60122073001238,0.0731858793580156,0.0589518557929735,0.138195522769108,0.207646883822318,2.14672710300662,0.526921462672373,0.036074772394876,6.97970734448243e-07,1.24989836806539,0.142914661241126,0.101987639072342,0.0367956990797223,0.0871223940689435
4.6,0.0729269403523086,0.131139393541344,1.06677030545516,0.966503539818674,0.966503539818674,21.5359480674502,0.143820324797052,0.085714287642154,0.610138068615122,0.072977084008191,0.0587729897496725,0.140453592297739,0.203542906425183,2.11374234506908,0.520774512247868,0.0360747714759901,6.86119964407334e-07,1.24990037083338,0.142911944940214,0.10198427929967,0.0367942270326847,0.0871219428519417
4.7,0.0744622466970323,0.132679885600442,1.08299839834208,0.966503539818674,0.966503539818674,21.5359480674502,0.143820323979021,0.0857142875772816,0.619206255234691,0.0727718787886164,0.0585960379725274,0.142742013513543,0.199498787519111,2.08094455488436,0.514679159242594,0.0360747706579622,6.7815849720456e-07,1.24990233348426,0.142909228639302,0.101980919526998,0.0367927549856471,0.0871214916349399
4.8,0.0760438004592048,0.134265666253879,1.09970916972679,0.966503539818674,0.966503539818674,21.5359480674502,0.143820323254725,0.0857142875199395,0.628424214866552,0.0725707890647472,0.0584208213647384,0.145061436224489,0.195514918068199,2.04834736024927,0.508634928811266,0.0360747699336719,6.7367419301125e-07,1.24990425685616,0.14290651233839,0.101977559754327,0.0367912829386095,0.0871210404179381
4.9,0.077677802268784,0.135903474781641,1.11696384794062,0.966503539818674,0.966503539818674,21.5359480674502,0.143820322636642,0.0857142874711434,0.637760521037683,0.0723776125691287,0.0582487461341953,0.147411839648859,0.191590930554646,2.0159562405979,0.502641206176026,0.0360747693155922,6.73672402418496e-07,1.24990614136561,0.142903796037478,0.101974199981655,0.036789810891572,0.0871205892009363
5,0.0793666224756171,0.137596080858412,1.13478648379376,0.966503539818674,0.966503539818674,21.5359480674502,0.143820322123826,0.0857142874308182,0.64720453284547,0.0721939060219289,0.0580801328259226,0.1497936622443,0.187726976891164,1.98378225560067,0.496697472388921,0.0360747688027777,6.78187737256131e-07,1.24990798771787,0.142901079736566,0.101970840208984,0.0367883388445344,0.0871201379839345
5.1,0.0811106687878739,0.139344220126748,1.15318207827486,0.966503539818674,0.966503539818674,21.5359480674502,0.143820321708455,0.0857142873983299,0.656756259946944,0.072020077844976,0.0579147456895496,0.152207577783448,0.183923475147496,1.95183932425007,0.490803257605396,0.0360747683874077,6.86757401254311e-07,1.24990979676616,0.142898363435655,0.101967480436312,0.0367868667974968,0.0871196867669327
5.2,0.0829118250084835,0.141150087812997,1.17217051358778,0.966503539818674,0.966503539818674,21.5359480674502,0.143820321388135,0.0857142873734852,0.666406048978351,0.0718575973717151,0.0577529108041021,0.154653984308745,0.180180591139365,1.92013873988085,0.484958040274069,0.0360747680670859,6.99306887374688e-07,1.24991156923523,0.142895647134743,0.10196412066364,0.0367853947504592,0.0871192355499309
5.3,0.0847700012491855,0.143011071505337,1.19177430895179,0.966503539818674,0.966503539818674,21.5359480674502,0.143820321163518,0.0857142873563371,0.676089928513095,0.0717145412005207,0.0576000385443749,0.15712963115312,0.17649670931254,1.8886759755491,0.479160766847343,0.0360747678424728,7.15819810910567e-07,1.24991330532263,0.142892930833831,0.101960760890969,0.0367839227034216,0.0871187843329291
5.4,0.0866882001829821,0.14493209184253,1.21201185166736,0.966503539818674,0.966503539818674,21.5359480674502,0.14382032103048,0.085714287346553,0.685829037671703,0.0715886330581132,0.0574535727419543,0.159636984783852,0.172873005327413,1.85747129298161,0.473411217358325,0.0360747677094392,7.36188715729137e-07,1.24991500605199,0.142890214532919,0.101957401118297,0.036782450656384,0.0871183331159273
5.5,0.0886682082212096,0.146915106818502,1.23290315406159,0.966503539818674,0.966503539818674,21.5359480674502,0.143820320986775,0.0857142873439518,0.695611042771087,0.0714816683127594,0.0573140903599282,0.162176263198178,0.169309557098188,1.82653520486308,0.467708844004334,0.0360747676657396,7.60341962832646e-07,1.24991667212206,0.142887498232007,0.101954041345626,0.0367809786093465,0.0871178818989255
5.6,0.0907118117752046,0.148962074427181,1.2544682284616,0.966503539818674,0.966503539818674,21.5359480674502,0.143820321030158,0.0857142873483526,0.705423610128159,0.0713954423327265,0.0571821683613846,0.164747684393336,0.165806442539065,1.79587822387819,0.462053098982689,0.0360747677091286,7.88207913223345e-07,1.24991830423157,0.142885261986102,0.101951226674032,0.0367797339488166,0.0871174493049344
5.7,0.0928207972563034,0.151074952662495,1.2767270871945,0.966503539818674,0.966503539818674,21.5359480674502,0.143820321158383,0.0857142873595744,0.715254406059832,0.0713317504862815,0.0570583837094114,0.167351466366563,0.162363739564247,1.76551086271164,0.45644343449071,0.0360747678373607,8.19714927903481e-07,1.24991990307927,0.142884215027025,0.101949762434203,0.0367790526149345,0.0871170628475338
5.8,0.0949991933384559,0.153257854750845,1.29971931242346,0.966503539818674,0.966503539818674,21.5359480674502,0.14382032138008,0.0857142873783177,0.725069809000637,0.0712941971908833,0.0569449987634309,0.169986059487269,0.1589814534996,1.73543989566595,0.450879525314109,0.0360747680590662,8.55469609152234e-07,1.24992146904588,0.142883168067948,0.101948298194375,0.0367783712810523,0.0871166763901331
5.9,0.0972563558568232,0.155520014313895,1.32353098027313,0.966503539818674,0.966503539818674,21.5359480674502,0.14382032172972,0.0857142874073777,0.73478562169401,0.0712906847979735,0.0568482800427369,0.172645714599632,0.155659417215831,1.70566321540573,0.445361575063482,0.036074768408714,8.97689922967271e-07,1.24992300175652,0.14288212110887,0.101946833954546,0.0367776899471702,0.0871162899327324
6,0.0995896262968453,0.157859116942957,1.3481433090103,0.966503539818674,0.966503539818674,21.5359480674502,0.143820322183497,0.0857142874448257,0.744431710268389,0.0713194225260288,0.056765463482579,0.175334153739477,0.152397852521869,1.67619874535861,0.439888594690366,0.0360747688624991,9.44959725832062e-07,1.24992450254038,0.142881074149793,0.101945369714718,0.0367770086132881,0.0871159034753318
6.1,0.102001554449952,0.160277854382573,1.37358297352837,0.966503539818674,0.966503539818674,21.5359480674502,0.143820322742868,0.0857142874907809,0.753988493564162,0.0713828216355554,0.0566976998405704,0.178050993113738,0.149196812619161,1.64705572547408,0.434460112172477,0.0360747694218787,9.97438286532168e-07,1.24992597198794,0.142880027190716,0.101943905474889,0.0367763272794059,0.0871155170179311
6.2,0.104494690107575,0.162778918377285,1.39987664872072,0.966503539818674,0.966503539818674,21.5359480674502,0.143820323409291,0.0857142875453624,0.763436390421717,0.0714832933870597,0.0566461398743243,0.18079584892935,0.14605635070915,1.61824339570165,0.42907565548753,0.0360747700883101,1.05528487385315e-06,1.24992741068966,0.142878980231639,0.10194244123506,0.0367756459455238,0.0871151305605305
6.3,0.107071583061143,0.165365000671635,1.42705100948075,0.966503539818674,0.966503539818674,21.5359480674502,0.143820324184222,0.0857142876086893,0.772755819681444,0.0716232490410479,0.0566119343414541,0.183568337393247,0.142976519993282,1.58977099599081,0.423734752613242,0.0360747708632504,1.11865875658057e-06,1.24992881923602,0.142877933272561,0.101940976995232,0.0367749646116417,0.0871147441031298
6.4,0.109745251702595,0.168049848281999,1.45524248469832,0.966503539818674,0.966503539818674,21.5359480674502,0.143820325101154,0.0857142876834747,0.78188895435257,0.0718078934335025,0.0565995071821952,0.186362894806953,0.139957269319496,1.56164107065638,0.418437778403491,0.0360747717801912,1.18964538802857e-06,1.24993019735407,0.142876886313484,0.101939512755403,0.0367742832777595,0.0871143576457291
6.5,0.112528309667344,0.170846780785255,1.48458325974991,0.966503539818674,0.966503539818674,21.5359480674502,0.14382032619234,0.0857142877723313,0.790779446175852,0.07204232338999,0.0566131557829028,0.189174157747142,0.136998551570436,1.53385642289224,0.413185074968655,0.0360747728713857,1.27025574777896e-06,1.24993154480428,0.142875839354407,0.101938048515575,0.0367736019438774,0.0871139711883285
6.6,0.115415812826814,0.173750576038815,1.51502144242062,0.966503539818674,0.966503539818674,21.5359480674502,0.143820327436306,0.0857142878735213,0.799435092168845,0.0723269503973945,0.0566516878020597,0.192005450442347,0.134100494648732,1.50643108570031,0.407975564052383,0.0360747741153592,1.35927025051272e-06,1.24993286279518,0.14287479239533,0.101936584275746,0.0367729206099953,0.0871135847309278
6.7,0.118412110035284,0.176765825671436,1.54660256918303,0.966503539818674,0.966503539818674,21.5359480674502,0.143820328840013,0.0857142879876097,0.807829738502176,0.0726646658012014,0.0567168165042976,0.194855498916005,0.131263133822342,1.47937314836361,0.4028089191708,0.0360747755190741,1.45717918605545e-06,1.24993415176885,0.142873745436252,0.101935120035917,0.0367722392761131,0.0871131982735271
6.8,0.121521550147035,0.179897121311873,1.57937217650976,0.966503539818674,0.966503539818674,21.5359480674502,0.143820330410425,0.0857142881151615,0.815937231346471,0.0730583609468963,0.056810255154248,0.197723029191557,0.128486504359222,1.45269070016517,0.397684813840028,0.0360747770894929,1.56447284423272e-06,1.24993541216739,0.142872698477175,0.101933655796089,0.036771557942231,0.0871128118161265
6.9,0.124748482016346,0.183149054588884,1.6133758008734,0.966503539818674,0.966503539818674,21.5359480674502,0.143820332154504,0.0857142882567414,0.823731416872357,0.0735109271799649,0.0569337170165424,0.200606767292442,0.125770641527331,1.42639183038801,0.39260292157619,0.0360747788335779,1.68164151487012e-06,1.2499366444329,0.142871651518098,0.10193219155626,0.0367708766083489,0.0871124253587258
7,0.128124615770482,0.18655508028712,1.64894960876912,0.966503539818674,0.966503539818674,21.5359480674502,0.143820334169009,0.0857142884201838,0.831174918731,0.0740284180521292,0.0570927890566295,0.203496368685318,0.123114988886032,1.40047376486831,0.387564665070205,0.0360747808480892,1.81462513639587e-06,1.24993784702455,0.14287060455902,0.101930727316432,0.0367701952744667,0.0871120389013252
7.1,0.131656521497563,0.190122133194542,1.68616273050017,0.966503539818674,0.966503539818674,21.5359480674502,0.143820336468193,0.0857142886066437,0.838240672030153,0.0746139816220587,0.0572894990126435,0.206389823030675,0.120519533667391,1.37494371097635,0.382569859839128,0.036074783147279,1.96435641021153e-06,1.24993902022347,0.142869557599943,0.101929263076603,0.0367695139405846,0.0871116524439245
7.2,0.13534167111828,0.193847550525741,1.72498765610723,0.966503539818674,0.966503539818674,21.5359480674502,0.143820339036449,0.085714288814859,0.844905343588484,0.0752697144519588,0.0575245865401556,0.209288136129529,0.117984459858349,1.34981248839451,0.377617739764604,0.0360747857155402,2.12995592117469e-06,1.24994016497013,0.142868510640866,0.101927798836774,0.0367688326067025,0.0871112659865238
7.3,0.139187455279905,0.197739132669002,1.7655022318303,0.966503539818674,0.966503539818674,21.5359480674502,0.143820341890722,0.0857142890462026,0.851141531952612,0.0759988594344373,0.0578001955488195,0.212189025618169,0.115509736945748,1.32508697870045,0.372708172821094,0.0360747885698181,2.31251980456798e-06,1.24994128148617,0.142867685979308,0.10192662612418,0.036768283976333,0.0871109249669583
7.4,0.143201264629712,0.201804680012607,1.80778430390942,0.966503539818674,0.966503539818674,21.5359480674502,0.143820345047958,0.0857142893020477,0.856921835669154,0.0768046594621018,0.0581184699482886,0.215090209132886,0.113095334416431,1.30077406347182,0.367841026983058,0.0360747917270582,2.51314419567402e-06,1.24994236999325,0.142867402303304,0.101926162875292,0.0367680582946104,0.0871106945253802
7.5,0.147390489814976,0.206051992944842,1.85191171858458,0.966503539818674,0.966503539818674,21.5359480674502,0.143820348525102,0.0857142895837674,0.86221885328473,0.0776903574275599,0.0584815536482163,0.21798940430997,0.110741221757238,1.27688062428627,0.363016170224955,0.0360747952042057,2.73292522977543e-06,1.24994343071302,0.142867118627299,0.101925699626404,0.0367678326128877,0.087110464083802
7.6,0.151824251422254,0.210553734718337,1.89861111867581,0.966503539818674,0.966503539818674,21.5359480674502,0.143820352631752,0.0857142899164362,0.86707602053384,0.0786660821511431,0.0588961997089257,0.220873278070246,0.108445635670065,1.25339198940065,0.358236201315134,0.0360747993108591,2.99118822185257e-06,1.24994445854358,0.142866834951294,0.101925236377515,0.0367676069311651,0.0871102336422239
7.7,0.156486705457503,0.215293291872841,1.94771614872782,0.966503539818674,0.966503539818674,21.5359480674502,0.143820357274701,0.0857142902925063,0.871439273428335,0.0797324847189117,0.0593628171936761,0.223743707448395,0.106209197847752,1.23032315288526,0.353499960379701,0.0360748039538117,3.28216799391467e-06,1.24994545571032,0.14286655127529,0.101924773128627,0.0367673812494425,0.0871100032006458
7.8,0.161384755070435,0.220277952557541,1.99929953126346,0.966503539818674,0.966503539818674,21.5359480674502,0.143820362468584,0.0857142907131634,0.875280651094937,0.0808927536434917,0.0598835136124462,0.226598497351113,0.1040318914614,1.20768116652997,0.348807293827317,0.0360748091476975,3.60681672061925e-06,1.24994642247693,0.142866267599285,0.101924309879739,0.0367671555677199,0.0871097727590677
7.9,0.166530738762215,0.22552071612867,2.05349111566286,0.966503539818674,0.966503539818674,21.5359480674502,0.143820368253803,0.0857142911816804,0.878578429909526,0.0821506837468247,0.0604608023131934,0.229434479664174,0.101913547109544,1.18547118434421,0.344158288514388,0.036074814932919,3.96769166484328e-06,1.24994735863836,0.142865983923281,0.101923846630851,0.0367669298859972,0.0871095423174896
8,0.171936995034006,0.231034581942458,2.11042075130616,0.966503539818674,0.966503539818674,21.5359480674502,0.14382037467076,0.0857142917013301,0.881310886247984,0.0835100698508523,0.0610971966438751,0.232248486273354,0.0998539953907209,1.16369836033739,0.339553031297317,0.0360748213498787,4.36735008946373e-06,1.24994826398955,0.142865700247276,0.101923383381962,0.0367667042042746,0.0871093118759115
8.1,0.177627449932432,0.23684482231124,2.17033954597662,0.966503539818674,0.966503539818674,21.5359480674502,0.143820381845544,0.0857142922823284,0.883471159877124,0.0849762293608076,0.0617959102491001,0.23503662693438,0.0978528035902923,1.14236455821648,0.334991897448914,0.0360748285246646,4.81376754277425e-06,1.24994913692576,0.142865416571271,0.101922920133074,0.036766478522552,0.0871090814343334
8.2,0.183721273991676,0.243077587806595,2.23449529778395,0.966503539818674,0.966503539818674,21.5359480674502,0.143820390608541,0.0857142929919605,0.885174561049096,0.0865669946417009,0.0625659129015473,0.23778907581406,0.0959073746760582,1.12144459686068,0.330477632896989,0.0360748372876637,5.35945547756484e-06,1.24994996433717,0.142865132895267,0.101922456884186,0.0367662528408294,0.0871088509927553
8.3,0.190172417311437,0.249684035672409,2.30240684799215,0.966503539818674,0.966503539818674,21.5359480674502,0.143820400568393,0.0857142937985137,0.886324471103566,0.0882784883812168,0.0634061892292948,0.240506303534202,0.0940188660534489,1.10096020976134,0.326008871198553,0.0360748472475173,5.97966899636717e-06,1.24995075307175,0.142864849219262,0.101921993635297,0.0367660271591067,0.0871086205511772
8.4,0.197001920061724,0.256686381642974,2.37429510499572,0.966503539818674,0.966503539818674,21.5359480674502,0.143820411829847,0.0857142947104746,0.886910328081865,0.0901156487854273,0.0643197784681658,0.243184599696921,0.092186910585937,1.0809140800748,0.32158591579635,0.0360748585089734,6.68103422423128e-06,1.24995150187332,0.142864565543258,0.101921530386409,0.0367658014773841,0.0871083901095991
8.5,0.204230822412546,0.264106841452583,2.45038097718918,0.966503539818674,0.966503539818674,21.5359480674502,0.143820424497652,0.0857142957363302,0.886921570025322,0.0920834140604045,0.0653097198539835,0.245820253904335,0.0904111411369952,1.0613088909574,0.317209070133121,0.0360748711767802,7.47017728620723e-06,1.24995220948574,0.142864281867253,0.101921067137521,0.0367655757956615,0.087108159668021
8.6,0.21188016453391,0.271967630835526,2.53088537296703,0.966503539818674,0.966503539818674,21.5359480674502,0.143820438676556,0.085714296884567,0.886347634975268,0.0941867224122205,0.0663790526225713,0.24840955575856,0.0886911905700963,1.04214732556548,0.312878637651609,0.0360748853556858,8.35372430734508e-06,1.24995287465283,0.142863998191249,0.101920603888633,0.0367653501139389,0.0871079292264429
8.7,0.22001523624137,0.280335935948547,2.61650560308821,0.966503539818674,0.966503539818674,21.5359480674502,0.143820455255964,0.0857142982272884,0.885228383964996,0.0964399921827705,0.0675349093614262,0.250948302100201,0.0870258646084983,1.02342028607399,0.308595638246458,0.0360749019350948,9.38821269458547e-06,1.2499534839005,0.142863714515244,0.101920140639744,0.0367651244322162,0.0871076987848648
8.8,0.228747698732956,0.289326069668479,2.708438223808,0.966503539818674,0.966503539818674,21.5359480674502,0.143820475947559,0.0857142999032647,0.883656518763977,0.0988675764150934,0.0687887122828263,0.25343177338081,0.085413102174499,1.00510632878735,0.304361842617538,0.0360749226266915,1.06824843448628e-05,1.24995401095089,0.142863430839239,0.101919677390856,0.0367648987504936,0.0871074683432867
8.9,0.238041662782697,0.298902391017868,2.80629122790282,0.966503539818674,0.966503539818674,21.5359480674502,0.143820499846591,0.0857143018391368,0.881556605696699,0.10146221664341,0.0701382343196572,0.255856893164989,0.0838536002890852,0.98722329368739,0.300176632456163,0.0360749465257242,1.21789520071484e-05,1.24995447026683,0.142863147163235,0.101919214141968,0.036764673068771,0.0871072379017086
9,0.247929121599658,0.309098247182738,2.91040344682938,0.966503539818674,0.966503539818674,21.5359480674502,0.143820527252031,0.0857143040591383,0.878930563921427,0.104231197675595,0.0715875279280788,0.258219829082439,0.0823467870751275,0.969770947804269,0.296040488547189,0.0360749739311657,1.38965962607074e-05,1.24995485756785,0.14286286348723,0.10191875089308,0.0367644473870484,0.0871070074601304
9.1,0.258442068392904,0.319946985349111,3.02111371204439,0.966503539818674,0.966503539818674,21.5359480674502,0.143820558462853,0.0857143065875028,0.875780312596426,0.10718180431952,0.073140645564251,0.260516748762865,0.0808920906554964,0.952749058168162,0.291953891675471,0.0360750051419889,1.58543976848052e-05,1.24995516857351,0.142862579811226,0.101918287644191,0.0367642217053257,0.0871067770185523
9.2,0.2696124963715,0.331481952703011,3.13876085500458,0.966503539818674,0.966503539818674,21.5359480674502,0.14382059377803,0.0857143094484639,0.872107770879959,0.110321321383058,0.0748016396843337,0.262743819835968,0.0794889391530624,0.936157391809239,0.287917322625867,0.0360750404571665,1.80713368587071e-05,1.24995539900337,0.142862296135221,0.101917824395303,0.0367639960236031,0.0871065465769742
9.3,0.281477321086007,0.343726371142408,3.26379489400968,0.966503539818674,0.966503539818674,21.5359480674502,0.143820637602411,0.085714312999413,0.867988182214079,0.113688170271388,0.0765884299957529,0.264898764306038,0.0781357109048651,0.919976593097797,0.28393166967694,0.0360750842815489,2.08267680525807e-05,1.24995548153817,0.142862012459216,0.101917361146415,0.0367637703418805,0.0871063161353961
9.4,0.294071152306139,0.356708205571277,3.39661376391637,0.966503539818674,0.966503539818674,21.5359480674502,0.143820692417525,0.0857143174416795,0.863462442621157,0.117306187020149,0.0785124403457027,0.266978576059017,0.0768312760009169,0.904196264064406,0.279997630224279,0.0360751390966635,2.42780782431691e-05,1.24995537838805,0.142861728783212,0.101916897897527,0.0367635446601579,0.087106085693818
9.5,0.30742357408477,0.370465758825389,3.53750187767514,0.966503539818674,0.966503539818674,21.5359480674502,0.143820756512791,0.0857143226364388,0.858496583937856,0.121167417160086,0.0805709361004436,0.268978661962447,0.0755755763638796,0.888825530999354,0.276115485611886,0.0360752031919309,2.83168125422708e-05,1.24995511612581,0.142861445107207,0.101916434648638,0.0367633189784353,0.0871058552522399
9.6,0.321567279165187,0.385030939144384,3.68681386796288,0.966503539818674,0.966503539818674,21.5359480674502,0.143820830770687,0.085714328655271,0.853102945738382,0.125283570449143,0.0827699404483227,0.270895410544603,0.074367890927236,0.873861443332864,0.272285774535227,0.0360752774498273,3.29989543066619e-05,1.24995468151231,0.142861161431203,0.10191597139975,0.0367630932967126,0.0871056248106618
9.7,0.336534960290676,0.400435654767902,3.84490436745647,0.966503539818674,0.966503539818674,21.5359480674502,0.143820916073687,0.0857143355697562,0.84729386759694,0.129666356645269,0.0851154765776865,0.272725210333763,0.0732074986244688,0.859301050495159,0.268509035689766,0.0360753627528286,3.83804868931186e-05,1.24995406130841,0.142861126157007,0.101915705636153,0.0367629457813664,0.0871054340758956
9.8,0.352359310204523,0.41671181393558,4.01212800883277,0.966503539818674,0.966503539818674,21.5359480674502,0.143821013304268,0.0857143434514744,0.841081689087735,0.134327485506407,0.087613567676882,0.274464449858202,0.0720936783890609,0.845141401916463,0.264785807770968,0.0360754599834107,4.4517393658417e-05,1.24995324227493,0.142861695396034,0.101915920474811,0.0367629884925256,0.0871053399720395
9.9,0.368824701992887,0.433587320081064,4.18639003175801,0.966503539818674,0.966503539818674,21.5359480674502,0.143821132604225,0.0857143531242571,0.834522074621976,0.139332300019973,0.0902931483257095,0.276110427952942,0.0710252843403509,0.831364945561581,0.261115527034407,0.0360755792833681,5.20503487769874e-05,1.24995207017145,0.142862264635061,0.101916135313469,0.0367630312036848,0.0871052458681833
10,0.385940098973577,0.451065030745906,4.36781100492239,0.966503539818674,0.966503539818674,21.5359480674502,0.143821275740853,0.0857143647315698,0.827631503895125,0.144697635135113,0.0931624311249949,0.277659620135168,0.0700015548165835,0.817967335544757,0.257498626826396,0.036075722419997,6.1091208657886e-05,1.24995051828472,0.142862833874089,0.101916350152128,0.036763073914844,0.0871051517643271
10.1,0.40374558183929,0.469185898850914,4.55681843478114,0.966503539818674,0.966503539818674,21.5359480674502,0.143821443321148,0.0857143783226115,0.820421027490785,0.150433604926248,0.0962267576086284,0.279108387849918,0.0690217813902144,0.804946055715659,0.253935678641938,0.0360758900002924,7.16785610709626e-05,1.24994857757064,0.142863403113116,0.101916564990786,0.0367631166260033,0.087105057660471
10.2,0.422228320249028,0.487926101097734,4.75331792019013,0.966503539818674,0.966503539818674,21.5359480674502,0.143821637925045,0.0857143941068685,0.812910927488519,0.156561751437875,0.0994963511850127,0.280453286507026,0.0680851651158732,0.792295478697735,0.250427019072225,0.0360760846041903,8.39755775419815e-05,1.24994620894105,0.142863972352143,0.101916779829444,0.0367631593371625,0.0871049635566148
10.3,0.440960230127935,0.506783934789946,4.95293000940772,0.966503539818674,0.966503539818674,21.5359480674502,0.143821868105156,0.0857144127799154,0.805126416584716,0.163142558726722,0.102999198130389,0.281690784922549,0.0671912050068973,0.780007448214325,0.246971445603177,0.0360763147843012,9.8498449936158e-05,1.2499432743656,0.14286454159117,0.101916994668102,0.0367632020483217,0.0871048694527587
10.4,0.459747269213186,0.525527035592564,5.15369035481952,0.966503539818674,0.966503539818674,21.5359480674502,0.143822139047821,0.0857144347633618,0.797089928523038,0.170214562680569,0.106753273363034,0.282817400717797,0.0663392321436466,0.768075233306148,0.243568623178267,0.0360765857269671,0.000115564403768274,1.24993969157894,0.142865110830198,0.101917209506761,0.0367632447594809,0.0871047753489025
10.5,0.47855034903084,0.544101362006302,5.35523359461545,0.966503539818674,0.966503539818674,21.5359480674502,0.143822453710653,0.085714460297431,0.788822057165411,0.177801767801084,0.110769923507609,0.283829683826937,0.0655284664218561,0.756493046684313,0.240218791064982,0.0360769003897998,0.000135358933433826,1.24993541523639,0.142865680069225,0.101917424345419,0.0367632874706401,0.0871046812450463
10.6,0.497170566077468,0.562318423383695,5.55489818893648,0.966503539818674,0.966503539818674,21.5359480674502,0.143822816376598,0.0857144897310813,0.780339058759662,0.185961693146624,0.115077780360868,0.284722226746209,0.0647586268071308,0.74525566661751,0.236920807323146,0.0360772630557452,0.00015809922429655,1.24993035969971,0.142866249308252,0.101917639184077,0.0367633301817994,0.0871045871411902
10.7,0.515412988685047,0.579990901259228,5.7501080372455,0.966503539818674,0.966503539818674,21.5359480674502,0.143823231338345,0.0857145234140037,0.771657570777887,0.194750212401128,0.119704587936185,0.285489754994406,0.064029403005497,0.734357789838851,0.233673598932175,0.0360776780174924,0.000184006242236505,1.24992444042914,0.142866818547279,0.101917854022735,0.0367633728929586,0.087104493037334
10.8,0.533138773848051,0.596948030249645,5.93949357875431,0.966503539818674,0.966503539818674,21.5359480674502,0.143823703026171,0.0857145617062411,0.762799614188065,0.20419996393263,0.124665553326975,0.2861288725813,0.0633400715309829,0.723792961668818,0.230477066126304,0.0360781497053189,0.000213354340065166,1.24991758839779,0.142867387786306,0.101918068861394,0.0367634156041178,0.0871043989334778
10.9,0.550263750631726,0.613134471058019,6.12209743672962,0.966503539818674,0.966503539818674,21.5359480674502,0.143824232163801,0.0857146046673072,0.753781747623734,0.214360700828519,0.12999075242198,0.286631451968346,0.0626905377222155,0.713556199813828,0.227330367178984,0.0360786788429489,0.000246122635271787,1.24990976353019,0.142867957025334,0.101918283700052,0.036763458315277,0.0871043048296217
11,0.566760955177668,0.628582685136102,6.29764723740625,0.966503539818674,0.966503539818674,21.5359480674502,0.143824816872134,0.0857146521454167,0.744618371155616,0.225286877987571,0.135716822289953,0.286986594301,0.0620810222824481,0.7036432008583,0.224232445507324,0.0360792635512829,0.000282096660119913,1.2499009514513,0.142868526264361,0.10191849853871,0.0367635010264363,0.0871042107257655
11.1,0.582450711456709,0.643090753090116,6.46404201697549,0.966503539818674,0.966503539818674,21.5359480674502,0.143825462220214,0.0857147045528386,0.735329647057901,0.237020398997275,0.141862885172705,0.2871907986501,0.0615109040607494,0.694047849146985,0.221182818079485,0.0360799088993626,0.000321578715460662,1.24989106917981,0.142869095503388,0.101918713377369,0.0367635437375955,0.0871041166219093
11.2,0.597275929632795,0.656622845127129,6.62074073823188,0.966503539818674,0.966503539818674,21.5359480674502,0.143826166710841,0.0857147617681487,0.725931731439005,0.249626347187297,0.148462390466128,0.28723627559751,0.0609803096491401,0.684765369746378,0.218180931559889,0.0360806133899902,0.000364410289528349,1.2498801076067,0.142869664742415,0.101918928216027,0.0367635864487547,0.0871040225180532
11.3,0.611315159343016,0.669303931466689,6.76902430797406,0.966503539818674,0.966503539818674,21.5359480674502,0.143826920551321,0.0857148229951109,0.716436992828085,0.263209105563963,0.155564919011088,0.287112209517187,0.0604902679730747,0.675792352434925,0.215226561214678,0.0360813672304702,0.000409875080545728,1.2498681589466,0.142870233981443,0.101919143054685,0.0367636291599139,0.087103928414197
11.4,0.624419084334598,0.68098884829521,6.90711288024083,0.966503539818674,0.966503539818674,21.5359480674502,0.143827727884879,0.0857148885711314,0.706864162652191,0.277807036117843,0.163192951822876,0.286812868624404,0.0600402920938853,0.667123094359764,0.212318930279515,0.0360821745640282,0.000458193839308767,1.2498551451967,0.14287080322047,0.101919357893343,0.0367636718710731,0.0871038343103408
11.5,0.63653781777604,0.69164393527464,7.0345347011879,0.966503539818674,0.966503539818674,21.5359480674502,0.143828585593958,0.0857149582426785,0.697228583415005,0.293469847873869,0.171380782754831,0.286327883413199,0.0596307778895739,0.658753241531928,0.209457654975925,0.0360830322731078,0.000509111753020844,1.24984108102543,0.142871372459497,0.101919572732002,0.0367637145822324,0.0871037402064847
11.6,0.647723507738976,0.701320491922797,7.15203331680355,0.966503539818674,0.966503539818674,21.5359480674502,0.143829477652161,0.0857150307044513,0.687539286671279,0.310178120087621,0.180174771667671,0.285630933296115,0.0592640512169775,0.650681436173319,0.206643458441346,0.0360839243313107,0.000561577527771678,1.24982616130258,0.142871941698524,0.10191978757066,0.0367637572933916,0.0871036461026285
11.7,0.657888511458733,0.709953420241164,7.25868727634712,0.966503539818674,0.966503539818674,21.5359480674502,0.143830405718584,0.0857151060921039,0.677813950162525,0.328007141844104,0.189604747634998,0.2847175511393,0.0589397938048251,0.642902215608295,0.203875547305665,0.0360848523977339,0.000615631072342983,1.24981033401677,0.142872510937551,0.101920002409318,0.0367638000045508,0.0871035519987723
11.8,0.666998799085385,0.717523251026937,7.35418987814939,0.966503539818674,0.966503539818674,21.5359480674502,0.143831365028198,0.0857151840178221,0.6680669960922,0.346996160672147,0.199705564970791,0.283575223147256,0.0586587244458197,0.635411737245173,0.201153709240744,0.0360858117073481,0.000670919305008958,1.24979363798136,0.142873080176579,0.101920217247977,0.03676384271571,0.0871034578949162
11.9,0.675200440311453,0.724187909068244,7.43971810499877,0.966503539818674,0.966503539818674,21.5359480674502,0.143832337992075,0.0857152630475004,0.658303386768451,0.367070230835225,0.210496861771439,0.282172574441098,0.0584256067803246,0.628212718067907,0.198479669807448,0.0360867846712259,0.000726391803208346,1.24977632288048,0.142873649415606,0.101920432086635,0.0367638854268692,0.08710336379106
12,0.682420677307824,0.729889778975483,7.51464620888084,0.966503539818674,0.966503539818674,21.5359480674502,0.143833322602794,0.0857153430183156,0.648539578617718,0.388293155584764,0.222016764393425,0.280501147047093,0.058240289811071,0.621299904936486,0.195852799960728,0.0360877692819443,0.000781845438963109,1.24975838218258,0.142874218654633,0.101920646925293,0.0367639281380285,0.0871032696872038
12.1,0.688657429795851,0.734640861153605,7.57893069302788,0.966503539818674,0.966503539818674,21.5359480674502,0.14383431182037,0.0857154233568417,0.638788315662628,0.410683924619833,0.234297427801125,0.278545081222718,0.0581042098847705,0.61467061892476,0.19327323115301,0.0360887584995206,0.00083680342262223,1.24973989210937,0.142874653077873,0.101920840095863,0.0367639746460683,0.0871031955315183
12.2,0.694026601058193,0.738558875983853,7.63395248306649,0.966503539818674,0.966503539818674,21.5359480674502,0.143835293582797,0.0857155030793531,0.629053060553965,0.434003295187609,0.24730659821866,0.276270151014859,0.0580248183284795,0.608332823316453,0.190743385479611,0.036089740261948,0.000890637768101851,1.24972105649577,0.14287475941201,0.101920980534748,0.0367640303942361,0.0871031699219081
12.3,0.698521309379179,0.741651521510722,7.67961011420064,0.966503539818674,0.966503539818674,21.5359480674502,0.143836261054468,0.0857155816291213,0.619346935027334,0.458280765966904,0.261079051776498,0.273661244108875,0.0580033067043904,0.602283406092024,0.188263301173381,0.0360907077336193,0.000942877838812812,1.24970194637019,0.142874865746148,0.101921120973633,0.0367640861424039,0.0871031443122978
12.4,0.702158338208661,0.743947701111984,7.71608783255345,0.966503539818674,0.966503539818674,21.5359480674502,0.143837206392457,0.0857156583671201,0.609681199158983,0.483494039321424,0.275636645487536,0.270699564292057,0.0580420730606156,0.596521389848445,0.185833475924766,0.0360916530716084,0.000993022671156234,1.2496826583577,0.142874972080286,0.101921261412518,0.0367641418905717,0.0871031187026876
12.5,0.704992034576131,0.745494958036709,7.74407516570888,0.966503539818674,0.966503539818674,21.5359480674502,0.143838123525289,0.0857157327988894,0.600060342190283,0.509356475594152,0.290903225293444,0.267360516797075,0.0581511446038971,0.591059511609584,0.183456846102081,0.0360925702044404,0.00104082214698421,1.24966332095506,0.142875078414424,0.101921401851403,0.0367641976387396,0.0871030930930774
12.6,0.707057880480044,0.74633321361634,7.76400188502728,0.966503539818674,0.966503539818674,21.5359480674502,0.143839005101528,0.0857158043254959,0.590492695682523,0.535735283295656,0.306860835402737,0.263622413323472,0.0583360553244003,0.58590242495813,0.181134925372901,0.0360934517806793,0.00108586554534231,1.24964404766675,0.142875184748561,0.101921542290288,0.0367642533869074,0.0871030674834671
12.7,0.708381611472938,0.746498451388217,7.77616356118934,0.966503539818674,0.966503539818674,21.5359480674502,0.143839843108458,0.0857158722940312,0.580988576296466,0.562577155186618,0.323521587626753,0.259465067170347,0.0586000178329999,0.581050607240737,0.178868492379465,0.0360942897876095,0.00112765917130353,1.24962494425165,0.142875291082699,0.101921682729173,0.0367643091350752,0.0871030418738569
12.8,0.708991928789883,0.746013741132843,7.78085512978506,0.966503539818674,0.966503539818674,21.5359480674502,0.143840634081764,0.0857159364232357,0.571553454254111,0.589661331494845,0.340792148887914,0.254882959220855,0.0589562111732242,0.576522732048393,0.176661684016197,0.0360950807609158,0.00116609225843941,1.24960610007028,0.142875397416837,0.101921823168058,0.036764364883243,0.0871030162642466
12.9,0.708917225257364,0.744900964147715,7.77836415349883,0.966503539818674,0.966503539818674,21.5359480674502,0.143841374863933,0.0857159964569212,0.562192542764023,0.616758766925141,0.358572877953415,0.249871758085506,0.0594184390352765,0.572338616808346,0.174518850231245,0.0360958215430852,0.00120107837976029,1.24958760282408,0.142875503750975,0.101921963606943,0.0367644206314109,0.0871029906546364
13,0.708190646137629,0.743200315711801,7.76909180813,0.966503539818674,0.966503539818674,21.5359480674502,0.143842057569768,0.0857160517525536,0.552915015494592,0.643768092316051,0.376861339387844,0.244408830037553,0.0599908795887579,0.568500452952367,0.172441057911908,0.0360965042489203,0.00123215604861577,1.24956956577935,0.142875610085112,0.101922104045828,0.0367644763795787,0.0871029650450262
13.1,0.706833993092511,0.740930516036279,7.75326253401049,0.966503539818674,0.966503539818674,21.5359480674502,0.143842679393598,0.0857161020827688,0.543726390684359,0.670562082560617,0.395572685420645,0.238505217631289,0.0606883044225915,0.565031405979857,0.170432026122139,0.0360971260727505,0.00125923589019459,1.24955206499232,0.14287571641925,0.101922244484714,0.0367645321277465,0.0871029394354159
13.2,0.704855759236922,0.738090920284638,7.73091818168569,0.966503539818674,0.966503539818674,21.5359480674502,0.143843241862493,0.0857161475743775,0.534629417863628,0.697056291183,0.414564600892851,0.232208849069833,0.0615346676149111,0.561973717812752,0.168497226462905,0.0360976885416455,0.00128252796118379,1.24953513910572,0.142875822753388,0.101922384923599,0.0367645878759143,0.0871029138258057
13.3,0.702290361729287,0.734718605269617,7.70245627280465,0.966503539818674,0.966503539818674,21.5359480674502,0.143843738063672,0.0857161876642853,0.525632239797087,0.723082942167233,0.433806712774623,0.225495802100281,0.0625360364488982,0.559332470943721,0.166638716725526,0.036098184742824,0.00130165904834334,1.24951889964098,0.142875929087526,0.101922525362484,0.0367646436240822,0.0871028882161955
13.4,0.699161018766102,0.730835125427364,7.66811775120183,0.966503539818674,0.966503539818674,21.5359480674502,0.143844165576622,0.0857162221565865,0.516740181524012,0.748534549232378,0.453220936887886,0.218384541404319,0.0637094727379692,0.557135587058884,0.164860730801298,0.0360986122557746,0.00131655723825782,1.24950341648784,0.142876035421663,0.101922665801369,0.03676469937225,0.0871028626065852
13.5,0.695482385083965,0.726453728431979,7.62801032336102,0.966503539818674,0.966503539818674,21.5359480674502,0.143844529316294,0.0857162514548625,0.507954164958802,0.773461679875619,0.472695687192038,0.210978242503645,0.0650955044139117,0.555459729035384,0.16317239886793,0.0360989759954461,0.00132760836329437,1.24948868093042,0.142876141755801,0.101922806240254,0.0367647551204178,0.087102836996975
13.6,0.691281048666304,0.721599237493973,7.58242736303269,0.966503539818674,0.966503539818674,21.5359480674502,0.143844823975615,0.0857162751273048,0.499281247804027,0.797694652446128,0.492166062748003,0.203262035716857,0.0667019591931829,0.554313638528084,0.161576028090584,0.0360992706547674,0.00133456038357304,1.24947479379036,0.142876248089939,0.101922946679139,0.0367648108685856,0.0871028113873647
13.7,0.686579502513873,0.716292515621479,7.5315989319667,0.966503539818674,0.966503539818674,21.5359480674502,0.143845047778354,0.0857162930306571,0.490726372419903,0.821139600195564,0.511551487590508,0.195261826915882,0.0685480431548423,0.553729737346647,0.16007631110043,0.0360994944575067,0.00133738129467621,1.24946181794048,0.142876354424077,0.101923087118024,0.0367648666167534,0.0871027857777545
13.8,0.681393590764208,0.710550136216678,7.47572366524338,0.966503539818674,0.966503539818674,21.5359480674502,0.143845208787278,0.0857163058249946,0.482289302660536,0.843867526601731,0.530807378017936,0.187117318078425,0.0706993796825954,0.553845172791675,0.158689660309411,0.0360996554664306,0.00133660006144133,1.24944969054283,0.142876460758214,0.101923227556909,0.0367649223649213,0.0871027601681443
13.9,0.675747519203819,0.704394067315093,7.4150397203051,0.966503539818674,0.966503539818674,21.5359480674502,0.143845302691572,0.085716313160118,0.47397631489937,0.865742093389179,0.549843886249008,0.17882510053913,0.0731632174884339,0.554665388778573,0.157417749265153,0.036099749370724,0.001332040170515,1.24943850685404,0.142876567092352,0.101923367995794,0.0367649781130891,0.087102734558534
14,0.669662699203935,0.697844474096629,7.34977204644676,0.966503539818674,0.966503539818674,21.5359480674502,0.143845329315599,0.085716315023456,0.46579150906312,0.886696254710938,0.568586291499074,0.17042959239133,0.0759663137658846,0.556239843741077,0.156267177159467,0.0360997759947519,0.00132376087532171,1.24942830929645,0.14287667342649,0.101923508434679,0.0367650338612569,0.0871027089489238
14.1,0.663154423233415,0.690914988090584,7.28009073324917,0.966503539818674,0.966503539818674,21.5359480674502,0.143845292453907,0.0857163117260986,0.457736796263538,0.906722537633492,0.586992879976121,0.162004307436185,0.0791590711769779,0.558682879484327,0.155252842950139,0.0360997391330592,0.00131203087558831,1.24941908165235,0.142876779760628,0.101923648873564,0.0367650896094247,0.0871026833393136
14.2,0.65623661778957,0.683617782267144,7.20615362352009,0.966503539818674,0.966503539818674,21.5359480674502,0.143845196787333,0.0857163036513895,0.449813598985691,0.92582676816155,0.605029306303254,0.153629254742562,0.0827971709509094,0.562123322247715,0.154391498418135,0.0360996434664855,0.0012971656274159,1.24941079461337,0.142876886094765,0.101923789312449,0.0367651453575926,0.0871026577297033
14.3,0.64893218902552,0.675974617906626,7.12819906819125,0.966503539818674,0.966503539818674,21.5359480674502,0.143845041170371,0.0857162907076904,0.442026551860198,0.943927347427547,0.622612786443318,0.145341744636008,0.086901593948135,0.566594780156747,0.153687715211906,0.0360994878495238,0.00127917321875499,1.24940350492697,0.142876992428903,0.101923929751334,0.0367652011057604,0.0871026321200931
14.4,0.641260125039368,0.668003072872577,7.04643027094783,0.966503539818674,0.966503539818674,21.5359480674502,0.143844826999099,0.08571627301056,0.434378887404892,0.960980831082181,0.639681679686108,0.137197684010924,0.0915084520649858,0.572172422163465,0.153151383960688,0.0360992736782512,0.00125819580177056,1.24939723179291,0.142877098763041,0.101924070190219,0.0367652568539282,0.0871026065104828
14.5,0.633225885281179,0.659706807689722,6.9608800918343,0.966503539818674,0.966503539818674,21.5359480674502,0.143844562933661,0.0857162512661794,0.426867560965794,0.977097636484668,0.656268203555294,0.12923171322943,0.0966818910223327,0.579111918051549,0.152822015229147,0.0360990096128141,0.00123471667124291,1.24939186646437,0.142877053645088,0.101924116791282,0.0367652826562474,0.0871025835621054
14.6,0.624851856153591,0.651106896162632,6.87179452370185,0.966503539818674,0.966503539818674,21.5359480674502,0.143844248545452,0.0857162254417473,0.41949738184368,0.992195670269133,0.67228714078955,0.121505081194453,0.102450980810111,0.5874430961896,0.152702059319837,0.0360986952246043,0.00120879228662816,1.24938746028043,0.142876639951753,0.101923935027648,0.0367652355820382,0.0871025670901318
14.7,0.616154778521618,0.642218604356645,6.77934847458746,0.966503539818674,0.966503539818674,21.5359480674502,0.143843886437175,0.0857161957509302,0.41227053986031,1.00625704593369,0.687692441396099,0.11407016223344,0.108856490001204,0.597271108380876,0.152806327006177,0.0360983331163279,0.00118062146702284,1.24938401118773,0.142876226258419,0.101923753264013,0.036765188507829,0.0871025506181582
14.8,0.607122061937938,0.633022851439019,6.68343880946631,0.966503539818674,0.966503539818674,21.5359480674502,0.14384348077921,0.0857161625340027,0.405186804919233,1.01930338974837,0.702476105793523,0.106938008108209,0.115909896789103,0.608758234528415,0.15316549251662,0.0360979274583625,0.00115045157644719,1.24938147804354,0.142875812565084,0.101923571500379,0.0367651414336198,0.0871025341461847
14.9,0.597733267259418,0.623491365772592,6.58388799243481,0.966503539818674,0.966503539818674,21.5359480674502,0.143843036161423,0.0857161261651181,0.398245299383861,1.03136690111145,0.716640316219102,0.100108613173937,0.123614841624638,0.622082041307031,0.15381447494366,0.0360974828405755,0.00111854296894159,1.24937980924524,0.142875398871749,0.101923389736744,0.0367650943594106,0.0871025176742111
15,0.58801264706281,0.613648209619563,6.48094213800394,0.966503539818674,0.966503539818674,21.5359480674502,0.143842554785041,0.0857160868255187,0.391448832813927,1.04241957435047,0.730129278018162,0.0936449344145071,0.132019594309554,0.637333050086375,0.154764022450085,0.0360970014641941,0.00108508203130946,1.24937901275025,0.142874985178415,0.10192320797311,0.0367650472852014,0.0871025012022375
15.1,0.577965143666378,0.603494832974647,6.3746643111392,0.966503539818674,0.966503539818674,21.5359480674502,0.143842039883369,0.0857160447797995,0.384798621616916,1.05245941701157,0.742912247010095,0.0875827241182035,0.1411531413353,0.654639392499185,0.15603532689836,0.0360964865625214,0.00105028710988655,1.24937907078146,0.14287457148508,0.101923026209475,0.0367650002109922,0.0871024847302639
15.2,0.567703698440413,0.593176005851149,6.26588848897595,0.966503539818674,0.966503539818674,21.5359480674502,0.143841496263188,0.0857160004178887,0.37829291920326,1.06148653109775,0.755017890780077,0.081856057312796,0.150882319585183,0.674135318052683,0.157681139170447,0.036095942942341,0.00101438950180785,1.24937990472346,0.142874157791746,0.101922844445841,0.036764953136783,0.0871024682582903
15.3,0.557221683168773,0.582677823579323,6.15459514440482,0.966503539818674,0.966503539818674,21.5359480674502,0.143840926989228,0.0857159539909533,0.371933259422667,1.06949869976443,0.766409100037183,0.0765115795325648,0.16125348753295,0.695948302937955,0.159719270036902,0.0360953736683805,0.000977606165918515,1.24938150331709,0.142873744098411,0.101922662682206,0.0367649060625738,0.0871024517863167
15.4,0.546546820441619,0.572031411872298,6.04103886252246,0.966503539818674,0.966503539818674,21.5359480674502,0.143840335670136,0.0857159057933809,0.3657200521791,1.07649515564131,0.777070098512181,0.0715579455365755,0.172247913456153,0.720198088718183,0.162178485581451,0.0360947823492885,0.000940156883822248,1.24938383299545,0.142873330405077,0.101922480918572,0.0367648589883646,0.0871024353143431
15.5,0.535686805455237,0.561233009360843,5.92576429086582,0.966503539818674,0.966503539818674,21.5359480674502,0.143839726273556,0.0857158561465837,0.359651538153388,1.08248647483162,0.787010580349973,0.0669380315326692,0.183674499480633,0.746858292461297,0.165095440953411,0.0360941729527085,0.000902239617960186,1.24938682718268,0.142872916711742,0.101922299154937,0.0367648119141554,0.0871024188423696
15.6,0.524673703100035,0.550321071408042,5.80897534348229,0.966503539818674,0.966503539818674,21.5359480674502,0.143839102348665,0.0857158053405082,0.35372852085576,1.08746976156539,0.796210276510096,0.0626723659198549,0.195546173310727,0.776076246581265,0.168497579522676,0.0360935490278175,0.000864078332766137,1.24939045821894,0.142872503018407,0.101922117391303,0.0367647648399462,0.087102402370396
15.7,0.513525216644694,0.539311703365628,5.6908983388437,0.966503539818674,0.966503539818674,21.5359480674502,0.143838467448734,0.0857157536643243,0.347950743691567,1.09144868369509,0.804660588521624,0.0587517999411235,0.207793947271442,0.807906149473043,0.172412184524299,0.0360929141278871,0.000825875992505924,1.24939468425579,0.142872089325073,0.101921935627669,0.036764717765737,0.0871023858984224
15.8,0.502220066268244,0.528168262958385,5.57126185270257,0.966503539818674,0.966503539818674,21.5359480674502,0.143837824378839,0.0857157013446017,0.342316482178092,1.09444041817239,0.812365850000163,0.0551369911771142,0.220246466754332,0.842178328663862,0.176848606026083,0.0360922710579916,0.00078776078550022,1.24939945231322,0.142871675631738,0.101921753864034,0.0367646706915278,0.0871023694264488
15.9,0.490787448369212,0.516922406776571,5.4504389497675,0.966503539818674,0.966503539818674,21.5359480674502,0.143837176912836,0.0857156486889662,0.336825912488543,1.09644465005023,0.81931364979213,0.0518276926711913,0.232864924259162,0.879012984935232,0.181839414381717,0.0360916235919891,0.000749957721718633,1.24940472382465,0.142871261938404,0.1019215721004,0.0367646236173186,0.0871023529544752
16,0.479256914244261,0.505605405779404,5.32868402278594,0.966503539818674,0.966503539818674,21.5359480674502,0.143836528120787,0.0857155959466335,0.331478292133539,1.09746966621023,0.825500420788778,0.0488076009363751,0.245560838463605,0.918365519036031,0.187397142446998,0.0360909747999399,0.000712629737048138,1.24941045543541,0.142870848245069,0.101921390336765,0.0367645765431093,0.0871023364825016
16.1,0.467707440855812,0.494312859951006,5.20651992680415,0.966503539818674,0.966503539818674,21.5359480674502,0.143835879929903,0.0857155432725983,0.326271996575731,1.09753230462655,0.830932575985033,0.046050627537268,0.258226573237119,0.959984132709419,0.193497605063878,0.0360903266090555,0.000675849873412783,1.24941660351369,0.142870434551735,0.101921208573131,0.0367645294689001,0.087102320010528
16.2,0.456145713511149,0.483046279461791,5.08407685480455,0.966503539818674,0.966503539818674,21.5359480674502,0.143835235938964,0.0857154909596661,0.321206691391043,1.09663689615536,0.835601931137686,0.0435449958359096,0.270782508921344,1.003920083992,0.200170322086744,0.0360896826181173,0.000639822654695771,1.24942312483305,0.1428700208584,0.101921026809496,0.0367644823946909,0.0871023035385544
16.3,0.444565394829191,0.471791020349031,4.96140591171934,0.966503539818674,0.966503539818674,21.5359480674502,0.143834598413689,0.085715439191113,0.316281310030004,1.09479517044916,0.839509981091803,0.0412735811488661,0.283157645721672,1.0500367044197,0.207401492480006,0.036089045092842,0.000604653528283869,1.2494299798621,0.142869607165065,0.101920845045862,0.0367644353204817,0.0871022870665809
16.4,0.432903411468683,0.460459799094908,4.83823738644907,0.966503539818674,0.966503539818674,21.5359480674502,0.143833968457597,0.0857153880549644,0.311494338199007,1.0920236537704,0.842665399221162,0.0392184910942355,0.295308381024245,1.09806800692931,0.21513923141,0.0360884151367503,0.000570365275487459,1.24943713487129,0.142869193471731,0.101920663282227,0.0367643882462725,0.0871022705946073
16.5,0.421197477702898,0.449094371462078,4.71487147598137,0.966503539818674,0.966503539818674,21.5359480674502,0.143833349238773,0.0857153378084518,0.306845056991764,1.08833035152679,0.845064106726447,0.0373631970547734,0.307142442967621,1.14797773024493,0.223399307347033,0.0360877959179264,0.000537127528337625,1.24944454582454,0.142868779778396,0.101920481518593,0.0367643411720633,0.0871022541226337
16.6,0.409495430660268,0.437752614279518,4.59160410954097,0.966503539818674,0.966503539818674,21.5359480674502,0.143832741822084,0.0857152885367984,0.302332755740433,1.08370950264756,0.846710120693487,0.0356944870215269,0.318639581808621,1.19956034430661,0.232130219467659,0.0360871885012371,0.000504968075125457,1.24945218254002,0.142868366085062,0.101920299754958,0.0367642940978541,0.0871022376506601
16.7,0.397862284853525,0.426515579234659,4.46880533482001,0.966503539818674,0.966503539818674,21.5359480674502,0.143832146759812,0.0857152402833539,0.297956832530612,1.07814906359973,0.84760879291433,0.0342005710042623,0.32980002733414,1.25257751110487,0.241264287710054,0.0360865934389645,0.000473881146297336,1.24946001864985,0.142867952391727,0.101920117991324,0.0367642470236449,0.0871022211786865
16.8,0.386285494047615,0.415359676975277,4.34651053366981,0.966503539818674,0.966503539818674,21.5359480674502,0.143831566918703,0.0857151932805378,0.293716194395365,1.07166535794389,0.847759448604984,0.0328632381960875,0.340531538461289,1.30693902980029,0.250806885849069,0.0360860135978555,0.000444012495458502,1.24946801056498,0.142867538698393,0.101919936227689,0.0367641999494357,0.0871022047067129
16.9,0.374785675364398,0.404306060473649,4.2248981840701,0.966503539818674,0.966503539818674,21.5359480674502,0.143831004175887,0.0857151476799276,0.289609958331568,1.06426258006351,0.847163989819585,0.0316670231972989,0.350781412721055,1.36249135919141,0.260732151363764,0.0360854508550402,0.000415443088074043,1.24947612205977,0.142867166659291,0.101919748278706,0.0367641456998284,0.0871021868639661
17,0.363400504582541,0.393393348092344,4.10459997251735,0.966503539818674,0.966503539818674,21.5359480674502,0.143830456906242,0.0857151033476486,0.285634040887446,1.05608430949487,0.845850217590972,0.0306094402522111,0.360645402683851,1.41898323537392,0.270933509351482,0.0360849035853947,0.000388039299876777,1.24948434826083,0.142866895990363,0.101919545276993,0.0367640739880978,0.0871021656852912
17.1,0.352149127998642,0.382641186909153,3.9857553006125,0.966503539818674,0.966503539818674,21.5359480674502,0.143829927288866,0.0857150604598901,0.28178783500779,1.04712272260582,0.843817800921021,0.0296739048350061,0.370058005844606,1.47626954295747,0.28139205644471,0.0360843739680192,0.000361900598609123,1.24949265023926,0.142866625321436,0.10191934227528,0.0367640022763672,0.0871021445066164
17.2,0.341053960994815,0.372072571032938,3.86859042189413,0.966503539818674,0.966503539818674,21.5359480674502,0.143829416831696,0.0857150191381384,0.278070120310065,1.037396707245,0.841071372038028,0.0288463198118525,0.378982169313274,1.53418643917618,0.292073421722954,0.0360838635108491,0.000337085328483476,1.24950099507448,0.142866354652508,0.101919139273567,0.0367639305646366,0.0871021233279416
17.3,0.33011525276056,0.361681757996943,3.75314885051367,0.966503539818674,0.966503539818674,21.5359480674502,0.143828925775065,0.0857149794007698,0.274480291777782,1.02690522819181,0.83762217082067,0.0281188683866011,0.387426149072655,1.59257070321863,0.302927966537552,0.0360833724542182,0.000313577719349112,1.24950936298352,0.14286608398358,0.101918936271854,0.036763858852906,0.0871021021492668
17.4,0.3192864608048,0.351403089870399,3.63903820057767,0.966503539818674,0.966503539818674,21.5359480674502,0.143828452401837,0.085714941107028,0.271019480873987,1.01558529182383,0.833490414762536,0.0274941335037414,0.395464435058258,1.65127602809362,0.313888656597075,0.0360828990809904,0.000291249126669494,1.24951775526441,0.142865813314653,0.101918733270141,0.0367637871411753,0.087102080970592
17.5,0.308609212811116,0.34128380821368,3.5266874583387,0.966503539818674,0.966503539818674,21.5359480674502,0.143827998683363,0.0857149044160131,0.267685546990669,1.00349065354413,0.828679404720219,0.0269551017406904,0.403046711703701,1.71012423587767,0.324921236446888,0.0360824453625156,0.000270183596587048,1.24952613349198,0.142865542645725,0.101918530268429,0.0367637154294447,0.0871020597919172
17.6,0.298091762925841,0.331328420687767,3.4162147102012,0.966503539818674,0.966503539818674,21.5359480674502,0.143827565194852,0.0857148693733255,0.264477588040502,0.990630877758457,0.823198844713481,0.0264921771500935,0.410169903919128,1.76894921220223,0.335979043423965,0.0360820118740048,0.000250384669105655,1.24953447427681,0.142865271976797,0.101918327266716,0.0367636437177141,0.0871020386132423
17.7,0.287756289087762,0.321566307792387,3.30760851547754,0.966503539818674,0.966503539818674,21.5359480674502,0.143827150306633,0.0857148358458627,0.261393827882202,0.977091955446194,0.817071099697039,0.026107323061934,0.416881845607888,1.82768387617395,0.347031495636003,0.0360815969857858,0.000231739571263938,1.24954278280855,0.142865001307869,0.101918124265003,0.0367635720059835,0.0871020174345675
17.8,0.277615047303932,0.312009125933145,3.2009497329717,0.966503539818674,0.966503539818674,21.5359480674502,0.143826753960207,0.0857148038278637,0.258433113215117,0.962905416903795,0.810309512591368,0.0257942658002944,0.423194093519909,1.88619057680279,0.358036552221472,0.0360812006393603,0.000214218413359837,1.24955104391174,0.142864730638942,0.10191792126329,0.0367635002942529,0.0871019962558927
17.9,0.26767620818022,0.302661233538078,3.09635722622941,0.966503539818674,0.966503539818674,21.5359480674502,0.143826376744015,0.0857147733660013,0.255594547196102,0.948080367990137,0.802923711452701,0.0255433400640558,0.42910326711974,1.94430260553562,0.368947454035363,0.0360808234231681,0.000197825433255912,1.24955923402547,0.142864459970014,0.101917718261577,0.0367634285825223,0.0871019750772179
18,0.2579547866907,0.293537775192052,2.99397378477765,0.966503539818674,0.966503539818674,21.5359480674502,0.143826018462983,0.0857147444435269,0.252876788439924,0.932662205857276,0.794931443419939,0.0253492115638072,0.434621508290101,2.00189872729599,0.379727718818252,0.0360804651421363,0.000182525602071732,1.24956734051086,0.142864189301086,0.101917515259865,0.0367633568707916,0.087101953898543
18.1,0.248489983802797,0.284686861132703,2.89433992261472,0.966503539818674,0.966503539818674,21.5359480674502,0.143825677227041,0.085714716906894,0.250276871434397,0.916820005273434,0.786385922892738,0.0252170201898176,0.439781837404159,2.05900692997032,0.390385661112767,0.0360801239061938,0.000168209158936984,1.24957537814693,0.142863918632159,0.101917312258152,0.036763285159061,0.0871019327198682
18.2,0.239286163075104,0.276109118002243,2.79742327298889,0.966503539818674,0.966503539818674,21.5359480674502,0.143825353587585,0.0857146907995994,0.247794170053351,0.900544696259337,0.777289277369121,0.0251368188655133,0.444587201540298,2.11544026128152,0.400865070325636,0.036079800266738,0.000154873986643001,1.24958332222005,0.142863647963231,0.101917109256439,0.0367632134473304,0.0871019115411934
18.3,0.230359955810237,0.267821893450947,2.70339320500172,0.966503539818674,0.966503539818674,21.5359480674502,0.143825047236268,0.0857146660957524,0.245427234372585,0.883889941232721,0.76766162423365,0.0251039732816459,0.449051137872285,2.17108745859174,0.411132457928087,0.0360794939154208,0.000142480062036577,1.24959116192365,0.142863377294303,0.101916906254726,0.0367631417355998,0.0871018903625186
18.4,0.221682107452279,0.259784679461609,2.61205990696672,0.966503539818674,0.966503539818674,21.5359480674502,0.143824757218871,0.085714642717686,0.243177102132864,0.866842629340359,0.757539415023726,0.0251188158159118,0.453187057000659,2.22593182765876,0.421187049711478,0.0360792038980235,0.000130968220889475,1.24959890058715,0.142863106625376,0.101916703253013,0.0367630700238692,0.0871018691838438
18.5,0.213231790631052,0.251967593522822,2.52329953268897,0.966503539818674,0.966503539818674,21.5359480674502,0.143824482699792,0.0857146205972421,0.241044354201845,0.849401913000869,0.746956101421363,0.0251807666871262,0.457008392771818,2.27993930624378,0.431022063305594,0.0360789293789452,0.000120282814335263,1.24960653894385,0.142862835956448,0.1019165002513,0.0367629983121385,0.0871018480051689
18.6,0.205035490724719,0.244400407899684,2.43735858602862,0.966503539818674,0.966503539818674,21.5359480674502,0.143824223509387,0.0857145997196492,0.239027006424537,0.831635794319146,0.73592829302068,0.0252841249805559,0.460528709541368,2.33297832296579,0.440596984719082,0.0360786701885395,0.000110387929803072,1.24961406315143,0.14286256528752,0.101916297249588,0.0367629266004079,0.0871018268264941
18.7,0.197096087634186,0.237083131642952,2.35429879422413,0.966503539818674,0.966503539818674,21.5359480674502,0.143823979145746,0.0857145800434999,0.237124354397937,0.813577924622322,0.72448100234179,0.0254257448391586,0.463761506550708,2.38496595611897,0.449888129484206,0.0360784258248993,0.000101237807805662,1.2496214666397,0.142862294618593,0.101916094247875,0.0367628548886773,0.0871018056478193
18.8,0.189384196539866,0.229984619341735,2.27360764792621,0.966503539818674,0.966503539818674,21.5359480674502,0.143823748617318,0.0857145614886529,0.235337654422903,0.795244855768073,0.712644616548147,0.0256072917909393,0.466712644416552,2.43594408339668,0.458916607527847,0.0360781952964712,9.27864695137373e-05,1.24962875962718,0.142862023949665,0.101915891246162,0.0367627831769467,0.0871017844691445
18.9,0.181899755477853,0.223102039414264,2.19529451605791,0.966503539818674,0.966503539818674,21.5359480674502,0.14382353137755,0.0857145440101692,0.233666380871442,0.77666867997108,0.700444638214447,0.0258260586761124,0.469394925898173,2.48584116217698,0.467662818690188,0.0360779780567026,8.49881354406701e-05,1.24963593707446,0.142861753280737,0.101915688244449,0.0367627114652161,0.0871017632904696
19,0.174645089320226,0.216434864981519,2.11941124764227,0.966503539818674,0.966503539818674,21.5359480674502,0.14382332691611,0.0857145275659751,0.232109863069254,0.757882754407515,0.687906172317265,0.0260789824047368,0.471821718834716,2.53457641759625,0.476103849072085,0.0360777735952632,7.77970423260249e-05,1.24964299270014,0.14286148261181,0.101915485242736,0.0367626397534854,0.0871017421117948
19.1,0.167616752020786,0.209977152985344,2.04590611533217,0.966503539818674,0.966503539818674,21.5359480674502,0.143823134632725,0.0857145121068917,0.230667777551025,0.738918387428796,0.675055418733593,0.0263639203576185,0.47400487488105,2.58209309534553,0.484225410720566,0.0360775813118781,7.1167673475858e-05,1.24964992343069,0.142861211942882,0.101915282241023,0.0367625680417548,0.08710172093312
19.2,0.160820946096788,0.203747756575181,1.9748131173772,0.966503539818674,0.966503539818674,21.5359480674502,0.143822953839022,0.0857144975777708,0.22933886899386,0.719912082949839,0.661930212086395,0.0266832288279544,0.475943667746968,2.62846551519715,0.492060680615319,0.0360774005181743,6.50829087343766e-05,1.24965674149299,0.142860941273954,0.101915079239311,0.0367624963300242,0.0871016997544452
19.3,0.154251217158355,0.197733001436838,1.90605379788579,0.966503539818674,0.966503539818674,21.5359480674502,0.143822783962192,0.0857144839312949,0.228123104478066,0.700862350200194,0.648553124633414,0.0270333624722256,0.477653870788403,2.6735960550087,0.499580571623075,0.0360772306413452,5.94883775977936e-05,1.24966343904294,0.142860718724481,0.101914903259414,0.0367624323615662,0.0871016790622266
19.4,0.147905468816477,0.191930413047134,1.83958842095063,0.966503539818674,0.966503539818674,21.5359480674502,0.14382262438964,0.0857144711174501,0.227020030188532,0.681815212462592,0.634951983739365,0.0274128079866256,0.479145576236235,2.71744629533285,0.506777435265002,0.0360770710687925,5.43425355274014e-05,1.24967001514727,0.142860613279014,0.101914793040091,0.0367623872372169,0.0871016595538531
19.5,0.141783690443933,0.186340706867087,1.7754266874077,0.966503539818674,0.966503539818674,21.5359480674502,0.143822474566482,0.0857144590910796,0.226029160252004,0.662822478217943,0.621159171382854,0.027820595554183,0.480426481213954,2.75999591315585,0.513650181185444,0.0360769212456346,4.96121486015237e-05,1.24967647055313,0.142860507833547,0.101914682820768,0.0367623421128675,0.0871016400454796
19.6,0.135892853867763,0.180975277390581,1.71374379628175,0.966503539818674,0.966503539818674,21.5359480674502,0.143822334131054,0.0857144478232865,0.225149901474952,0.643955322915067,0.60722231691317,0.0282575747756477,0.481496264802014,2.80128516645653,0.520219673498927,0.0360767808102065,4.52918041499498e-05,1.24968281163331,0.14286040238808,0.101914572601445,0.0367622969885182,0.0871016205371061
19.7,0.13022816237564,0.175827520193919,1.65443600857979,0.966503539818674,0.966503539818674,21.5359480674502,0.143822202396034,0.0857144372577688,0.224381841546215,0.625252280052574,0.593163351082023,0.0287215287241151,0.482368120047679,2.84125220731087,0.526469773278197,0.0360766490751872,4.13291983262464e-05,1.24968903527892,0.142860296942613,0.101914462382122,0.0367622518641689,0.0871016010287326
19.8,0.124789205565405,0.170897539318469,1.59750354966886,0.966503539818674,0.966503539818674,21.5359480674502,0.14382207879548,0.0857144273484387,0.223724500737077,0.606764049270823,0.579013782891775,0.02921138341328,0.483050203141201,2.87987324418791,0.532398133181632,0.0360765254746328,3.76895043248158e-05,1.24969514191504,0.142860191497146,0.101914352162799,0.0367622067398195,0.087101581520359
19.9,0.119573420193799,0.16618193907045,1.54292918215173,0.966503539818674,0.966503539818674,21.5359480674502,0.14382196295843,0.0857144180652974,0.223179893628268,0.58846145239798,0.564801479908402,0.0297259559575611,0.483546284801966,2.91715194406958,0.538012563019144,0.0360764096375826,3.43566106856576e-05,1.24970113386432,0.142860086051679,0.101914241943476,0.0367621616154702,0.0871015620119855
20,0.114577364085569,0.161675894932935,1.49068853917688,0.966503539818674,0.966503539818674,21.5359480674502,0.143821854593528,0.0857144093849142,0.222751053142456,0.570282699861038,0.550552823022923,0.0302640190114971,0.483858345310368,2.95310318431719,0.543325019421071,0.0360763012726807,3.13220467895311e-05,1.24970701422413,0.142859980606212,0.101914131724153,0.0367621164911208,0.087101542503612
20.1,0.109801486637705,0.157380908667407,1.44078882036964,0.966503539818674,0.966503539818674,21.5359480674502,0.143821753056958,0.0857144012547761,0.222436503376546,0.55231039280718,0.53630077555029,0.0308245420808474,0.48399629232086,2.98769220705115,0.548329098494541,0.0360761997361111,2.8543511318095e-05,1.24971278266169,0.142859875160745,0.10191402150483,0.0367620713667715,0.0871015229952385
20.2,0.105244551684618,0.153295741924796,1.39322355291938,0.966503539818674,0.966503539818674,21.5359480674502,0.143821657857566,0.0857143936349664,0.222236721341977,0.534564592212198,0.522075449750203,0.0314064094089039,0.48396659989236,3.02090575297897,0.553026348867918,0.0360761045367191,2.59933560949641e-05,1.24971844032992,0.142859769715278,0.101913911285507,0.0367620262424222,0.0871015034868649
20.3,0.100894740512779,0.149406022250636,1.3478396656907,0.966503539818674,0.966503539818674,21.5359480674502,0.143821568901417,0.0857143865181405,0.222150817555781,0.517087237109738,0.507886220785946,0.0320099270728833,0.483769700409462,3.05276722487944,0.557431881221699,0.0360760155805697,2.36755176425562e-05,1.24972399017215,0.14285966426981,0.101913801066184,0.0367619811180728,0.0871014839784914
20.4,0.096748004060945,0.145707020183113,1.30459171928451,0.966503539818674,0.966503539818674,21.5359480674502,0.143821485802938,0.0857143798730398,0.222178905808156,0.499904203775856,0.493757688890374,0.0326343572468449,0.483410462022984,3.0832731084271,0.561550849047431,0.0360759324820912,2.1570743159819e-05,1.24972943381718,0.142859558824343,0.101913690846861,0.0367619359937235,0.0871014644701179
20.5,0.0928046421267582,0.142199403672388,1.2634945183404,0.966503539818674,0.966503539818674,21.5359480674502,0.143821408013323,0.0857143736550201,0.222321661445118,0.483032377779751,0.479722976129316,0.0332783778074624,0.482896235687433,3.11240482315409,0.565382832561566,0.0360758546924763,1.96468002306978e-05,1.24973477215808,0.142859453378876,0.101913580627538,0.0367618908693741,0.0871014449617444
20.6,0.0890614530089191,0.138879494923493,1.22451436179952,0.966503539818674,0.966503539818674,21.5359480674502,0.143821335115195,0.0857143678302146,0.222579307674054,0.466495883589695,0.465808343184975,0.0339411370804932,0.482232373319244,3.14015591914979,0.568931899322492,0.0360757817943476,1.78819070215549e-05,1.24974000668033,0.142859347933409,0.101913470408215,0.0367618457450248,0.0871014254533709
20.7,0.0855119126568432,0.135740536206586,1.18757555120201,0.966503539818674,0.966503539818674,21.5359480674502,0.143821266883647,0.0857143623804912,0.222952292966337,0.450301379758068,0.452028064270401,0.0346220870512691,0.481422043002028,3.16653391939183,0.57220660429105,0.0360757135628004,1.62679754316974e-05,1.2497451393153,0.142859242487942,0.101913360188893,0.0367618006206755,0.0871014059449973
20.8,0.0821449066936243,0.132771514397552,1.15254436234814,0.966503539818674,0.966503539818674,21.5359480674502,0.143821203359708,0.0857143573094579,0.223441377029495,0.434431393041776,0.438379852484759,0.0353210992565953,0.480465395525179,3.19156565250911,0.575221702450959,0.0360756500388606,1.48158373165775e-05,1.2497501726105,0.142859137042475,0.10191324996957,0.0367617554963261,0.0871013864366238
20.9,0.0789604543965811,0.129971737662118,1.11942781016617,0.966503539818674,0.966503539818674,21.5359480674502,0.143821143939398,0.0857143525679931,0.224046564680124,0.418926980909446,0.424901589251344,0.0360370276278375,0.479369900005407,3.21523112203996,0.577976910876628,0.0360755906185505,1.34904349292722e-05,1.24975510761906,0.142859031597008,0.101913139750247,0.0367617103719768,0.0871013669282503
21,0.0759539441144641,0.127336221132021,1.08817437059661,0.966503539818674,0.966503539818674,21.5359480674502,0.143821088287022,0.0857143481289076,0.224768174723909,0.403804855584237,0.411614448393592,0.0367691493588418,0.478139981576705,3.23752980793585,0.580478201505641,0.036075534966175,1.22757978293542e-05,1.2497599460157,0.142858926151541,0.101913029530924,0.0367616652476275,0.0871013474198768
21.1,0.073120764196024,0.124859979939001,1.05873251957995,0.966503539818674,0.966503539818674,21.5359480674502,0.143821036066886,0.0857143439650122,0.22560652596654,0.389081729289314,0.398539603734942,0.037516741643454,0.476780065373067,3.25846119014827,0.582731546275584,0.0360754827460388,1.11559555763966e-05,1.24976468947512,0.142858820706074,0.101912919311601,0.0367616201232781,0.0871013279115032
21.2,0.0704479295583649,0.122531772773615,1.03098160224688,0.966503539818674,0.966503539818674,21.5359480674502,0.143820987585703,0.085714340101504,0.226562712941167,0.374705556929327,0.385651759901926,0.0382802308813692,0.475289230261654,3.27806305184425,0.584751385257569,0.0360754342648562,1.01561760724678e-05,1.24976934014593,0.142858715260607,0.101912809092278,0.0367615749989288,0.0871013084031297
21.3,0.0679338343349715,0.120348860622848,1.00489491020986,0.966503539818674,0.966503539818674,21.5359480674502,0.143820942277175,0.0857143364923886,0.227636775993002,0.36071773232837,0.372988771621172,0.0390584817395813,0.473673820509249,3.29632112338903,0.586540650609607,0.0360753889563282,9.24568567750059e-06,1.24977389953272,0.142858609815139,0.101912698872955,0.0367615298745794,0.0871012888947562
21.4,0.0655729758542631,0.118305592867941,0.980413563171248,0.966503539818674,0.966503539818674,21.5359480674502,0.143820899873966,0.0857143331160514,0.228829116473212,0.347127651214851,0.360566867909618,0.0398508936994069,0.471937692351375,3.31323896059514,0.588106215366882,0.0360753465531188,8.41290214018276e-06,1.24977836936062,0.142858504369672,0.101912588653632,0.0367614847502301,0.0871012693863827
21.5,0.0633597543788233,0.116396246364709,0.957477879460706,0.966503539818674,0.966503539818674,21.5359480674502,0.143820860116186,0.0857143299514848,0.230140144725293,0.333943912273999,0.348401739107634,0.0406568795638962,0.470084640048983,3.32882056329061,0.589455050728206,0.0360753067953387,7.64672124906977e-06,1.24978275136027,0.142858398924205,0.101912478434309,0.0367614396258808,0.0871012498780092
21.6,0.06128554022656,0.114612887087062,0.935999921223534,0.966503539818674,0.966503539818674,21.5359480674502,0.143820823050855,0.0857143270026454,0.231570010484338,0.32115185088132,0.336483948239917,0.0414767595822758,0.468116613843356,3.34308512694345,0.590594854354277,0.0360752697300083,6.95357087171862e-06,1.24978704704916,0.142858293478738,0.101912368214986,0.0367613945015314,0.0871012303696356
21.7,0.0593434487698282,0.112948854335559,0.915908024360971,0.966503539818674,0.966503539818674,21.5359480674502,0.143820788548235,0.0857143242591122,0.233119013579221,0.308750200591638,0.324818530058757,0.0423103313727823,0.466036626013227,3.3560430953044,0.591532905510187,0.0360752352273876,6.32978151890258e-06,1.24979125806754,0.142858216670605,0.101912281374145,0.0367613580219681,0.0871012128640414
21.8,0.057528509947694,0.111398884426661,0.897148379341155,0.966503539818674,0.966503539818674,21.5359480674502,0.143820756284653,0.0857143216946896,0.234787618512505,0.296752394620381,0.313426396808363,0.0431568191549843,0.463848854039685,3.36769531027683,0.592276024423028,0.036075202963806,5.76060550082519e-06,1.24979538619034,0.142858209554587,0.10191225142742,0.0367613425804456,0.0871012002324317
21.9,0.0558345082223834,0.10995680488063,0.879655561759036,0.966503539818674,0.966503539818674,21.5359480674502,0.143820726062597,0.0857143192934437,0.236576182662117,0.285162303660691,0.302318131999896,0.0440158201596162,0.461556717408531,3.37804886002254,0.592831329936384,0.0360751727417501,5.23850179338588e-06,1.24979943310486,0.142858202438569,0.101912221480695,0.0367613271389232,0.087101187600822
22,0.0542462561234192,0.108605986858788,0.86327741590575,0.966503539818674,0.966503539818674,21.5359480674502,0.143820697779921,0.085714317047179,0.238484641408432,0.273978201785503,0.291496127703898,0.0448873331945763,0.459163127898546,3.38711496797274,0.593204899032306,0.036075144459074,4.76072956686391e-06,1.24980340031313,0.142858195322551,0.101912191533971,0.0367613116974008,0.0871011749692122
22.1,0.052729762638849,0.107307886893192,0.847680013011681,0.966503539818674,0.966503539818674,21.5359480674502,0.143820671534352,0.0857143149639177,0.240512045701605,0.263186633568243,0.280945608219105,0.045772198700565,0.456669933226804,3.39491352433211,0.593400625140288,0.0360751182135053,4.33460832715348e-06,1.24980728892886,0.142858188206532,0.101912161587246,0.0367612962558784,0.0871011623376025
22.2,0.0512899779555266,0.106069345622722,0.832905867271738,0.966503539818674,0.966503539818674,21.5359480674502,0.143820647009691,0.0857143130180956,0.242659278102774,0.252798434792205,0.270687351445469,0.0466695141386262,0.45408118472923,3.40144647084861,0.593426923718522,0.0360750936888437,3.94662312565231e-06,1.24981110086995,0.142858181090514,0.101912131640521,0.036761280814356,0.0871011497059928
22.3,0.0499161463876281,0.104878899241991,0.81884566485672,0.966503539818674,0.966503539818674,21.5359480674502,0.143820624056683,0.0857143111976948,0.244926482442636,0.242814644042316,0.260727795705551,0.0475790799532096,0.451400044972059,3.40672298829175,0.593290386388001,0.0360750707358355,3.59166202392854e-06,1.24981483772996,0.142858173974496,0.101912101693797,0.0367612653728335,0.0871011370743831
22.4,0.0485975122493304,0.10372508394561,0.805390091937433,0.966503539818674,0.966503539818674,21.5359480674502,0.143820602526074,0.0857143094906972,0.24731380255189,0.233236299903502,0.251073379321915,0.0485006965887651,0.448629676521528,3.41075225743101,0.592997604769717,0.0360750492052269,3.26461308355038e-06,1.24981850110243,0.142858166858478,0.101912071747072,0.0367612499313111,0.0871011244427734
22.5,0.0474274184193591,0.102733780149573,0.79330161956612,0.966503539818674,0.966503539818674,21.5359480674502,0.143820582174834,0.0857143078777458,0.249817385889086,0.224030851848341,0.241712886814947,0.0494354914136141,0.445782759713253,3.41360068488764,0.592572729703165,0.0360750288539874,2.96214373890233e-06,1.24982209725221,0.142858159742459,0.101912041800347,0.0367612344897887,0.0871011118111637
22.6,0.046360817149211,0.101842753370337,0.782222745130467,0.966503539818674,0.966503539818674,21.5359480674502,0.143820563206747,0.0857143063751351,0.25243923814323,0.215215332355801,0.232649219769054,0.0503829543415629,0.442850918751975,3.41522800874028,0.591999531457005,0.0360750098859002,2.68854413151244e-06,1.249825622026,0.142858152626441,0.101912011853623,0.0367612190482663,0.0871010991795539
22.7,0.0453923371650782,0.101044790280429,0.772109379834244,0.966503539818674,0.966503539818674,21.5359480674502,0.143820545634033,0.0857143049838373,0.255179578016048,0.206791587501405,0.223883074782046,0.0513430198066487,0.439833469988576,3.41563057526325,0.591276713615832,0.0360749923131858,2.44395132544839e-06,1.24982907508635,0.142858145510423,0.101911981906898,0.0367612036067438,0.0871010865479442
22.8,0.0445219784669606,0.100339890879848,0.76296152367745,0.966503539818674,0.966503539818674,21.5359480674502,0.143820529456692,0.0857143037038522,0.25803840550754,0.198759617285152,0.215414451853921,0.0523156878088717,0.436730413423057,3.41480838445655,0.590404276179645,0.0360749761358444,2.22836532071014e-06,1.24983245643326,0.142858138394405,0.101911951960173,0.0367611881652214,0.0871010739163345
22.9,0.0437397623629888,0.0997183256272302,0.75478987967405,0.966503539818674,0.966503539818674,21.5359480674502,0.143820514188847,0.0857143024962028,0.26101115127939,0.191085885391696,0.207243715300555,0.0533017123927413,0.433556686072227,3.41283543781508,0.589413311077553,0.0360749608680001,2.02841285905085e-06,1.24983577410287,0.142858131278386,0.101911922013449,0.036761172723699,0.0871010612847248
23,0.0430431162117284,0.0991775861155045,0.747597207205488,0.966503539818674,0.966503539818674,21.5359480674502,0.143820499705235,0.0857143013508403,0.264096637294517,0.183761745706342,0.199370959047494,0.0543012879611088,0.430316138900608,3.40973081392291,0.588311834228491,0.0360749463843876,1.84064613401168e-06,1.24983903016699,0.142858124162368,0.101911892066724,0.0367611572821766,0.0871010486531151
23.1,0.042437680442705,0.0987231719425234,0.741377456421068,0.966503539818674,0.966503539818674,21.5359480674502,0.143820486280494,0.0857143002897965,0.267297446359471,0.176806154543777,0.191795977166143,0.0553139882922837,0.427000328798448,3.40545268362828,0.58708227100071,0.0360749329596468,1.67262434489998e-06,1.24984222008324,0.14285811704635,0.101911862119999,0.0367611418406541,0.0871010360215053
23.2,0.0419234550559186,0.098355083108287,0.736130627320789,0.966503539818674,0.966503539818674,21.5359480674502,0.143820473914625,0.0857142993130712,0.270613578474251,0.170219111904002,0.184518769656503,0.0563398133862661,0.423609255765745,3.40000104693119,0.585724621394208,0.0360749205937779,1.52434749171577e-06,1.2498453438516,0.142858109930331,0.101911832173275,0.0367611263991317,0.0871010233898956
23.3,0.0414928001132367,0.0980644470837267,0.731779951798732,0.966503539818674,0.966503539818674,21.5359480674502,0.143820462504718,0.0857142984124216,0.27404309231596,0.163986644253137,0.177535935236865,0.0573790859954688,0.420146871519616,3.39339800458344,0.584246393008,0.0360749091838706,1.39323659117862e-06,1.24984840348024,0.142858102814313,0.10191180222655,0.0367611109576093,0.0871010107582859
23.4,0.0411166589983602,0.0978175193975811,0.72803346133905,0.966503539818674,0.966503539818674,21.5359480674502,0.143820451659379,0.0857142975564977,0.27757860454279,0.158055606708954,0.170834537972956,0.0584330336289187,0.416628205439354,3.38572761133181,0.58267613913926,0.0360748983385315,1.26948311783687e-06,1.2498514066067,0.142858095698295,0.101911772279825,0.0367610955160869,0.0871009981266762
23.5,0.0408124971546889,0.0976345832840302,0.725066653306457,0.966503539818674,0.966503539818674,21.5359480674502,0.143820441613868,0.0857142967641436,0.281224553157333,0.1524579437664,0.164422353437318,0.0595009184515833,0.413044223617821,3.37693934328158,0.580996696881248,0.0360748882930207,1.15898281138531e-06,1.24985434864018,0.142858088582277,0.101911742333101,0.0367610800745645,0.0871009854950665
23.6,0.0405772785922726,0.0975123835413476,0.722843889192156,0.966503539818674,0.966503539818674,21.5359480674502,0.143820432342752,0.0857142960333257,0.284980190497023,0.147187572517698,0.158296995064881,0.0605828730053133,0.409396144156998,3.36704139783757,0.579210146952429,0.036074879021905,1.06116661097373e-06,1.24985723018147,0.142858081466258,0.101911712386376,0.036761064633042,0.0871009728634567
23.7,0.0403744038320854,0.097411678047766,0.720935539492511,0.966503539818674,0.966503539818674,21.5359480674502,0.143820423539429,0.0857142953395301,0.288836503336888,0.142171162266996,0.152429692326214,0.0616804951091934,0.405698651525088,3.35613259638913,0.577341572838912,0.036074870218582,9.69174371807835e-07,1.24986005847326,0.14285807435024,0.101911682439651,0.0367610491915196,0.087100960231847
23.8,0.0402238014608948,0.0973538343213321,0.719575539472968,0.966503539818674,0.966503539818674,21.5359480674502,0.143820415370845,0.0857142946961049,0.2927983994199,0.137448641919674,0.146836110908572,0.0627929147432911,0.401943749960771,3.34415913022958,0.575377316465701,0.0360748620499982,8.86741474674725e-07,1.24986282957187,0.142858067234222,0.101911652492927,0.0367610337499972,0.0871009476002373
23.9,0.0401254714787008,0.0973388523620459,0.718763889133527,0.966503539818674,0.966503539818674,21.5359480674502,0.143820407837001,0.0857142941030499,0.296865878746056,0.133020011475734,0.141516250811956,0.0639201319076065,0.398131439464047,3.3311209993589,0.573317377832796,0.0360748545161535,8.13867919574407e-07,1.24986554347731,0.142858060118204,0.101911622546202,0.0367610183084748,0.0871009349686276
24,0.0400724270936306,0.0973624914536748,0.718367091338123,0.966503539818674,0.966503539818674,21.5359480674502,0.143820400807975,0.0857142935499872,0.301422112315591,0.128486954297,0.136431484810844,0.0650675429329177,0.394268441736353,3.31706961239199,0.571172856469271,0.0360748474871279,7.47810980431585e-07,1.24986820355841,0.142858053002185,0.101911592599477,0.0367610028669523,0.0871009223370179
