T,PIF4m,PIF5m,PIF,phyB,PR,INT,IAA29m,ATHB2m,CDF1m,FKF1m,FKF1,CDF1,COm,CO,FTm,InducedC1,InducedC2,RepressedC1,PHYAm,phyAr,phyAfr,phyAmarker
0,0.10509647637071,0.16235194308081,17.5512222561527,8.94661904505256e-24,9.46005206314869e-37,2.77267344693811,0.965543776030542,0.436418059387081,0.582188377850482,0.158599271011772,0.138667690525423,0.14842943338594,0.305788160121643,0.00549011444080636,3.47703284545048e-05,0.857798222709386,0.969325022705314,0.0134355310186114,0.956461842293848,2.38591366431388,0.00886137645441028,0.0806095930870699
0.1,0.235122226415027,0.329656025867669,7.70548720083575,0.844361308832983,0.844361308832983,4.35576891097237,0.931226492671339,0.41733004029389,0.590780846554303,0.19122752848309,0.138640517762941,0.149285260289368,0.29346918177089,0.0958957564814257,8.32366388706098e-05,0.823480939350196,0.951200164127982,0.0174234183186749,0.91886926400843,2.14203949763867,0.205488471731295,0.0839027831455274
0.2,0.342478657299815,0.457513081079967,4.54532701619005,0.950988522530451,0.950988522530451,6.67976481491909,0.878558787543605,0.394925299944355,0.597366911192335,0.221187722387044,0.141861980337912,0.150186651947505,0.281975848433701,0.179071135767224,0.000326969867354753,0.770813234222483,0.869749479569452,0.0396554385154926,0.866544842349241,1.93228874391417,0.334134330867989,0.0943073737175957
0.3,0.431101082613132,0.555266867800296,4.88506199198824,0.964572793188867,0.964572793188867,8.79251563363048,0.829224403620406,0.374022548879785,0.601967855283403,0.248735144218095,0.14764570050165,0.151055208143282,0.271247873483316,0.255566070185554,0.000879950253309353,0.721478850299302,0.788044312532079,0.0634191279036448,0.817712529177267,1.75010038337162,0.414141770113642,0.107957688391321
0.4,0.50426507842824,0.630066014555504,5.65608710675452,0.966279646151693,0.966279646151693,10.6178565181886,0.783201829796129,0.354535060273011,0.604667975243701,0.27384461125627,0.155402819016055,0.151835902744562,0.261235486772076,0.325897603560104,0.00182847748032539,0.675456276475042,0.713761716001254,0.0867827265868881,0.772100983298116,1.59080184890325,0.459554806589765,0.122592821384102
0.5,0.564629949490385,0.687296373188648,6.35272674274206,0.966482835899478,0.966482835899478,12.1833959478265,0.740285657347044,0.336375625075697,0.605600259723017,0.296447787868112,0.164616445006625,0.152489887873455,0.251896594634445,0.390547029438985,0.00320589663583318,0.632540104025972,0.646475238109875,0.109697906793992,0.729561454385489,1.45062895698327,0.480806265839194,0.137200416487108
0.6,0.61440950902119,0.731083415761247,6.91444188404132,0.966503555588737,0.966503555588737,13.5246562553449,0.700230315536486,0.319430019758873,0.604929195257004,0.316474306127005,0.17483027844513,0.152989648108984,0.243194872486658,0.449959617406969,0.00500652433806514,0.592484762215429,0.585542200182489,0.132168553518157,0.689905719044557,1.32662380074618,0.485308203421705,0.151334011288839
0.7,0.655441494180225,0.764590248690841,7.36491544562698,0.966525565229375,0.966525565229375,14.6735783478971,0.662852589059787,0.303622020955367,0.60283396654875,0.333867452663643,0.18564140254492,0.153316297413824,0.235098396593615,0.50454649060935,0.00720203111622734,0.555107035738826,0.530365547986317,0.1542021563168,0.65293309228906,1.21643207251638,0.478329805786589,0.164751404815722
0.8,0.689272778320433,0.790260783016942,7.72975070021194,0.966509464329681,0.966509464329681,15.6577957115411,0.62799668096184,0.288890377789755,0.599495604584165,0.348613859363024,0.196696413077496,0.153458086246005,0.227578751841417,0.554687274151896,0.00975323790244108,0.520251127641789,0.480402954115301,0.175806492572121,0.618458720436982,1.11806748443933,0.463902836717564,0.177291369010676
0.9,0.71714370812763,0.80990941913317,8.02019940406487,0.96649689746805,0.96649689746805,16.5008478222937,0.595485811511007,0.275157422794268,0.595087099367353,0.360758950824205,0.207689897928755,0.153409420511843,0.220610243817026,0.600733314060788,0.0126173453340004,0.487740258191403,0.435164680939287,0.19698879505712,0.586313454855269,1.02991082551864,0.444879024430193,0.188856788699302
1,0.740086079200119,0.824936541302825,8.25101503618077,0.966503284156774,0.966503284156774,17.2229579060408,0.565154960769567,0.262350701891729,0.589768221915263,0.370384823669238,0.218363448426049,0.153170357515759,0.214169249057181,0.643010856657734,0.0157527381138408,0.457409407449606,0.394205465590752,0.21775654214815,0.55634058124541,0.95064395468749,0.423206057002362,0.199396315339745
1.1,0.758932016358657,0.83638035099407,8.43596170826073,0.966508274283776,0.966508274283776,17.8411301626594,0.536861017566245,0.250409397698448,0.583683342104736,0.377591512704987,0.228509113714381,0.152747835810185,0.208233847461183,0.681820311496381,0.0191219673357231,0.429115464245952,0.357126364877375,0.238117495084463,0.528393715137396,0.879170988983722,0.400230175416358,0.208876529548614
1.2,0.774364594460153,0.845023467110428,8.58319620400938,0.966511849375114,0.966511849375114,18.3695707141207,0.510471521724936,0.239277141937493,0.576953496108584,0.382591037652008,0.237969285876789,0.152151900549269,0.202783334512395,0.717438813669385,0.0226918119326186,0.402725968404262,0.323572971531668,0.258079028325961,0.502337865254249,0.81459237001925,0.376833720350025,0.217269009723678
1.3,0.787057744468784,0.851645455038782,8.70233619325157,0.966507099722327,0.966507099722327,18.8224131011705,0.485854559359815,0.228897743902474,0.569701242806832,0.38554881104871,0.246591002370253,0.151393631898537,0.197796977913569,0.750142074272251,0.0264300878079019,0.378109006039262,0.293192322352333,0.277648708628572,0.478042913224698,0.756075028120874,0.353765517120336,0.224557668221585
1.4,0.797480111172909,0.856696332599769,8.79777981631084,0.966504202832981,0.966504202832981,19.2101354723325,0.462892284259873,0.219220730683362,0.562019805110691,0.386724564286076,0.254293137670541,0.150488943528096,0.193255523110653,0.78017403911534,0.0303115690472303,0.355146730940127,0.265690540035981,0.296833846722773,0.455389750341339,0.702941682885671,0.331450660717399,0.230754199384168
1.5,0.806067635080689,0.860601542160157,8.87488694351321,0.966501521958922,0.966501521958922,19.5425731213836,0.441471933131121,0.210197941870113,0.553998988036657,0.386341425719985,0.26101396388913,0.149455232007896,0.189139601992956,0.807769649443235,0.0343126260661783,0.333726379812624,0.240788851249982,0.315641593810991,0.434269256370472,0.654630005946413,0.310120039914835,0.23588590877886
1.6,0.813170434606183,0.863653901390521,8.93725314165941,0.966501784368069,0.966501784368069,19.828032662864,0.421487006507135,0.201783788736041,0.545716805743647,0.38464934800787,0.266723081320491,0.148312102841892,0.185430404750244,0.833149990199111,0.0384126777786591,0.313741453189939,0.218233900422299,0.334078996313398,0.414574817109772,0.610598207520471,0.289986555764216,0.239982897504608
1.7,0.819003487411294,0.865994726957796,8.98736618339329,0.966502462879219,0.966502462879219,20.0721397305987,0.402847535723196,0.193939868204692,0.537226731064372,0.381875423903474,0.271455118564857,0.147079180665086,0.182109237011014,0.856503102499554,0.0425977265240693,0.29510198240714,0.197825967856485,0.352152983058957,0.396211044998436,0.570423485833923,0.271081952641944,0.24309332982015
1.8,0.823863357297695,0.8678665712985,9.02850618601232,0.96650352299835,0.96650352299835,20.2820702960814,0.385454882691095,0.186624034782109,0.528595600292115,0.378250055425165,0.275207886216834,0.145775160499159,0.179157225111715,0.878034486723063,0.0468501625943999,0.277709329375812,0.179335863408074,0.369870563055219,0.379089262667,0.533730730167701,0.253413049292185,0.245277033396882
1.9,0.827876332509758,0.869332668747816,9.06190551283167,0.966504055136776,0.966504055136776,20.4613947878945,0.369234119239985,0.179804388521743,0.519856518473888,0.373954885945229,0.278062159605513,0.144416360735865,0.176555711409059,0.897900870852203,0.0511613500357683,0.261488565925227,0.162610195600449,0.387238512404204,0.363130019205354,0.500208008254585,0.236951772690887,0.246594608362904
2,0.831237429714243,0.870534961235211,9.08961318889185,0.96650404170292,0.96650404170292,20.6151215060223,0.354102219011644,0.17344551420731,0.511055765191498,0.369178277789113,0.280061074314718,0.143018512728836,0.174286165244379,0.916274776202669,0.0555190966662874,0.246356665697091,0.147468386602687,0.4042636192015,0.348248059555796,0.469502718550144,0.22169409590403,0.247104222358955
2.1,0.834027945015657,0.871513580137826,9.11228523015572,0.966504137826684,0.966504137826684,20.7457570562015,0.339995670920124,0.167520410666074,0.502215202834857,0.364044793895128,0.281297114282309,0.14159221053944,0.172330535518226,0.933286994627966,0.0599175930924092,0.232250117605565,0.133789112305254,0.420952363518706,0.33437407205778,0.441369444651889,0.207577249533433,0.246880104460796
2.2,0.836453698324187,0.872413554563293,9.13211244283061,0.966503787046557,0.966503787046557,20.8585795139229,0.326828219456341,0.161992277360628,0.493384091113122,0.358760596967446,0.281811241189654,0.140155018363545,0.170670109173358,0.94911746640821,0.0643439081865753,0.219082666141496,0.121382947085381,0.437311622723585,0.321436801285747,0.415550416418446,0.194543855515557,0.245994162546311
2.3,0.838529422208202,0.873224640250812,9.14907027222721,0.966503517881188,0.966503517881188,20.95452788535,0.314552570920206,0.156841049565241,0.484569847890692,0.353380846047385,0.281706071735318,0.138710164983672,0.169287784043708,0.963859423701376,0.0687952868130537,0.206807017605211,0.110174173989379,0.453347414148936,0.309372726575344,0.391830179047343,0.182530158217017,0.244518595407516
2.4,0.840371879238781,0.87401866841519,9.16429662312882,0.966503392587813,0.966503392587813,21.036870574113,0.303100035409962,0.152037478584119,0.475802202961179,0.348045092877548,0.281053844214492,0.137269064924689,0.16816551094234,0.977654044200685,0.0732636503215873,0.195354482095079,0.100025018017462,0.469066250896831,0.298124781642929,0.370034880303385,0.17145264642181,0.242530312246089
2.5,0.842073903087408,0.874849556173098,9.17869058483044,0.966503374955569,0.966503374955569,21.1083089959624,0.292408253713964,0.14755502595934,0.467105451516296,0.342868982681315,0.279927872762636,0.135840347846647,0.16728615580909,0.990627544463615,0.0777423461330052,0.184662700399446,0.0908148389867945,0.484474472420465,0.287634324494756,0.349972286064903,0.161250059517726,0.24009742932168
2.6,0.843609337420748,0.875679395876896,9.19189418770655,0.966503366354711,0.966503366354711,21.1687676460227,0.282443648352686,0.143379486589743,0.458477279294865,0.337857739517709,0.278419256104415,0.134420573655312,0.166635710492372,1.00283938496318,0.0822314480015061,0.174698095038519,0.0825028973051612,0.499577672632065,0.277855103585501,0.331519129412396,0.15184709120907,0.237287968813063
2.7,0.845086409166183,0.876573261985142,9.20495086171359,0.966503450997584,0.966503450997584,21.2213183581036,0.273139427096172,0.139482425740997,0.449945532955361,0.333143517433694,0.276602277640533,0.133020401092115,0.166196261893482,1.01442642741496,0.0867233372008251,0.165393873782478,0.074956821361074,0.514382318450798,0.268733782085203,0.314509516017198,0.143181419903122,0.234165639436215
2.8,0.846496777518531,0.877512856535047,9.21773559256084,0.966503532066932,0.966503532066932,21.2662381716719,0.264462784653997,0.135849955936022,0.441510291922248,0.328732758474605,0.274543134477588,0.13163604188226,0.165955923506595,1.02544514377819,0.0912176498673806,0.15671723134074,0.068133291827934,0.528893891191456,0.260231899654927,0.298847697047161,0.135197883562846,0.230780135232339
2.9,0.847867307285092,0.878504019672087,9.23046800792613,0.966503571342376,0.966503571342376,21.3046595230617,0.256369745837015,0.132463410658594,0.433180302525249,0.324672602158093,0.272314431373158,0.130268458827012,0.165900527058666,1.03597860262018,0.0957117292079954,0.148624192524078,0.0619604204526942,0.543118209775676,0.252304261339551,0.284403695902767,0.127839300444956,0.22718687908316
3,0.849236894417593,0.879561914992193,9.24348800422352,0.966503576741639,0.966503576741639,21.3379972576601,0.248813671940379,0.129302981581583,0.424966970552059,0.321021237276187,0.269985983217715,0.128920038396241,0.166015795452964,1.04611625726943,0.100202276723892,0.141068118627633,0.0563585542169755,0.557061149613688,0.24492280208171,0.271116273958769,0.121071898059238,0.22341539050125
3.1,0.850585074611103,0.880666131175531,9.25656625607096,0.966503581917866,0.966503581917866,21.366176655102,0.241772259817004,0.126359261724955,0.416865646505418,0.31775459941763,0.267593052847033,0.127584202632564,0.166294498670391,1.05588981925035,0.104690536658642,0.134026706504349,0.0513057405471542,0.570727736049924,0.23803693298172,0.258837070527252,0.114827871954404,0.219531265416768
3.2,0.851946885372128,0.881828153639049,9.27000249391511,0.966503563269418,0.966503563269418,21.3905283395123,0.235198986160109,0.123612494274208,0.408887076903628,0.314929164473153,0.265209538769326,0.126263009481693,0.166721964847461,1.06538842610471,0.109173325453792,0.127453432847388,0.0467235368912395,0.584123864087785,0.231609511010702,0.247468582604361,0.109059526629105,0.215577118449991
3.3,0.85331747240836,0.883038192643652,9.28372422022564,0.966503541518044,0.966503541518044,21.4113584409708,0.229068116770661,0.121051799089078,0.401030622082943,0.312543328917033,0.262868019816701,0.124952675845827,0.167291170445225,1.07465318839282,0.113651124008326,0.121322563457773,0.042579379364513,0.597254596340485,0.225629074318836,0.237007125161034,0.103756977626456,0.211547503690968
3.4,0.854697227041222,0.88428909251364,9.2977070884031,0.966503531242901,0.966503531242901,21.4291092338025,0.223350848784351,0.118664986329919,0.393297171355749,0.310603145387007,0.260607850758055,0.123650150439032,0.167993858365689,1.08373220103327,0.118123883604802,0.115605295471234,0.0388341484141944,0.61012512541887,0.220048158205722,0.227317488267409,0.0988573325890797,0.207504352046232
3.5,0.856096665848969,0.885578773031407,9.3120204822906,0.966503530370925,0.966503530370925,21.4444852741028,0.21801280206108,0.116437484882194,0.385690597662824,0.309130737244307,0.258480525870811,0.122353908593994,0.168819679794241,1.09268657397818,0.12259061985207,0.110267248747659,0.0354365247479857,0.622740869728877,0.214833466414263,0.218315722239179,0.0943185268274225,0.203482995675547
3.6,0.857498587101358,0.886891160191568,9.32648600658243,0.966503528783607,0.966503528783607,21.4574674256628,0.213038733579937,0.114362883656508,0.378206967906388,0.308118688808752,0.256493798647436,0.121059521958936,0.169767247922279,1.10153657191975,0.127053878404839,0.105293180266151,0.0323736662384912,0.635106348503498,0.2099837914625,0.210026872912854,0.0901451990069706,0.199457339384829
3.7,0.858910371412013,0.888222608455522,9.3411434276839,0.966503533141213,0.966503533141213,21.4686793904957,0.208395732608442,0.112427239634569,0.370849206826023,0.307583182270684,0.254696104192723,0.119764908003713,0.170826646027367,1.11033962161072,0.131512900085182,0.10065017929424,0.0295976933630148,0.647226928954898,0.205458119762373,0.202340777247468,0.0862840523096046,0.195477488575191
3.8,0.860323013312482,0.889561351244332,9.35588592969394,0.966503539176471,0.966503539176471,21.4783017169099,0.204064268405129,0.110622309657717,0.363615738042169,0.307524833649179,0.253106387660817,0.11846693918724,0.17199460972629,1.11912701104326,0.135969251852608,0.0963187150905058,0.0270862801599852,0.659107276840735,0.201228391124817,0.195191270842189,0.0827006428397484,0.191568752032105
3.9,0.861726504367257,0.890895133172201,9.37059766595658,0.966503541966238,0.966503541966238,21.4864870875065,0.200025710268784,0.108940233797726,0.356504713217513,0.307943314459585,0.251741669190328,0.117162450235328,0.17326833069283,1.12792835914758,0.140424649276748,0.0922801569537816,0.024818775939686,0.670752008095211,0.19729385983873,0.188595258810207,0.0794007704877937,0.187706846606067
4,0.863118784212813,0.89221562318324,9.38523440453249,0.966503542191099,0.966503542191099,21.4936069346465,0.196254443437255,0.107370178146032,0.349516433330871,0.308845834222029,0.250634006907866,0.115848602565349,0.174641501902777,1.13678636323731,0.14487968294834,0.0885088901219296,0.022761464998501,0.682166122568969,0.193623830358859,0.182478562035635,0.0763461085561389,0.183921865812935
4.1,0.8644846249096,0.89350941511164,9.39963467353184,0.966503542665542,0.966503542665542,21.4996120076945,0.192740593272982,0.105908005024317,0.34264747476018,0.310228610211741,0.249784449292841,0.114522794110725,0.176116854560572,1.14571788865117,0.149338288062153,0.084995039957341,0.0209082002448976,0.693353677388136,0.190195234330245,0.176790197415778,0.0735095678679645,0.180230055306432
4.2,0.865819164033421,0.894766743305431,9.41372894323955,0.966503541685615,0.966503541685615,21.5047987071912,0.18946085786529,0.1045438656169,0.335897386619639,0.312096140871775,0.24921997124858,0.113182043257105,0.177689198971697,1.15476117115715,0.153801398773398,0.0817153045493707,0.0192296598099263,0.704319548040428,0.187002994082921,0.171527492969289,0.0708901852065969,0.176619136588029
4.3,0.867112723063843,0.895977017685258,9.42740787354898,0.966503540048332,0.966503540048332,21.509267637484,0.186400466690847,0.103271537448406,0.329264214809235,0.314449270358285,0.248952036838335,0.111823816422616,0.179358546887372,1.16394242544516,0.158271954880282,0.0786549133746774,0.0177106551487562,0.71506805085268,0.18402755381416,0.166649153108108,0.0684659874673283,0.173099621232301
4.4,0.868354510120674,0.897129800361392,9.44055407099203,0.966503539287623,0.966503539287623,21.5130602250242,0.183547527858668,0.102086020940814,0.322745609492436,0.317288074492831,0.248987154682355,0.110445791005539,0.181126713878923,1.17328426027223,0.162753601495244,0.0758019745422535,0.0163405955637333,0.725603302151291,0.181248852641226,0.16211253483204,0.066214268600486,0.169682815861814
4.5,0.869536346633359,0.898214296220296,9.45306904517924,0.966503539207705,0.966503539207705,21.5163568003005,0.180883392670211,0.100979446096721,0.316340149716707,0.320614432553745,0.249343464957376,0.109045149185545,0.18299128153992,1.18281774834347,0.167248328197136,0.0731378393535615,0.0150980981597895,0.735929887709363,0.178661756232849,0.157911333047594,0.0641326226214939,0.166360782992916
4.6,0.870648854225109,0.89922285148579,9.46485652148468,0.966503539091014,0.966503539091014,21.519142696951,0.178400835812392,0.0999487909499679,0.310045593479535,0.324429012919358,0.250021472221053,0.107620271620028,0.184957266999381,1.19256313364286,0.17176115498709,0.0706552824955151,0.0139789426942377,0.7460515070488,0.176253002427883,0.154019796754843,0.0622077229132567,0.163135647737629
4.7,0.871682899857609,0.900144950490693,9.47581165060762,0.966503539307673,0.966503539307673,21.5215409470383,0.176084092766849,0.0989874105152267,0.303860160825119,0.328733017025963,0.251034453194198,0.106168569950602,0.187024073026014,1.20254805016332,0.176294789700898,0.0683385394497478,0.0129662987825291,0.755972540924307,0.174004347293539,0.150400256020174,0.0604195493010779,0.160015702851072
4.8,0.872629146246873,0.900970950122918,9.48583345999752,0.966503539804675,0.966503539804675,21.5236187630821,0.17392125889964,0.0980902964884836,0.297782006012082,0.333527384451319,0.252390348763276,0.104687997301664,0.189193684260151,1.21279758332518,0.180853068005678,0.0661757055823146,0.0120488195088799,0.76569704105964,0.17190222939635,0.147026123743535,0.0587542565434267,0.157003683685038
4.9,0.873477961908882,0.901691783074584,9.49482509014095,0.966503540137098,0.966503540137098,21.5253894810971,0.171904524031377,0.097254175885591,0.291809332359324,0.338812759634924,0.254091803076701,0.103177167136451,0.191470860728018,1.22333477287081,0.185441090626949,0.0641589707138316,0.0112207947746442,0.77522869262412,0.169950451486089,0.143910438295559,0.0572194686127809,0.154084657821411
5,0.874219961774673,0.902298091030735,9.50268664970926,0.966503540127177,0.966503540127177,21.5269041125543,0.170023060127752,0.0964744970036403,0.285940261701949,0.344590011173583,0.256145225716356,0.101634173430888,0.193858302870258,1.23418391547234,0.19006299967214,0.0622775068099918,0.0104724284182652,0.784571457643946,0.168129339727104,0.141012663932009,0.0557937828450245,0.151267579880342
5.1,0.874849885954094,0.902785532823532,9.50935071999347,0.966503540012997,0.966503540012997,21.5282052892323,0.168267629023577,0.0957473793496849,0.280173249506687,0.350860239862509,0.258555995529314,0.100057594633817,0.196360128197749,1.24537069535343,0.194723843573462,0.060522075705605,0.00979565514315555,0.793729091653473,0.166427331661831,0.138310775262412,0.0544658255483026,0.148553151288627
5.2,0.875362256383225,0.903149716538362,9.514749613225,0.966503539927809,0.966503539927809,21.5293236852885,0.166629861035563,0.0950693106192786,0.274506748542681,0.357624471288705,0.261328325425857,0.0984461397623159,0.198981029911905,1.2569202740041,0.199428922898617,0.0588843077173847,0.00918362444721001,0.802705275025891,0.164839180667176,0.135796567578074,0.0532314966697523,0.145937947278895
5.3,0.875750618569997,0.903385317329769,9.51881072669638,0.966503539792354,0.966503539792354,21.530275461736,0.165102308127878,0.0944371696053158,0.268939164154736,0.364883572632403,0.264465042791593,0.096798625506406,0.20172625533172,1.26885696596821,0.204183750922627,0.0573567548095021,0.0086308381348679,0.811503617255322,0.163362881679508,0.133468929542056,0.0520904293026884,0.143416425342432
5.4,0.87601002315376,0.903487514169671,9.52149936665947,0.966503539665124,0.966503539665124,21.5310969591305,0.163676966549972,0.0938475962788252,0.263469273272043,0.372637952711173,0.2679708467794,0.0951141037746925,0.204600854338238,1.28120873562434,0.208994387309824,0.0559314132314083,0.00813042750347825,0.820127687135922,0.161984525082049,0.131300699571552,0.0510285466462908,0.140990820327265
5.5,0.876136242883342,0.903453497966438,9.52276788466885,0.966503539634716,0.966503539634716,21.531798144213,0.162347505620469,0.0932979410376751,0.258095723500905,0.380888430505378,0.271847847354171,0.0933917502937296,0.207611028372794,1.29400113194846,0.213867056071822,0.0546019523017321,0.0076780861034181,0.828580943474028,0.160695212138508,0.129275681188208,0.0500375426867794,0.138660093425986
5.6,0.876124821549309,0.903279575397805,9.5225734100472,0.966503539727521,0.966503539727521,21.5323945441583,0.161107604459291,0.0927855568047641,0.252817340579135,0.389634909522859,0.276098552639801,0.0916309581629449,0.210763038124207,1.30726147720642,0.218808427392611,0.0533620511403961,0.00726923278992973,0.836866796216608,0.159496288124755,0.127398779421395,0.0491201364347156,0.136418335457228
5.7,0.87596964738324,0.902959432506598,9.52085433193603,0.966503539775045,0.966503539775045,21.5329079227843,0.159950795276452,0.0923077327234291,0.247633100542509,0.398875395876812,0.280725791075481,0.0898313860735027,0.214063041109569,1.32101898795903,0.223825675832224,0.0522052419574158,0.00689883388798077,0.844988618736956,0.158379247282364,0.125654607282764,0.0482684448151496,0.134264320777691
5.8,0.875667357786199,0.902490550501565,9.51758264695428,0.966503539825904,0.966503539825904,21.533345096306,0.15887189272111,0.0918623014465032,0.242542017920065,0.408609437048201,0.285731108298986,0.0879927721813617,0.217518190024001,1.33530190971353,0.228926153212578,0.0511263394019523,0.00656360112140103,0.852949677792018,0.157335808178792,0.124028239869942,0.0474748261818101,0.132196717091431
5.9,0.875210485267357,0.901865172584514,9.51268089518012,0.966503539871474,0.966503539871474,21.5337188346014,0.157865502646098,0.0914470056375648,0.23754314085189,0.418833911833682,0.291115882968099,0.0861153645567419,0.221135247545804,1.35014042087909,0.234117823421256,0.0501199493268353,0.00625976059409787,0.860753202439593,0.15636062267464,0.122510587671938,0.0467346910752788,0.130213060901822
6,0.874591253911426,0.901075040929771,9.50606862015352,0.966503539894998,0.966503539894998,21.5340396670201,0.156926642553976,0.0910597615103833,0.232635603954014,0.429545042330558,0.296881095373199,0.0841996432642244,0.224921262755194,1.36556546028628,0.239409042385223,0.049181089234622,0.00598395506687277,0.868402357103808,0.155455001659208,0.121105351472731,0.0460501476000954,0.128308902533009
6.1,0.873803527087141,0.900113719428274,9.49768638614212,0.966503539855307,0.966503539855307,21.5343130428532,0.156050977008847,0.0906987588031005,0.227818675669209,0.440739297109674,0.303027364667876,0.0822461618534684,0.228883881523016,1.38160830151158,0.244808453583551,0.0483054236894143,0.00573357236193677,0.875900232289347,0.154609916141762,0.11979637178515,0.0454129041447187,0.126482876370774
6.2,0.872839571393009,0.898973952378919,9.48744131414633,0.966503539831712,0.966503539831712,21.5345485405238,0.155233972930947,0.0903621022386479,0.223091491629003,0.452410864250367,0.309554087527124,0.080256240370246,0.23302920728541,1.39830152777371,0.250325384417621,0.0474884196114411,0.00550559765155968,0.883249875306153,0.153820071965774,0.118574662785528,0.0448184255449972,0.124732502817096
6.3,0.871691431855272,0.897647206455442,9.47524912253623,0.966503539809501,0.966503539809501,21.5347501252603,0.154471847198363,0.0900482136261752,0.218453411900068,0.464554057191368,0.316460841725479,0.0782311132657688,0.237364817081951,1.41567827029367,0.255969388669053,0.0467262938787845,0.00529788254546888,0.890454257361132,0.153085410402422,0.117440709204888,0.0442670956916753,0.123055040587615
6.4,0.870355724828551,0.896131025955701,9.46106658760816,0.966503539794236,0.966503539794236,21.5349227981534,0.153760883131485,0.089755541996157,0.213903792827605,0.477161352734157,0.323746198777369,0.0761724866045471,0.241897059110735,1.4337720365964,0.261750615981673,0.0460153298118341,0.00510823400869152,0.89751630083024,0.152403542889268,0.116390781253891,0.0437571094319098,0.121447864851806
6.5,0.868841123208325,0.894438163837131,9.44497115549874,0.96650353976275,0.96650353976275,21.5350734814418,0.15309731007844,0.0894825127212801,0.209442004110256,0.490222611639594,0.331407437803315,0.0740825377501158,0.246630109589064,1.45261586957345,0.267679923078371,0.0453517567587246,0.00493425320179525,0.904438889106717,0.151767358391128,0.115412606491298,0.0432822245154499,0.119908586826065
6.6,0.867138369398304,0.892558848911182,9.4268561476505,0.966503539748178,0.966503539748178,21.5352028257934,0.152478249047267,0.0892279278846295,0.205067543033038,0.503729318566542,0.339442458883752,0.0719634908259788,0.251571354177478,1.47224543625166,0.273768200364106,0.0447326957274868,0.00477459825092905,0.911224811131643,0.151172553351898,0.114498991026411,0.0428388365173587,0.11843467739844
6.7,0.865245626380818,0.890492682167611,9.40668847165179,0.96650353976778,0.96650353976778,21.5353121242175,0.151900914485911,0.0889906283249545,0.200779938375104,0.517671000562593,0.347848167525251,0.0698179745013789,0.256726842734596,1.49269641580774,0.280026940617152,0.0441553611660642,0.0046279183239511,0.917876808245735,0.150614824215477,0.113642740968529,0.0424233410126987,0.117023607456979
6.8,0.86315460112541,0.888229992366671,9.38441884132502,0.966503539797302,0.966503539797302,21.5354059636273,0.151362249998107,0.0887693393941432,0.196578447083401,0.532037125715135,0.356620225458377,0.0676492488337382,0.262098039314171,1.51400102913651,0.286468298958357,0.0436166966781927,0.00449243639006475,0.924397593943505,0.150098122664809,0.112851262094199,0.0420396175678784,0.115673203638062
6.9,0.860856527375462,0.885760365419331,9.35999923721285,0.966503539809022,0.966503539809022,21.5354884151667,0.150859417344154,0.0885628780014319,0.192462332509511,0.54681631015979,0.365753627692536,0.065460932348094,0.267685600622409,1.53619156524614,0.293104913183501,0.0431138640241761,0.00436654370161923,0.930789826547254,0.149617881006139,0.112116893376421,0.0416838222974338,0.114380925447083
7,0.858349872105383,0.88308363112429,9.33340539751721,0.96650353982075,0.96650353982075,21.5355581269518,0.150390426325253,0.08837041930808,0.188431222807907,0.561995296624045,0.375243445823193,0.0632566504867633,0.273494243067615,1.55930492362551,0.299949672332499,0.0426448730052136,0.00424956554906997,0.937056074008317,0.149169093061635,0.11143119831439,0.0413517137973015,0.113144213493559
7.1,0.855629656533972,0.880194638634187,9.30460565197052,0.966503539827926,0.966503539827926,21.5356151241538,0.149953261940613,0.0881911271634056,0.184484614296564,0.577560369879079,0.385083798016697,0.0610405227594356,0.279525998395452,1.58337631979804,0.307016037387524,0.0422077086205157,0.00414070013953282,0.943198862682659,0.148748563290142,0.11078894257902,0.0410406921409284,0.111960586413941
7.2,0.852691890969887,0.877090087485385,9.27349628406276,0.966503539835973,0.966503539835973,21.5356649405524,0.149545162847362,0.0880238489841628,0.180621622155789,0.593495711958932,0.395267348172135,0.0588168417858613,0.285770746593846,1.60842554218416,0.314317095867418,0.0417996095272094,0.00403825242420858,0.949220722179715,0.148353096150505,0.110184891841223,0.0407481574017615,0.11082756284468
7.3,0.849531678066061,0.873764947238941,9.2400296900025,0.966503539841077,0.966503539841077,21.5357078398696,0.149164334420017,0.0878678404112427,0.17684167726414,0.609785475024958,0.405786723212082,0.0565903642903569,0.29222615930322,1.63448402232468,0.321867018491226,0.0414187810998119,0.00394152537583078,0.955124081830897,0.147988907966569,0.109630083508939,0.0404797415451999,0.1097456006176
7.4,0.846144041935291,0.870214022546326,9.20415835718527,0.966503539838587,0.966503539838587,21.535743527398,0.148809199928749,0.0877224485438542,0.173144221593775,0.626412875264212,0.416633893548875,0.0543661839007279,0.29888898204617,1.6615830017997,0.32968042243363,0.0410636466084964,0.00384999326333562,0.960911315945833,0.147649171339073,0.109113004301989,0.0402296681155417,0.108711084190055
7.5,0.842524376416578,0.866432687004296,9.16582623212564,0.966503539826033,0.966503539826033,21.5357724119739,0.148478181512361,0.0875870193319034,0.169528667846048,0.643358541722824,0.427799773617297,0.0521496181249385,0.305752228666448,1.68974903953915,0.337772012853716,0.0407326281920677,0.0037630674622803,0.96658475776472,0.147331397499672,0.10862964179803,0.0399959553503708,0.107721752913876
7.6,0.838672548769507,0.862422803723833,9.12504349370323,0.966503539819855,0.966503539819855,21.5357980303331,0.148169014767285,0.0874606083651828,0.165994912827116,0.660577153527674,0.43927010676647,0.0499448594101056,0.312793045836175,1.71897641135507,0.3461532003127,0.0404234614469525,0.0036794636733326,0.972146752507149,0.147033348821942,0.108176417762337,0.0397768411433276,0.106775424569045
7.7,0.834583331253791,0.858178770983964,9.08174105327197,0.966503539814353,0.966503539814353,21.5358196822049,0.147880594413318,0.0873427599803463,0.162542306025606,0.678050367139224,0.451034974363238,0.0477580614723027,0.320003550001901,1.74929400220031,0.354839968876599,0.0401350410929491,0.00359896077958611,0.977599519673504,0.146753666959942,0.107751223357286,0.0395712970634171,0.105870339658323
7.8,0.830253482038461,0.853697848853435,9.03587822880731,0.966503539812066,0.966503539812066,21.5358378805568,0.14761160844734,0.0872329306991076,0.15917041289511,0.695747648646402,0.463081758779341,0.045595055322819,0.327368007148425,1.78071580395329,0.363847053491616,0.0398660551269396,0.00352109924103614,0.982945254945924,0.14649594654668,0.10736022684569,0.0393824274662758,0.105007119878012
7.9,0.825679911832112,0.848977345876598,8.98742666599453,0.966503539813093,0.966503539813093,21.5358532211478,0.147360727457605,0.0871305693363207,0.155878625444613,0.713640041532782,0.475395647627996,0.043461191031841,0.334866465191984,1.81324220244589,0.373187269011322,0.0396151741371754,0.00344539262187522,0.988186119436624,0.14625530774234,0.106995434495438,0.0392062655714904,0.104182312737915
8,0.820859630669663,0.844014390944822,8.93638225460701,0.966503539811838,0.966503539811838,21.5358666443101,0.147126437668712,0.0870350467320121,0.152665949673312,0.731704372120768,0.487958265492482,0.0413605464854419,0.342472470735658,1.84684791492603,0.382869204481921,0.0393808843482557,0.00337120204646983,0.993324255780788,0.146030195054583,0.106654408010495,0.0390416184482726,0.103394063960711
8.1,0.815789999475751,0.838807011764879,8.88270879432494,0.966503539812416,0.966503539812416,21.5358781973887,0.146907830214507,0.0869459879402645,0.149532010463638,0.74990336850972,0.500754142372156,0.039299667953896,0.350163863012906,1.88153901519988,0.392908123312444,0.0391622768940262,0.00329832970349157,0.998361712058078,0.145819052991066,0.106334709094826,0.0388872931658342,0.102640519269081
8.2,0.810468512608615,0.833353202610651,8.8263866910579,0.966503539815335,0.966503539815335,21.5358881045116,0.146703918875791,0.0868629850789176,0.146476182932885,0.768202846138607,0.513765122236431,0.0372843366742916,0.357913443400387,1.91730364002972,0.403316540963252,0.0389583655552866,0.00322650580981794,1.00330050755631,0.145621686331862,0.106036085520628,0.038743175779447,0.101920697348568
8.3,0.804891156440505,0.827648734632912,8.76736914500584,0.96650353981888,0.96650353981888,21.5358967344098,0.14651360101943,0.086785581092516,0.143497519683365,0.78657570194306,0.526972347848774,0.0353183235011194,0.365695742328125,1.95410551686772,0.414099926099612,0.0387680476989043,0.00315537883562976,1.00814264185469,0.145439304721908,0.105760542792015,0.038610266701765,0.101234518465051
8.4,0.799054047572268,0.821689508782527,8.70561166042333,0.966503539821251,0.966503539821251,21.53590435237,0.14633587320323,0.0867133603005346,0.140595047485585,0.804993583122715,0.540355806954717,0.0334054322337283,0.37348293331762,1.99190305819684,0.425263300322566,0.0385903198826836,0.00308465874939554,1.01289006891755,0.145268995418371,0.105503461401198,0.0384862964129685,0.100579257317682
8.5,0.792954864578309,0.81547361218694,8.64109783617056,0.966503539822437,0.966503539822437,21.5359109034489,0.146170019607406,0.0866460275335102,0.137768026569477,0.8234196059214,0.553893935665307,0.0315512854164557,0.381241261987248,2.03066604934866,0.436817006113867,0.0384244662868408,0.00301424220921611,1.01754467445319,0.14510965234979,0.10526312530799,0.0383704284688518,0.0999533480476476
8.6,0.786590586636925,0.808998070206212,8.57379863082615,0.966503539821262,0.966503539821262,21.5359163548747,0.146015314416485,0.0865832831414733,0.135015541086857,0.841819855950181,0.567564244893142,0.0297605037565105,0.388936686259877,2.07034929092854,0.448767596655026,0.0382697610959008,0.00294401482934825,1.02210831167446,0.144960169444703,0.105037818472205,0.0382618264252089,0.0993552247961344
8.7,0.779966245176482,0.802269997947253,8.50374317886382,0.966503539821851,0.966503539821851,21.5359214753471,0.145870690212005,0.0865246838215273,0.132336915986907,0.860153666986216,0.581347413388168,0.0280327840233962,0.396565101308979,2.11088869737311,0.461101487019855,0.0381251368914034,0.00287362061071462,1.02658284837497,0.144821928831397,0.104829716977503,0.0381615601612079,0.0987854977451936
8.8,0.77307895504262,0.795286486231957,8.43090388647356,0.966503539822646,0.966503539822646,21.5359260662182,0.145735587545779,0.0864699992292847,0.129731148881561,0.87838562540274,0.595218745095454,0.0263725012141601,0.404088609576311,2.15222587173958,0.473823291140227,0.0379900342251605,0.00280304678631172,1.0309700504606,0.144694856051939,0.104638718467491,0.0380695835988431,0.0982435032277245
8.9,0.765927009596769,0.788046057606775,8.35526187559497,0.966503539822661,0.966503539822661,21.535929968929,0.145609471062792,0.0864190088697118,0.127197233628348,0.896478733008535,0.609153034643711,0.0247832396102318,0.411471818382084,2.19429410905787,0.486933986867676,0.0378639177421586,0.00273229072068398,1.03527164828452,0.144576417164031,0.104460873379483,0.0379839663369029,0.0977264266486387
9,0.758509990660255,0.780548804826176,8.27680777502316,0.966503539821563,0.966503539821562,21.5359330771872,0.145491823651964,0.086371499641888,0.124734164241947,0.914394324398407,0.623124626160682,0.0232677266673023,0.418682278700669,2.23701822713519,0.500430652026531,0.0377462703313158,0.00266135588331106,1.03948933744902,0.144465747954306,0.104294843995673,0.0379040572297041,0.097232913664736
9.1,0.750828484469754,0.772795903624745,8.19554589503193,0.966503539819292,0.966503539819292,21.5359353598627,0.145382130331771,0.0863272590979486,0.12234094038735,0.932093956767035,0.63710766124735,0.0218277267393264,0.425693545619917,2.28032005801772,0.514305391991026,0.0376365770111089,0.0025902418322153,1.04362478216333,0.144361984209395,0.104139292598256,0.0378292051315633,0.0967616099328163
9.2,0.742889086399156,0.764795008278992,8.11157387073718,0.966503539818282,0.966503539818282,21.5359377967449,0.145279392892144,0.0862858718737156,0.12001685488507,0.949547409266631,0.651081562358905,0.0204590876248409,0.432534579126587,2.32414620974584,0.528521015393003,0.0375338395714693,0.00251861764873353,1.04767968984136,0.14426426171593,0.103992881469428,0.0377587588967973,0.0963111611096793
9.3,0.734690702419874,0.756545483290628,8.0248646684093,0.966503539817401,0.966503539817401,21.5359398172591,0.145183458379336,0.0862472768831159,0.117760706773987,0.96671078778051,0.665016024116174,0.0191652987793268,0.43915452807674,2.36839207901338,0.543077612703594,0.0374379050586485,0.00244671578673802,1.05165560691855,0.144171716260542,0.103854272891383,0.0376920673797228,0.0958802128521248
9.4,0.726235751970899,0.748050481136228,7.93544486396197,0.966503539816906,0.966503539816906,21.5359413951221,0.145093932641181,0.0862113116362762,0.115571444880293,0.983544431165799,0.678883287634964,0.0179464032069393,0.445533311881291,2.41296399474815,0.557958107276203,0.0373483793204827,0.00237460106941317,1.05555408583588,0.144085856360548,0.103725834136109,0.037630291467118,0.0954696883675292
9.5,0.717527137843751,0.739313675517656,7.84334642277917,0.966503539817101,0.966503539817101,21.5359424817874,0.145010474187767,0.0861778354908497,0.113447993747099,1.00000806803244,0.692654820606273,0.0168019965351689,0.451651710739344,2.45776240972284,0.573142982519377,0.0372649208670576,0.00230236840857701,1.05937663987459,0.144008027208657,0.103609677446233,0.0375744673162733,0.0950803540902962
9.6,0.708554603392335,0.73032232888206,7.74847787712979,0.966503539817623,0.966503539817623,21.5359432482927,0.144932577745,0.0861466391915918,0.111389580046459,1.01605332142425,0.706301997355308,0.0157304614657946,0.457511596042017,2.50272134968383,0.588603080290802,0.0371870244242816,0.00222998657886969,1.06312478919021,0.143935258084554,0.103501175819248,0.0375223350616468,0.0947088336710417
9.7,0.699298254564171,0.721051663721487,7.65065758308678,0.966503539817625,0.966503539817625,21.5359440228246,0.144859630132558,0.0861174682236797,0.10939564831264,1.03162564381513,0.719795923277019,0.0147291654095038,0.463130707678746,2.54779822913944,0.604301460068409,0.0371140768118308,0.00215733854910656,1.06680004892841,0.143866974423453,0.103399443820048,0.0374734647594956,0.0943540507961358
9.8,0.689766623123032,0.711512103991216,7.54997313401209,0.966503539817775,0.966503539817775,21.5359446159648,0.144791514146847,0.0860902751962233,0.107464950256453,1.04668522896001,0.73310553747951,0.0137965963586516,0.468486211450637,2.59286378875869,0.620213491345687,0.0370459608261112,0.00208465735043899,1.07040380079056,0.143802601660566,0.103303596013525,0.0374274264660768,0.094014929151949
9.9,0.679955062693733,0.701697639181005,7.4463885135644,0.966503539818072,0.966503539818072,21.535945058211,0.144727948503394,0.0860649439814328,0.105596540165094,1.06118415477321,0.746199686637306,0.0129300283304775,0.47357639208236,2.63782239626057,0.636304892193405,0.0369823951826501,0.00201204966268832,1.07393743341544,0.143741565231106,0.103212746964573,0.0373837902376475,0.0936903924248512
10,0.66985835559138,0.691601471032657,7.33986313618284,0.966503539818507,0.966503539818507,21.5359453764935,0.144668687847483,0.08604137330596,0.103789473276113,1.07507330949277,0.759046496572398,0.0121262287844312,0.478401959007551,2.68257559284223,0.652538384013971,0.0369231345267325,0.00193964017720052,1.07740229984076,0.143683290570286,0.103126011238085,0.0373421261304649,0.0933793643012129
10.1,0.659500658677004,0.681256149045912,7.23054726107728,0.96650353981892,0.96650353981892,21.5359456253467,0.144613260062678,0.086019367555461,0.102042806049857,1.08833226989564,0.771616533556092,0.0113844701610222,0.4829704256122,2.72711765354276,0.668889154825915,0.0368677067419209,0.00186738325506763,1.08079980116758,0.143628689543243,0.103044815908667,0.0373031321048855,0.09308264753086
10.2,0.648886054768601,0.67066729606112,7.1184593116477,0.966503539819236,0.966503539819236,21.5359458354365,0.144561400044466,0.085998817085366,0.100355595719596,1.1009199644011,0.783877584157092,0.0107015570285297,0.487288877936642,2.77137779161337,0.685319325259863,0.036815846723703,0.0017953739296019,1.08413124840809,0.143579797608257,0.1029723360782,0.0372683587045515,0.0928024652486456
10.3,0.638009464752746,0.659828233425584,7.00355708331003,0.966503539819418,0.966503539819418,21.5359460249187,0.144512953976872,0.0859796584306388,0.0987269003907992,1.1127855605345,0.795795807203201,0.0100729234718523,0.491365570448719,2.81525498020924,0.701783583297731,0.0367674006561041,0.00172377927558646,1.08739789297246,0.143533976540627,0.102904475777725,0.0372358100790889,0.092535132374887
10.4,0.626874918324137,0.648744468701763,6.88585697061606,0.966503539819371,0.966503539819371,21.5359462184581,0.144467719057607,0.0859618076828221,0.0971557792073572,1.12388669439773,0.807337662573175,0.00949447051009953,0.495212597933209,2.8586762562342,0.718238618821745,0.0367221657368331,0.00165272349709445,1.09060097771466,0.143490892497731,0.102840724075056,0.0372052389449087,0.0922798769037587
10.5,0.615487116853806,0.637422387639984,6.76537891009931,0.966503539818988,0.966503539818988,21.5359464384458,0.144425517510395,0.0859451912554395,0.0956412922748251,1.13418105259479,0.818469020511867,0.00896171760688875,0.498844661656542,2.90156979656898,0.73463876689241,0.0366799641896166,0.0015823409920742,1.09374171336032,0.14345021163695,0.102780570038008,0.0371763980184218,0.0920359268294351
10.6,0.603909183464226,0.625933444725482,6.64294464149024,0.966503539818935,0.966503539818935,21.5359466017137,0.144386021315255,0.0859296732024133,0.0941821269188828,1.1437126746723,0.829178604672185,0.0084785304279493,0.502248176421618,2.94398952816966,0.751001253388279,0.0366404679944722,0.00151268129987322,1.09682128652739,0.143411600115663,0.102723502734394,0.0371490400160391,0.0918025101460908
10.7,0.592126720948013,0.614262697644675,6.51831445145622,0.966503539818862,0.966503539818862,21.5359467656216,0.144349090186668,0.0859151955263846,0.0927774628298458,1.15241142716688,0.839425184708387,0.00803790748552349,0.50544581666925,2.98582265199341,0.767261191254301,0.036603536865881,0.00144390170594078,1.0998409296629,0.14337472409125,0.102669011232029,0.0371229176541716,0.0915788548479002
10.8,0.580151792511752,0.602424651456689,6.39161280946343,0.966503539818773,0.966503539818773,21.5359469399119,0.144314510937912,0.0859016699837205,0.0914263099065132,1.16024645856228,0.849178035665049,0.00763671407344634,0.508446913545557,3.02701337925915,0.783382736271259,0.0365689576171211,0.00137611903550882,1.10280187007242,0.14333987470119,0.102617547047457,0.0370982507947744,0.091365161826428
10.9,0.567996573429203,0.590433606266253,6.26296935265482,0.966503539818676,0.966503539818676,21.5359471322945,0.144282078151045,0.0858890115333694,0.0901276816928005,1.1671884782086,0.858407166406305,0.00727188599251903,0.511260795598827,3.06750931266729,0.799330983758685,0.0365365248302506,0.00130945133651563,1.10570531930943,0.143308770507891,0.102571759884519,0.037076326238089,0.091163854024777
11,0.555670569615642,0.578286792504935,6.13263205195871,0.966503539818612,0.966503539818612,21.5359472770004,0.144251938982494,0.0858772805331503,0.0888807954516508,1.17326387364416,0.867111010651591,0.00694228741837427,0.513900420584432,3.10738701269921,0.815103040749194,0.0365063856616964,0.00124408026835195,1.10855181700495,0.143279631039963,0.102528911050454,0.0370558154082021,0.0909719074912475
11.1,0.543186917192435,0.566004654583181,6.00068794973918,0.966503539818576,0.966503539818576,21.5359474081886,0.144223761103586,0.0858663396050335,0.0876845913973982,1.17842331260451,0.875249345610377,0.00664416002460916,0.51637381070123,3.14654766312135,0.830652479802046,0.036478207782785,0.00118010098172728,1.11134281657399,0.143252269990151,0.102488716812672,0.0370365812978178,0.0907887798861624
11.2,0.53055747438001,0.553599465153504,5.86728073824696,0.96650353981858,0.96650353981858,21.5359475248414,0.144197380973436,0.0858561209777337,0.0865381072707071,1.18264411762238,0.882795556311957,0.0063746686549473,0.518690725556959,3.18495418360801,0.845948198431345,0.0364518276526322,0.00111763908003681,1.11407944976238,0.143226501051201,0.102450893438584,0.0370184868996403,0.0906139288698449
11.3,0.517797243464364,0.541086988505143,5.73257601013983,0.96650353981863,0.96650353981863,21.5359476260513,0.14417264774289,0.0858465621362651,0.0854404183645176,1.18590404857188,0.889724550947247,0.00613118804920173,0.520860483057665,3.22257481183651,0.86096169620337,0.0364270944220829,0.00105681465406945,1.11676281885064,0.143202137915858,0.102415157195597,0.0370013952063738,0.0904468121026178
11.4,0.504979685869748,0.528547910624953,5.59714656298181,0.96650353981864,0.96650353981864,21.5359477129575,0.144149646546277,0.0858376982985756,0.0843912981994735,1.18818899702761,0.896039558590983,0.00591499564712699,0.522884188335214,3.25947666569622,0.875712853904326,0.0364040932254673,0.000997645296047865,1.1193934782564,0.143178994276866,0.102381224351121,0.0369851692107224,0.090286887244804
11.5,0.492096347077743,0.515971945887504,5.46099459793834,0.966503539818655,0.966503539818655,21.5359477838313,0.144128131845766,0.0858294277342143,0.0833895419037508,1.18947346000839,0.90170412364302,0.00572190022516494,0.524774454681851,3.29558830705217,0.890153758073768,0.0363825785249534,0.000940292224442499,1.12197275009086,0.143157062114341,0.102349082798929,0.0369698030153914,0.0901339678904453
11.6,0.479167917406251,0.503381175416294,5.32432532841029,0.96650353981867,0.96650353981867,21.5359478379643,0.144107975753223,0.0858216974375391,0.0824342927073406,1.18973598859692,0.906695909895804,0.0055496562530126,0.526539800906629,3.3308875945548,0.904260615735709,0.0363624224324085,0.000884865557005833,1.12450168332788,0.143137419292583,0.102320374811201,0.0369560892669114,0.0899900354977497
11.7,0.466217034408728,0.490799234299819,5.18737529820819,0.966503539818685,0.966503539818685,21.5359478757711,0.144089067247061,0.0858144614339844,0.0815247518843548,1.18895988990821,0.910994883836457,0.00539633132470808,0.528188128829496,3.36535897977741,0.918013761236048,0.0363435139262445,0.000831456402629011,1.1269812829886,0.143119055723658,0.102293561599803,0.0369432851613632,0.0898529031275202
11.8,0.453288151816689,0.478267167732377,5.0507320666084,0.966503539818696,0.966503539818696,21.5359479102471,0.144071484272831,0.0858077525228191,0.0806607710158856,1.18718175605816,0.914606810575716,0.00526350117503274,0.52972042773016,3.39906077920281,0.931439770059332,0.0363259309520117,0.000779942901256991,1.12941206166263,0.14310186018572,0.102268473827105,0.0369313089081943,0.0897221783409308
11.9,0.440394105682551,0.465800788847141,4.91447447434241,0.9665035398187,0.9665035398187,21.5359479361546,0.144055030910405,0.0858014893382271,0.0798412592082545,1.18436095445107,0.91750006587957,0.00514765727203979,0.531147705072013,3.43194425861961,0.944498201484116,0.0363094775895846,0.000730511843771639,1.13179524560915,0.143085721456921,0.102244942155473,0.036920078716852,0.0895974686991553
12,0.427559110888011,0.453424991498069,4.77886444393761,0.966503539818696,0.966503539818696,21.5359479548179,0.144039609800682,0.0857956316010581,0.0790654647533211,1.18048464475289,0.919656481497585,0.00504712085132852,0.532477362892462,3.46399921009692,0.957172733129977,0.0362940564798596,0.000683238941228055,1.13413180424607,0.143070528315413,0.102222797247276,0.0369095127967837,0.0894783817633676
12.1,0.414804351190657,0.441160154685222,4.64413608099323,0.966503539818683,0.966503539818683,21.5359479677524,0.144025142016311,0.0857901467842754,0.0783327191687128,1.17554964621193,0.92106208364496,0.00496059617513408,0.533716001379188,3.49522230621683,0.969452093858803,0.0362795886954873,0.000638164733607789,1.13642265289023,0.143056169539348,0.102201869764881,0.0368995293574367,0.0893645250947418
12.2,0.402127909037222,0.42899224804769,4.51031148807494,0.96650353981868,0.96650353981868,21.5359479779327,0.144011689105113,0.085785061442551,0.0776429882662171,1.16962639730418,0.921734866101125,0.00488970669246079,0.534864109528412,3.52566265847976,0.981363509906687,0.0362661357842872,0.000595061709214193,1.13866829453415,0.14304258063029,0.102182062182859,0.0368900813014367,0.089255635116288
12.3,0.38956265502987,0.416959058119505,4.3777320221201,0.966503539818676,0.966503539818676,21.5359479861363,0.143999101074009,0.0857803131596896,0.0769952826770269,1.16267447365675,0.921644682840798,0.00483167986267888,0.535931379150851,3.55529041086551,0.992876234494866,0.0362535477531818,0.00055410601411285,1.14086985308759,0.143031079270206,0.102165401337446,0.0368821478313264,0.0891552602653262
12.4,0.377128784093565,0.405079491036305,4.24662271411229,0.966503539818673,0.966503539818673,21.5359479939412,0.143987305008574,0.0857758719375988,0.0763889610692097,1.15469384572847,0.920778928424497,0.00478534490141434,0.536924148849658,3.58410448056098,1.0039806443337,0.0362417516877457,0.0005153267145535,1.14302822621819,0.143020441833378,0.102150008166195,0.0368748211717583,0.089059940124747
12.5,0.36484012133507,0.39336499264544,4.11713355508106,0.966503539818671,0.96650353981867,21.5359480023233,0.143976240270577,0.0857717129930532,0.0758234752306909,1.14569348406937,0.919130299325715,0.00474985575490217,0.537847920879065,3.61210827085786,1.01467099276204,0.0362306869497475,0.000478719587043555,1.14514426843982,0.14301058494904,0.102135756137585,0.0368680402122298,0.0889693590682097
12.6,0.352671081478132,0.381780665972929,3.98895177852966,0.966503539818668,0.966503539818668,21.5359480086244,0.143965924597716,0.0857678448216058,0.0752988605742143,1.13573907781997,0.916724616840795,0.00472641946075073,0.538702945251013,3.63933385395544,1.02496613499305,0.036220371276885,0.000444070723443698,1.14721856081347,0.143001425246421,0.10212251872009,0.0368617438422388,0.0888832014693738
12.7,0.340647096963798,0.370351253431652,3.86236655253588,0.966503539818668,0.966503539818668,21.5359480150652,0.143956278868476,0.0857642347644648,0.074814411214824,1.12482485717895,0.913545432128732,0.00471366877273058,0.539496123563151,3.66577792353419,1.0348542501592,0.0362107255476442,0.000411430594481646,1.14925202612672,0.142992879354754,0.102110169382189,0.0368558709512827,0.088801151701899
12.8,0.32877259682734,0.359076928708276,3.73741936552794,0.966503539818669,0.966503539818669,21.5359480218659,0.143947264044365,0.0857608671923478,0.0743697270917028,1.11297455965603,0.909593725985374,0.00471130000812761,0.540231612385383,3.69145181630604,1.04433619915274,0.0362017107235317,0.000380740511033588,1.15124544592984,0.14298486390327,0.102098581592357,0.0368503604288593,0.0887228941394445
12.9,0.317049984526424,0.347955446128744,3.61412822808205,0.966503539818673,0.966503539818673,21.5359480290781,0.14393884560421,0.0857577283911268,0.0739644396521523,1.10021504677939,0.904872246650812,0.00471912388266463,0.540913282650572,3.71636852681838,1.05341423187951,0.036193292283376,0.000351930255978077,1.15319958641464,0.142977295521202,0.102087628819071,0.0368451511644661,0.0886481131556698
13,0.305540807560887,0.337066757235555,3.4930442526075,0.966503539818676,0.966503539818676,21.5359480361386,0.143930964160292,0.0857547942657219,0.0735986153761948,1.08654422973941,0.899393610584158,0.00473636553221648,0.541544077852514,3.74052890395514,1.06208208129972,0.0361854108394573,0.000324971363554316,1.15511521708412,0.142970090837781,0.102077184530808,0.0368401820476008,0.0885764931242345
13.1,0.294234500590283,0.326391441764148,3.3740573527352,0.966503539818678,0.966503539818678,21.535948042828,0.143923598509825,0.085752056724908,0.0732718898993385,1.07199989407687,0.893162919938573,0.00476316651605603,0.542127391215415,3.76395127028449,1.07034621949139,0.0361780451889899,0.000299762793288308,1.15699307069137,0.142963166482239,0.102067122196044,0.0368353919677611,0.088507718418798
13.2,0.283144501132023,0.315943665497296,3.25727079583571,0.966503539818679,0.966503539818679,21.5359480485684,0.143916719464144,0.0857495043604677,0.0729841020699572,1.05660930131272,0.886190491292076,0.00479948494241021,0.542666057231683,3.78664973264932,1.07821029243703,0.0361711661433073,0.000276214647739294,1.1588338725752,0.142956439083807,0.102057315283256,0.0368307198144445,0.0884414734130197
13.3,0.272284987177013,0.305739001164577,3.14278953960516,0.966503539818677,0.966503539818677,21.5359480525936,0.143910301023182,0.0857471271233162,0.0727351404916678,1.04040138660446,0.878488774978782,0.00484536166537238,0.543162595734808,3.80863943154256,1.08567888719158,0.0361647477023453,0.000254227910727398,1.16063833356018,0.142949825271717,0.102047637260921,0.0368261044771487,0.0883774424805592
13.4,0.261671136170501,0.295788639410771,3.03096122746759,0.966503539818676,0.966503539818676,21.5359480567628,0.143904299608312,0.0857449073032379,0.0725248207897209,1.02346017402057,0.870077312436,0.00490018148401921,0.543620104592652,3.82992492671277,1.09275076793589,0.0361587462874743,0.000233796684921036,1.16240717517701,0.142943290117511,0.102038036652865,0.0368215212383891,0.0883154532558966
13.5,0.251317770836821,0.286108511905161,2.92193698595081,0.966503539818676,0.966503539818676,21.5359480605337,0.143898691638931,0.0857428358435595,0.0723530992816388,1.00582969361838,0.860973750441083,0.00496400491571753,0.544040672191413,3.85052117421413,1.09943111970451,0.0361531383180923,0.000214824531669353,1.164141084276,0.142938618863835,0.102031282112297,0.0368183128117663,0.0882607162549467
13.6,0.241239955128745,0.276715276417275,2.81586471024428,0.966503539818675,0.966503539818675,21.5359480631748,0.143893456995648,0.085740905161342,0.0722199789444248,0.987555825810749,0.851197795591996,0.00503698210548545,0.544426076074264,3.87044429476574,1.10572616013062,0.0361479036748092,0.000197205296698609,1.16584073300093,0.142934280532264,0.102025004219165,0.0368153305496202,0.0882086347701218
13.7,0.231453154112247,0.267625239669597,2.71294091997538,0.966503539818674,0.966503539818674,21.5359480643588,0.143888574583693,0.0857391072211392,0.0721254841868976,0.968697527616676,0.840772275238419,0.00511919558617909,0.544777970376196,3.88970909703327,1.11164169385359,0.0361430212628539,0.000180844794501174,1.16750678414774,0.14293022776712,0.102019132242867,0.0368125403983319,0.0881589996842851
13.8,0.221951191039562,0.258825099796884,2.61307075674618,0.966503539818673,0.966503539818673,21.5359480649359,0.143884015516299,0.0857374304829519,0.072069751826657,0.949302602767145,0.829725842341834,0.00521044235675147,0.545098752235885,3.90832448669965,1.11718126093275,0.0361384621954587,0.000165708398536507,1.16913990378321,0.14292641321273,0.102013595452799,0.0368099083042826,0.0881116018802995
13.9,0.212733103146517,0.250308794302055,2.51623616832797,0.966503539818672,0.966503539818673,21.5359480654333,0.143879755602785,0.0857358654374779,0.0720529431580188,0.929426917635845,0.81808867244594,0.00531064748161225,0.545390325572081,3.92630140031511,1.12234975321525,0.036134202281945,0.000151742518077651,1.17074074078889,0.142922789513417,0.102008323118357,0.0368074002138533,0.0880662322410279
14,0.203812898777583,0.242090887486434,2.42262967565334,0.966503539818672,0.966503539818672,21.5359480655095,0.143875779885679,0.0857344066171538,0.0720752120049409,0.909141382682954,0.80589090031969,0.00542001435764917,0.545653651944509,3.94365568778718,1.12715472821822,0.0361302265648376,0.000138846069539435,1.17230991942906,0.142919309313506,0.102003244508937,0.0368049820734251,0.0880226816493334
14.1,0.195194630842445,0.234172369559668,2.33231263806137,0.966503539818673,0.966503539818673,21.5359480653475,0.143872071049733,0.0857330474585435,0.0721367863362662,0.888514116949228,0.793166613867902,0.00553864082682097,0.545889897970249,3.96040074847876,1.1316030525518,0.0361265177288918,0.000126943358723289,1.17384805833735,0.142915925257321,0.101998288893936,0.0368026198293792,0.087980740988079
14.2,0.186874089739957,0.226546628013844,2.24520477900859,0.966503539818673,0.966503539818673,21.5359480650153,0.14386860998401,0.0857317805487074,0.0722380457280906,0.867590585796335,0.779949455331428,0.00566653704654983,0.546100493059317,3.97654781240765,1.13570041840719,0.0361230566631679,0.000115977851975617,1.17535576989212,0.142912589989189,0.101993385542749,0.0368002794280968,0.0879402011401276
14.3,0.17884016750802,0.21920061329937,2.1611094062058,0.966503539818674,0.966503539818674,21.5359480644951,0.143865376459778,0.0857305979262131,0.0723795008349687,0.846398654905926,0.766273201428944,0.00580364808578776,0.546287040368072,3.99210638561431,1.13945166492854,0.0361198231389354,0.000105908435060583,1.17683365904873,0.142909256153432,0.101988463724774,0.0367979268159588,0.0879008529883423
14.4,0.171093828568902,0.212131049463241,2.08006413905872,0.966503539818674,0.966503539818674,21.5359480640895,0.143862358557886,0.0857294952671908,0.072561507903306,0.8250188744405,0.752179831181579,0.00595016816044464,0.546450078460133,4.00709044373279,1.14286524741845,0.0361168052370432,9.66573866395253e-05,1.17828230710019,0.142905876394376,0.101983452709406,0.0367955279393464,0.0878624874155859
14.5,0.163628239176458,0.205327454618827,2.00197354576244,0.966503539818674,0.966503539818674,21.5359480639959,0.143859542794239,0.0857284675007283,0.0727845677989733,0.803510861212125,0.737711075420723,0.00610621149335952,0.546590378381521,4.02151194465058,1.14594855615221,0.0361139894733965,8.81648724780081e-05,1.17970228868673,0.142902403356345,0.101978281766041,0.0367930487446407,0.0878248953047217
14.6,0.156439782790799,0.198785050087373,1.92678681547658,0.966503539818674,0.966503539818674,21.5359480642515,0.143856915784999,0.0857275095632525,0.0730492802038148,0.781926183375335,0.722905798616478,0.00627185749631095,0.546708681826797,4.03538207699762,1.1487083999106,0.0361113624641555,8.03759858722968e-05,1.18109416889562,0.142898818146869,0.101972923676555,0.0367904762637272,0.0877879674368178
14.7,0.149540097070295,0.192523194404497,1.8546597551318,0.966503539818675,0.966503539818674,21.5359480643122,0.143854461351957,0.0857266151481374,0.0733564420471175,0.76028787559768,0.707788099080276,0.00644703022884403,0.546805980919693,4.0487097184817,1.15114892088489,0.0361089080311134,7.3247936469597e-05,1.18245850817319,0.14289654739514,0.101969561031247,0.036788868368998,0.0877566679857025
14.8,0.142913883427337,0.186520770921731,1.78538698002748,0.966503539818675,0.966503539818675,21.5359480645276,0.143852170668378,0.0857257810884121,0.0737067024968746,0.738662239726773,0.692409018533017,0.00663192090296558,0.546882537563704,4.06150683952371,1.1532789030712,0.0361066173475343,6.67248529829276e-05,1.18379584510775,0.142894407331399,0.101966385832281,0.0367873491528067,0.0877267993260517
14.9,0.13655459009532,0.180770834506367,1.71888214534634,0.966503539818675,0.966503539818675,21.5359480648939,0.143850033678035,0.0857250036500335,0.074100854755003,0.717098118527311,0.676811265744726,0.0068266305448034,0.546938712837916,4.07378393306927,1.15510559110958,0.0361044803571912,6.07590940928981e-05,1.18510671099113,0.142892378696148,0.101963370300448,0.0367859053751451,0.0876982509507654
15,0.130454288814482,0.175265376821346,1.65505209899408,0.966503539818674,0.966503539818674,21.5359480653752,0.143848041883908,0.085724279708642,0.0745398488989404,0.695638105861393,0.661036628467757,0.00703124084128934,0.546974664280158,4.08555074449887,1.15663622331807,0.0361024885630636,5.53082488960037e-05,1.1863916163543,0.14289044222989,0.101960486656539,0.0367845237960052,0.0876709123527441
15.1,0.124600039335515,0.169991342497745,1.59390783719579,0.966503539818674,0.966503539818674,21.5359480656909,0.143846191826089,0.085723607934372,0.0750260258015653,0.674238378298632,0.645087425829812,0.00724537652287454,0.546989552480264,4.09680900027006,1.15787525563646,0.0361006385052453,5.03708326095746e-05,1.1876509391542,0.142888578673127,0.101957707121343,0.0367831911753788,0.087644673024888
15.2,0.118991933022559,0.164947211726865,1.53536360983864,0.966503539818674,0.966503539818674,21.5359480660225,0.143844466083585,0.0857229817572122,0.0755592165103174,0.652993864733626,0.629019847169085,0.007469328657408,0.546984784838784,4.10757412641262,1.15883065357863,0.0360989127627406,4.5868486737826e-05,1.18888532513328,0.142886768766362,0.101955003915651,0.0367818942732579,0.0876194224600974
15.3,0.113624121477531,0.16012637808567,1.47935898394232,0.966503539818674,0.966503539818674,21.5359480663596,0.143842853692053,0.0857223970575569,0.0761402766672972,0.631945524042046,0.612870788191217,0.00770314089867803,0.546960781929793,4.11785607624825,1.15950918491199,0.0360973003712081,4.17547044724672e-05,1.1900953062777,0.142884993250097,0.101952349260253,0.0367806198496344,0.0875950501512726
15.4,0.10849075630235,0.155522235151122,1.42583352652648,0.966503539818674,0.966503539818674,21.5359480666919,0.143841343687151,0.0857218497158005,0.0767700619146053,0.611134315099563,0.596677144601851,0.00794685690047294,0.546917964327372,4.12766480309866,1.15991761740395,0.0360957903663062,3.79829790052072e-05,1.19128141457363,0.142883232864835,0.10194971537594,0.0367793546645001,0.0875714455913139
15.5,0.103587372857547,0.151130608079389,1.37473574480733,0.966503539818674,0.966503539818674,21.5359480670065,0.143839928315356,0.0857213368489368,0.0774497632008612,0.590594025998259,0.580471642082353,0.00820049731409325,0.546856296104792,4.1370079762482,1.16006269314986,0.0360943749945111,3.4520310745339e-05,1.19244413158447,0.142881468351077,0.1019470744835,0.036778085477847,0.0875484982731214
15.6,0.098919542646221,0.146964957816066,1.32607898757526,0.966503539818674,0.966503539818674,21.5359480672726,0.143838623110604,0.0857208645427838,0.0781830033901862,0.570306436477313,0.564256761907548,0.00846391595809558,0.546772430420324,4.14587669928546,1.15995096805035,0.0360930697897593,3.14316654263456e-05,1.19358357316672,0.142879680449326,0.101944398803725,0.036776799049667,0.0875260976895956
15.7,0.0944761109333284,0.143009353494919,1.2797685386341,0.966503539818674,0.966503539818674,21.5359480674894,0.143837404795944,0.0857204239357143,0.0789693523156136,0.550340003412099,0.548085390689071,0.00873724469453645,0.546668538404151,4.15428968419248,1.1595893083182,0.036091851475099,2.86187397437011e-05,1.1947004646641,0.142877849900086,0.101941660557405,0.0367754821399521,0.0875041333336367
15.8,0.0902524649259089,0.139259359932669,1.23575194800902,0.966503539818674,0.966503539818674,21.5359480676444,0.143836265274082,0.0857200120123244,0.0798099650258366,0.53072928264178,0.531990700576088,0.00902050663750064,0.546544633005261,4.16225484479634,1.15898445879737,0.0360907119532369,2.60470879430065e-05,1.19579529303857,0.142875966462304,0.101938845226671,0.0367741278805826,0.0874825337775115
15.9,0.0862439918310019,0.135710541946035,1.19397676572516,0.966503539818674,0.966503539818674,21.5359480677249,0.143835196447725,0.0857196257572101,0.0807059965695486,0.511508830005518,0.516005863717765,0.00931372490107294,0.54640072717264,4.16978009492415,1.1581431643318,0.03608964312688,2.3682264269863e-05,1.19686854525208,0.142874712611472,0.101936956911423,0.0367732188349672,0.0874642293211156
16,0.082446815876495,0.132359337849387,1.15440639414909,0.966503539818674,0.966503539818674,21.5359480677406,0.143834194256472,0.0857192636905737,0.0816591601762049,0.492695561632036,0.500154955012149,0.00961688577965916,0.546236217089198,4.1768686495411,1.15707207481756,0.036088640935627,2.15082378650108e-05,1.19792063049209,0.142873530610072,0.101935176017551,0.0367723613071617,0.0874467760868373
16.1,0.0788599861440044,0.129205652416505,1.11706714537371,0.966503539818674,0.966503539818674,21.535948067789,0.143833270660255,0.0857189304266428,0.0826733842053855,0.474236390782413,0.484425947082924,0.00992982944944396,0.546048051312983,4.18350507626503,1.15577746335179,0.0360877173394095,1.95820570430964e-05,1.19895164929934,0.142872414429164,0.10193349422096,0.036771551405067,0.0874301208991455
16.2,0.075477149944586,0.12624298838533,1.08186914656808,0.966503539818674,0.966503539818674,21.5359480678052,0.143832408031829,0.0857186193248852,0.0837485060002281,0.456207515620373,0.468873488094124,0.0102526659452711,0.545837698801748,4.18970838159562,1.15426629892329,0.0360868547109832,1.78258037352167e-05,1.19996227223921,0.142871358039805,0.101931903197555,0.0367707852365843,0.087414210582509
16.3,0.0722941280729176,0.123467424449202,1.04876927365267,0.966503539818674,0.966503539818674,21.5359480677896,0.143831600648795,0.0857183282732903,0.0848860089858611,0.438633114584739,0.453525398303389,0.0105853967202946,0.545604809662442,4.19548371503051,1.1525452705184,0.0360860473279493,1.62158656266531e-05,1.2009529405191,0.142870355413054,0.10193039462324,0.0367700589096146,0.0873989919613966
16.4,0.0693067413236776,0.120875039301463,1.01772440254796,0.966503539818674,0.966503539818674,21.5359480677429,0.143830842788754,0.0857180551598479,0.0860873765874127,0.421537366114336,0.438409497968359,0.0109280232276682,0.545349034002014,4.20083622606735,1.15062106712346,0.0360852894679086,1.47286304026876e-05,1.20192409534642,0.14286940051997,0.10192896017392,0.036769368532059,0.0873844118602772
16.5,0.0665066113210339,0.118456656355966,0.988650147842049,0.966503539818674,0.966503539818674,21.5359480676761,0.143830132747337,0.0857177993758187,0.0873548485135093,0.404919365921603,0.423538130095345,0.011280609039252,0.545069312050949,4.205764281095,1.14849970367056,0.036084579426491,1.33606907302135e-05,1.20287607987371,0.142868487331611,0.101927591525499,0.0367687102118186,0.0873704171036196
16.6,0.0638756733688768,0.116190976556152,0.961366945687329,0.966503539818674,0.966503539818674,21.5359480676254,0.143829478088649,0.0857175637800933,0.0886924090087919,0.38872035083455,0.408887935969805,0.0116433610175108,0.54476294655186,4.21025059975401,1.14618564023589,0.0360839247678029,1.21552465578795e-05,1.20380901106825,0.142867609819036,0.101926280353882,0.0367680800567944,0.0873569545158926
16.7,0.0614165246120066,0.114082559225932,0.935898256877167,0.966503539818674,0.966503539818674,21.5359480675738,0.143828866606256,0.0857173438347791,0.0901003210569315,0.373004976175619,0.394511712037812,0.0120161803724432,0.54443073316448,4.2143112776848,1.14368665355096,0.0360833132854099,1.10560800767908e-05,1.20472348837199,0.142866761953303,0.101925018334974,0.0367674741748874,0.0873439709215651
16.8,0.0591231611509605,0.112125199446285,0.912183027764459,0.966503539818674,0.966503539818674,21.5359480675265,0.143828294323741,0.0857171380810924,0.0915803967160722,0.357786521015825,0.380430553121647,0.0123990955500673,0.544072013528305,4.21794851687461,1.14100913970072,0.0360827410028944,1.0048358780402e-05,1.20561991038391,0.14286593770547,0.101923797144678,0.0367668886739989,0.087331413145106
16.9,0.0569895790862759,0.110312692298189,0.890160204702107,0.966503539818674,0.966503539818674,21.5359480674887,0.143827757264685,0.0857169450602494,0.0931344480443578,0.343078264426186,0.366665554043596,0.0127921349964009,0.543686129282834,4.22116451931065,1.13815949477014,0.0360822039438388,9.1172501621676e-06,1.20649867570296,0.142865131046597,0.1019226084589,0.0367663196620298,0.087319228010984
17,0.0550064569487329,0.108635744669823,0.869721016695539,0.966503539818674,0.966503539818674,21.5359480674581,0.143827254902493,0.085716764590532,0.0947650950209148,0.328864804407717,0.353215890867936,0.013195484852868,0.543271635501801,4.22395239629689,1.13514223785815,0.0360817015816468,8.26438715753536e-06,1.20736007197765,0.142864337165755,0.101921445575368,0.0367657639986662,0.0873073706631465
17.1,0.0531601514613004,0.107081040451586,0.850694531222274,0.966503539818674,0.966503539818674,21.5359480674228,0.14382679120466,0.0857165981538587,0.096476010105893,0.315093376047779,0.340052186028879,0.0136095366911578,0.542826062597427,4.22629341667766,1.13195944290853,0.0360812378838141,7.51285228132724e-06,1.20820424232104,0.142863736201033,0.101920548057223,0.0367653326981274,0.0872970595138738
17.2,0.0514485120939685,0.105645961671732,0.833075118509488,0.966503539818674,0.966503539818674,21.5359480673966,0.143826358187789,0.0857164428081295,0.0982680669542489,0.301810571585493,0.327220993066603,0.0140341357934957,0.542349665808229,4.22820034130217,1.12861968613239,0.0360808048669431,6.82868835567147e-06,1.20903171420142,0.14286317992766,0.101919718242163,0.0367649341019718,0.0872872701389398
17.3,0.0498644005878956,0.104323247481531,0.816785409165545,0.966503539818674,0.966503539818674,21.5359480673821,0.143825953055042,0.0857162975312212,0.100143353872348,0.289019863322727,0.314735912236425,0.0144693645258699,0.541841517827365,4.22967226382756,1.12512872182662,0.0360803997341957,6.20269281699761e-06,1.20984284828106,0.142862665789005,0.101918952429585,0.0367645664612861,0.0872779730799496
17.4,0.0484006786842407,0.103105637032253,0.801748033798814,0.966503539818674,0.966503539818674,21.5359480673819,0.14382557300958,0.0857161613010104,0.102103959166554,0.276724723561351,0.302610543793662,0.0149153052542685,0.541300691347989,4.23070827791101,1.1214923042881,0.0360800196887336,5.62566310173535e-06,1.2106380052222,0.142862191228437,0.101918246918886,0.0367642280271572,0.0872691388785085
17.5,0.0470496234530616,0.101986496204905,0.787883087101267,0.966503539818674,0.966503539818674,21.5359480673876,0.143825218385671,0.0857160342478436,0.104152490480099,0.264911243139129,0.290832427567323,0.0153724304341067,0.540725176500559,4.23129488966442,1.11771247983284,0.0360796650648245,5.10135387924725e-06,1.21141741149781,0.142861753689328,0.10191759800946,0.0367639170506718,0.0872607380762216
17.6,0.0458031918057105,0.100959534069992,0.775109275128243,0.966503539818674,0.966503539818674,21.535948067385,0.143824891232138,0.0857159171331456,0.106291839838694,0.253555995017814,0.279374833017416,0.015841426128973,0.540112370617505,4.23141171241474,1.1137892643321,0.0360793379112911,4.64061504032569e-06,1.21218122010042,0.142861350615046,0.101917002000703,0.0367636317829166,0.0872527412146941
17.7,0.0446547863802589,0.100016909972155,0.763351574541038,0.966503539818674,0.966503539818674,21.5359480673867,0.143824585855461,0.0857158078686084,0.108523615094468,0.242678531617236,0.268275469687565,0.0163220138213326,0.539462347903469,4.23106948493778,1.10973184244799,0.0360790325346145,4.22225689345605e-06,1.21292991583487,0.142860979448962,0.101916455192013,0.0367633704749785,0.0872451188355311
17.8,0.0435971281206007,0.0991515139882585,0.75253200526264,0.966503539818674,0.966503539818674,21.5359480673927,0.143824300212819,0.08571570570964,0.11085002961762,0.232278139531092,0.257541662105179,0.0168143698163547,0.538773920354837,4.23026426962761,1.10554507554194,0.0360787468919722,3.84019716432749e-06,1.21366382704868,0.142860637634445,0.101915953882784,0.0367631313779442,0.0872378414803379
17.9,0.0426229379706299,0.0983562361951654,0.74257258721604,0.966503539818674,0.966503539818674,21.535948067403,0.143824032261388,0.0857156099116485,0.113273296778352,0.222354105353082,0.24718073479767,0.0173186704192083,0.538045899967997,4.22899212887828,1.10123382497535,0.0360784789405416,3.48835357862921e-06,1.21438328208938,0.142860322614866,0.101915494372413,0.0367629127429005,0.0872308796907196
18,0.0417256100433955,0.0976248133815844,0.733402753614314,0.966503539818674,0.966503539818674,21.5359480674173,0.143823780227287,0.0857155198287814,0.115795602040597,0.212903888346669,0.237197645824371,0.0178351453114039,0.537276945991819,4.22724776037718,1.09680250271222,0.0360782269064405,3.16163431043681e-06,1.21508859484127,0.142860031833593,0.101915072960295,0.0367627128209342,0.0872242040082813
18.1,0.0409155626573705,0.096972395373752,0.725139417106188,0.966503539818674,0.966503539818674,21.5359480674273,0.14382354913804,0.0857154373122701,0.118418425128866,0.203878735252045,0.227537506119462,0.01836537404289,0.536461854745509,4.22499134887242,1.09224415561783,0.0360779958171938,2.87999561670701e-06,1.21577971341896,0.142859762733997,0.101914685945827,0.0367625298631319,0.0872177849746283
18.2,0.0401767793076396,0.096380882289553,0.717608376267987,0.966503539818674,0.966503539818674,21.5359480674369,0.143823333460093,0.0857153603359274,0.121144341624805,0.195301650630731,0.218238355957691,0.0189088401166705,0.535601420823133,4.22223667006877,1.08756947804057,0.0360777801392466,2.62449962508514e-06,1.21645715389643,0.142859512788105,0.101914329664289,0.0367623621363103,0.0872115935881417
18.3,0.039503488032304,0.0958450598282321,0.710748247930717,0.966503539818674,0.966503539818674,21.5359480674456,0.143823131752728,0.0857152883762194,0.123975502421938,0.187167830041077,0.209302221806829,0.0194658393371132,0.534694114249236,4.21897673104877,1.08278232522883,0.0360775784318813,2.39128148167321e-06,1.2171212122409,0.142859351359879,0.101914090477283,0.036762247369022,0.0872067467793188
18.4,0.0388899168694654,0.095359713689034,0.704497648925387,0.966503539818674,0.966503539818674,21.5359480674525,0.143822942575227,0.0857152209096126,0.126914058413787,0.179472469041435,0.200731130134648,0.0200366675085857,0.53373840504836,4.21520453889493,1.07788655243103,0.0360773892543806,2.17647633257323e-06,1.21777218441955,0.142859213742826,0.101913886857348,0.0367621496980761,0.0872022244428686
18.5,0.038330293857225,0.0949196295712034,0.698795196083003,0.966503539818674,0.966503539818674,21.5359480674569,0.143822764486874,0.0857151574125732,0.129962160493873,0.172210763190155,0.192527107408918,0.0206216204354557,0.532732763245047,4.21091310068979,1.07288601489559,0.0360772111660269,1.97621932388722e-06,1.21841036639958,0.142859097815168,0.10191371564842,0.0367620676132507,0.0871980040517744
18.6,0.0378362251970624,0.0945379473357318,0.693772601738458,0.966503539818674,0.966503539818674,21.5359480674615,0.143822599697297,0.0857150986981336,0.133119130531925,0.165335771290587,0.184656467004308,0.0212218361893009,0.531672308487511,4.20607785586342,1.06777784087233,0.0360770463764501,1.79907649980278e-06,1.21903580967565,0.142859001455126,0.101913573694436,0.0367619996043241,0.0871940630790196
18.7,0.0374032725529187,0.0942108612072554,0.689383301155982,0.966503539818674,0.966503539818674,21.535948067466,0.143822447045913,0.0857150443453302,0.136386902318012,0.158839455264475,0.177118494713253,0.0218376752113144,0.530555253687484,4.20069046333083,1.0625653693699,0.0360768937250658,1.64213697184032e-06,1.21964879145378,0.14285892254092,0.101913457839332,0.0367619441610745,0.0871903789975874
18.8,0.0370221741207024,0.0939294710451124,0.685527134178354,0.966503539818674,0.966503539818674,21.5359480674688,0.143822304358949,0.0857149935622232,0.139768194863611,0.152725472474922,0.169922388823493,0.0224692641637295,0.529380741684258,4.19474745806951,1.05725380653684,0.0360767510381023,1.49903954217354e-06,1.22024965679556,0.142858858950773,0.101913364927046,0.0367618997732802,0.0871869292804609
18.9,0.03668931821633,0.0936908441526255,0.682166721320061,0.966503539818674,0.966503539818674,21.5359480674696,0.143822170649463,0.0857149459914273,0.143264807386569,0.146983780464325,0.163065736311638,0.0231170035530696,0.52814682601742,4.18823966332879,1.05184617138904,0.0360766173286165,1.36746464064755e-06,1.22083867127784,0.142858808562906,0.101913291801512,0.0367618649307194,0.0871836914006236
19,0.0364010931557175,0.0934920478331175,0.679264683095591,0.966503539818674,0.966503539818674,21.5359480674682,0.143822044930512,0.0857149012755572,0.146878539104733,0.141604336775082,0.156546124154295,0.0237812938858581,0.526851560226551,4.18115790235802,1.04634548294236,0.0360764916096652,1.24509269710743e-06,1.22141610047745,0.142858769255539,0.101913235306668,0.0367618381231703,0.0871806428310587
19.1,0.036158202583039,0.0933334589634107,0.67683257131728,0.966503539818674,0.966503539818674,21.5359480674658,0.143821927389214,0.0857148594854274,0.150608419732972,0.136563378361556,0.150347059892395,0.0244627788987049,0.525491401724692,4.17349214766398,1.04075270591417,0.036076374068367,1.13323693370843e-06,1.22198210830373,0.142858738906895,0.101913192286451,0.0367618178404111,0.0871777610447494
19.2,0.0359651928714757,0.0932184015412252,0.674925510315329,0.966503539818674,0.966503539818674,21.5359480674647,0.14382181925817,0.0857148210731575,0.154451012789196,0.131824924219593,0.144439513560412,0.0251623189206206,0.524061386600381,4.16523161418112,1.0350669757028,0.0360762659373232,1.03644551455081e-06,1.22253676813274,0.142858715395194,0.101913159584796,0.0367618025722202,0.0871750235146789
19.3,0.0358137353063936,0.0931403252170949,0.673452634423562,0.966503539818674,0.966503539818674,21.5359480674631,0.143821718267085,0.0857147852133023,0.158411144799808,0.127393929692235,0.138836462187406,0.0258800485864083,0.522561313098872,4.15636805509471,1.0292935568517,0.0360761649462386,9.48427910311278e-07,1.22308045667279,0.142858696598657,0.10191313404564,0.0367617908083757,0.0871724077138307
19.4,0.035701375739134,0.0930971850480285,0.672389689394517,0.966503539818674,0.966503539818674,21.5359480674612,0.143821623743945,0.0857147516633361,0.162489872096456,0.123256671937503,0.133531716109001,0.026616433646166,0.520988806617807,4.14689206545251,1.02343491733562,0.0360760704230982,8.67839004118537e-07,1.22361341222962,0.142858680395506,0.10191311251292,0.0367617810386559,0.0871698911151878
19.5,0.035625660021038,0.0930869360910348,0.671712420980731,0.966503539818674,0.966503539818674,21.5359480674588,0.143821535016734,0.0857147201807329,0.166688251010787,0.119399428113416,0.12851908566082,0.0273719398499918,0.519341492554829,4.13679424030232,1.01749352512933,0.036075981695887,7.93333679101291e-07,1.22413587310898,0.142858664663962,0.101913091830572,0.0367617717528389,0.0871674511917336
19.6,0.0355841988737675,0.093107581026867,0.6713971250216,0.966503539818674,0.966503539818674,21.5359480674563,0.143821451432788,0.0857146905299934,0.17100723517733,0.115808439826497,0.123792139759151,0.0281470344304911,0.517616966518525,4.12606540375803,1.01147182274333,0.0360758981119407,7.23618484539389e-07,1.22464807538118,0.142858647282247,0.101913068842533,0.0367617614407031,0.0871650654164514
19.7,0.0355831365713244,0.0931633873382882,0.671492460109501,0.966503539818674,0.966503539818674,21.5359480674541,0.143821374884999,0.0857146633999057,0.175434268643309,0.112465271959462,0.119312689121253,0.0289423796409546,0.515808905430959,4.11472651309301,1.00536890291965,0.0360758215641526,6.64196541727913e-07,1.22514996105328,0.142858626128581,0.101913040392738,0.0367617485920267,0.0871627112623244
19.8,0.0356158214657444,0.0932492285400564,0.671938578073918,0.966503539818674,0.966503539818674,21.5359480674521,0.143821303449241,0.0857146380933036,0.17997705286084,0.109358502065774,0.115090165363669,0.0297583453043498,0.513916862220456,4.10275334140155,0.99918888132329,0.0360757501283941,6.10379623543771e-07,1.2256419130754,0.142858599081186,0.101913003325126,0.0367617316965879,0.0871603662023358
19.9,0.0356805021066765,0.0933635755664603,0.672717183403214,0.966503539818674,0.966503539818674,21.5359480674505,0.143821236663112,0.0857146144437721,0.18463553170995,0.106474022197022,0.111115763682184,0.0305954132298202,0.511938139599066,4.09013896505682,0.992933950091164,0.036075683342265,5.61382279179879e-07,1.22612414553853,0.142858564018283,0.101912954483631,0.0367617092441649,0.087158007709469
20,0.0357754270437693,0.0935048993517887,0.673809980585753,0.966503539818674,0.966503539818674,21.5359480674493,0.143821174064212,0.0857145922848963,0.189409649070667,0.103797724404792,0.107380679272581,0.0314540652265094,0.50987004027884,4.076876460432,0.986606301360193,0.036075620743365,5.16419057829144e-07,1.22659687253368,0.142858518818093,0.10191289071219,0.0367616797245361,0.0871556132567071
20.1,0.0358988448266716,0.0936716708303302,0.675198674109897,0.966503539818674,0.966503539818674,21.5359480674488,0.143821115190141,0.0857145714502611,0.194299348823018,0.101315500740671,0.103876107330643,0.032334783103561,0.507709866971827,4.06295890390026,0.980208127267299,0.0360755618692939,4.74704508684481e-07,1.22706030815184,0.142858461358837,0.101912808854741,0.0367616416274795,0.0871531603170336
20.2,0.0360547489220252,0.0938679103216741,0.676923062101615,0.966503539818674,0.966503539818674,21.5359480674481,0.143821060777674,0.085714552207217,0.199291944196662,0.0990332060829712,0.100586650885656,0.0332376633260567,0.505454667141812,4.04842312697778,0.973741430364326,0.0360755074568267,4.38106602780613e-07,1.22751448009175,0.142858389518738,0.101912705755219,0.0367615934427735,0.0871506263634315
20.3,0.0362420585625818,0.0940927366161105,0.678971631117867,0.966503539818674,0.966503539818674,21.5359480674473,0.143821010504406,0.0857145344399884,0.204385904522248,0.0969390630183572,0.097502735539223,0.0341631427166329,0.503101713702206,4.03326731417681,0.967208380655323,0.0360754571835592,4.06149659703366e-07,1.22795958068431,0.142858301176015,0.101912578257561,0.0367615336601962,0.0871479888688842
20.4,0.03645738445058,0.0943430385456361,0.681309523438369,0.966503539818674,0.966503539818674,21.5359480674468,0.143820963566059,0.0857145178584958,0.209584774615729,0.0950132722952887,0.0946174358811797,0.0351118129441184,0.500648382135079,4.01747206749576,0.960611224326979,0.0360754102452124,3.77291751207084e-07,1.22839587715999,0.14285827390165,0.101912538066461,0.0367615151793917,0.0871460128217987
20.5,0.0366996047671611,0.0946178952461472,0.683924810498788,0.966503539818674,0.966503539818674,21.5359480674467,0.14382091963166,0.0857145023438642,0.214887114062939,0.093243913851514,0.0919212246189536,0.036084113584713,0.498091947177777,4.00103525878458,0.953952132738065,0.0360753663108132,3.51038236248648e-07,1.22882356318159,0.142858334686234,0.101912623985366,0.0367615563664767,0.0871449633805415
20.6,0.0369675976934664,0.0949163858535399,0.686805563734791,0.966503539818674,0.966503539818674,21.5359480674468,0.143820878370235,0.0857144877772183,0.220291482449709,0.0916190676247818,0.0894045744599727,0.0370804842146165,0.495429683567647,3.98395475989321,0.947233277247355,0.0360753250493885,3.26894473784942e-07,1.22924283241188,0.142858397252468,0.101912711565295,0.0367615982544319,0.0871439864021094
20.7,0.0372602414106374,0.0952375895037102,0.689939854582044,0.966503539818674,0.966503539818674,21.5359480674474,0.143820839450812,0.085714474039683,0.225796439361871,0.0901268135528406,0.0870579581116646,0.0381013644100286,0.492658866042038,3.96622844267161,0.940456829213621,0.0360752861299655,3.04365822772848e-07,1.22965387851364,0.142858460550273,0.101912799194824,0.0367616400647354,0.087143069949934
20.8,0.037584030353566,0.0955882041170214,0.69339990581294,0.966503539818674,0.966503539818674,21.5359480674478,0.143820803644084,0.0857144614100141,0.231389391093002,0.0887822085246954,0.0848786835097029,0.0391462094285605,0.489781701230607,3.94792142329251,0.933626498480952,0.0360752503232369,2.85088899668822e-07,1.23005667821929,0.142858523529574,0.101912885262528,0.0367616810188651,0.0871422020874465
20.9,0.0379372245583637,0.0959666904789432,0.697166959031544,0.966503539818674,0.966503539818674,21.5359480674481,0.143820770529664,0.0857144497370641,0.237069802444595,0.0875711429937515,0.0828566686055282,0.0402155387349849,0.486795063591928,3.92902611596943,0.926744331542659,0.0360752172088173,2.68396087807611e-07,1.23045144279795,0.142858585140293,0.101912968156983,0.0367617203382991,0.0871413708780782
21,0.0383173453267083,0.0963707703950469,0.701214093628303,0.966503539818674,0.966503539818674,21.5359480674485,0.143820739580312,0.0857144388311176,0.242838220025723,0.0864768907985454,0.0809811683712957,0.0413099672675263,0.483695349218332,3.90952841258898,0.919812225667494,0.0360751862594654,2.53413050349795e-07,1.2308384045598,0.142858644332356,0.101913046266763,0.0367617572445154,0.0871405643852606
21.1,0.0387240068963745,0.0968002593024374,0.705537513665714,0.966503539818674,0.966503539818674,21.5359480674489,0.143820710571523,0.0857144286117276,0.248692125536028,0.0854901390068622,0.0792433160905191,0.0424298394750095,0.480480309479402,3.88943268368557,0.912832500897871,0.0360751572506764,2.39851117097147e-07,1.23121773620285,0.142858700055684,0.101913117980444,0.036761790958992,0.0871397706724249
21.2,0.039156823505137,0.0972549726382199,0.710133423206274,0.966503539818674,0.966503539818674,21.5359480674493,0.143820683278792,0.0857144189984473,0.25462900067515,0.0846015746864871,0.0776342450467118,0.0435754998062592,0.477147695744721,3.86874329979361,0.9058074772762,0.0360751299579454,2.27421617851444e-07,1.23158961042509,0.142858751260201,0.101913181686602,0.0367618207032069,0.0871389778030026
21.3,0.0396154093907705,0.0977347258394998,0.714998026312482,0.966503539818674,0.966503539818674,21.5359480674497,0.143820657477614,0.0857144099108295,0.260646327142731,0.0838018849052051,0.0761450885233872,0.0447472927101002,0.473695259383871,3.84746463144748,0.898739474844893,0.0360751041567675,2.15835882414458e-07,1.23195419992453,0.142858796895831,0.101913235773811,0.0367618456986381,0.087138173840425
21.4,0.0401024399530675,0.0982410602733998,0.720164084434076,0.966503539818674,0.966503539818674,21.5359480674501,0.143820633851471,0.0857144015954596,0.266730596296373,0.0831154018409773,0.0747855290199446,0.0459439365585635,0.470134551477191,3.82566469424706,0.89163341022961,0.0360750805306241,2.06383870648358e-07,1.23231144921946,0.142858835912498,0.101913278630648,0.0367618651667637,0.0871373468481233
21.5,0.0406167868974669,0.0987733727259249,0.725618934072159,0.966503539818674,0.966503539818674,21.5359480674505,0.143820611955611,0.0857143938925638,0.272881955713675,0.0825246514181737,0.0735422004198275,0.047166170230626,0.466459976060343,3.80333242062878,0.884490973631216,0.0360750586347644,1.98393991144242e-07,1.23266158635642,0.142858867260124,0.101913308645686,0.0367618783290615,0.087136484889529
21.6,0.0411577868130565,0.0993313220915992,0.731355463518778,0.966503539818674,0.966503539818674,21.5359480674507,0.143820591483175,0.0857143866920333,0.279098883922938,0.0820172690788875,0.0724045535848403,0.0484144856609638,0.46266803286332,3.78046640849275,0.877314249580924,0.0360750381623286,1.9143439129118e-07,1.2330048047294,0.142858889888634,0.101913324207502,0.0367618844070098,0.0871355760280734
21.7,0.0417253176276955,0.099914872480035,0.737373025908731,0.966503539818674,0.966503539818674,21.5359480674509,0.143820572287873,0.0857143799415918,0.285377915910037,0.0815868400981495,0.0713653196375763,0.0496890872273029,0.458757661969949,3.75707651079232,0.870105781792175,0.0360750189670262,1.85352384903348e-07,1.2333412573809,0.14285890274795,0.10191332370467,0.0367618826220863,0.0871346083271879
21.8,0.0423192572692428,0.100523988000845,0.743670974376821,0.966503539818674,0.966503539818674,21.535948067451,0.143820554223414,0.0857143735889629,0.29171558666085,0.0812269497509906,0.0704172297006288,0.0509901793073697,0.454727803464056,3.73317258048086,0.862868113978409,0.036075000902567,1.79995285794919e-07,1.2336710973534,0.142858904787996,0.101913305525767,0.0367618721957693,0.0871335698503038
21.9,0.0429394836655576,0.10115863276364,0.750248662057848,0.966503539818674,0.966503539818674,21.535948067451,0.143820537143507,0.0857143675818706,0.29810843116125,0.0809311833124417,0.0695530148965911,0.0523179662788902,0.450577397429468,3.70876447051171,0.855603789853066,0.0360749838226603,1.75210407780069e-07,1.23399447768939,0.142858894958696,0.101913268059367,0.0367618523495366,0.0871324486608524
22,0.0437247837373641,0.102003812375971,0.757134784803457,0.966503539818674,0.966503539818674,21.5359480674509,0.143820521284809,0.0857143620058302,0.304548551325253,0.0807089513737713,0.068775249159426,0.0536714892565744,0.446314464734833,3.68388325745288,0.848314111662124,0.0360749679639622,1.71488068627519e-07,1.2343114464897,0.142858872209973,0.101913209694045,0.0367618223048663,0.0871312328222651
22.1,0.0903394261737567,0.162015267840555,1.08516464470417,0.966503539818674,0.966503539818674,21.5359480674508,0.143820506911809,0.085714356884549,0.311034565333677,0.0805587135199212,0.068084040084849,0.0550504646538719,0.441945006979307,3.6585438598226,0.84112562328919,0.0360749535909622,1.87265221194841e-07,1.23462209513823,0.142858835491751,0.101913128818378,0.0367617812832364,0.0871299103979732
22.2,0.135379701898528,0.21633944180661,1.59635802654915,0.966503539818674,0.966503539818674,21.5359480674507,0.14382049523622,0.0857143522500234,0.317570914853587,0.0804655496709453,0.0674715110937826,0.0564553799802252,0.437468446779018,3.63274890775941,0.834337936943396,0.0360749419153734,3.24751083552257e-07,1.23492657095882,0.142858783753952,0.10191302382094,0.0367617285061249,0.0871284694514082
22.3,0.179702971459151,0.2671031553607,2.10969911203355,0.966503539818674,0.966503539818674,21.5359480674506,0.143820489634429,0.0857143483575942,0.324158184282404,0.0804232214107456,0.0669327453516042,0.0578862222856123,0.432887677742544,3.60651131428879,0.827962202832078,0.0360749363135816,8.24944439832483e-07,1.23522495471862,0.142858715946501,0.101912893090306,0.0367616631950098,0.0871268980460012
22.4,0.22365190333236,0.315476994030329,2.60962461745269,0.966503539818674,0.966503539818674,21.5359480674506,0.143820496496007,0.0857143457074617,0.330786960525409,0.080434376659138,0.0664631115582405,0.0593428917484046,0.428206168083792,3.57984434308566,0.82193960393071,0.0360749431751605,2.1328082216138e-06,1.23551729166286,0.142858631019321,0.101912735015052,0.0367615845713692,0.0871251842451838
22.5,0.267327689011339,0.362020330613239,3.09749607892425,0.966503539818674,0.966503539818674,21.5359480674505,0.143820523941133,0.0857143449448339,0.337456903297826,0.0804954888489652,0.066059282613848,0.0608253091342194,0.423427083987898,3.55275893567824,0.816227446022266,0.0360749706202858,4.80483567939377e-06,1.23580357718075,0.142858527922335,0.101912547983753,0.036761491856681,0.0871233161123871
22.6,0.310700267540714,0.407068801620221,3.57522558489659,0.966503539818674,0.966503539818674,21.5359480674505,0.143820583272818,0.0857143469729661,0.344170654966084,0.0806006644626686,0.0657175208462891,0.0623334073516597,0.418554209572801,3.52526627565695,0.810783461842689,0.0360750299519706,9.60527804092166e-06,1.23608377073518,0.14285849026478,0.101912395538156,0.0367614131997569,0.0871216708064032
22.7,0.353496243895968,0.450649321653157,4.0427597962701,0.966503539818674,0.966503539818674,21.5359480674505,0.143820695237907,0.0857143534588385,0.35093005827009,0.0807433385373019,0.0654325380317968,0.063867103754962,0.413593310698378,3.49738124657213,0.805556865011435,0.0360751419170604,1.79052372770577e-05,1.23635773676779,0.142858507029341,0.101912268396124,0.0367613444163581,0.0871201905810948
22.8,0.395583994737532,0.492691616286796,4.49932056332147,0.966503539818674,0.966503539818674,21.5359480674504,0.143820867883597,0.0857143650509336,0.357735061312453,0.0809219222643708,0.0652026281219595,0.0654263700172416,0.408546401054005,3.46910880736418,0.800532480495389,0.0360753145627504,3.02273298438327e-05,1.23662541017406,0.14285858924619,0.101912174243102,0.036761288855676,0.0871189190208814
22.9,0.436419857267522,0.532803493377754,4.94094963759742,0.966503539818674,0.966503539818674,21.5359480674504,0.14382113073702,0.0857143841326024,0.36458632735702,0.0811314319631832,0.0650222246395335,0.0670111210381639,0.403420537237058,3.44046739063806,0.795659649303518,0.0360755774161733,4.84685884451438e-05,1.236886529256,0.142858761551659,0.101912114523095,0.0367612446645392,0.0871177974283303
23,0.475814269417118,0.570812662236439,5.36560608832923,0.966503539818674,0.966503539818674,21.5359480674504,0.143821493411992,0.0857144114826536,0.371486150768101,0.0813701773189565,0.0648897539187123,0.0686213503264905,0.398218182151318,3.41146049390711,0.790926933603786,0.0360759400911452,7.32084758591197e-05,1.2371409921969,0.142859049734685,0.1019120895219,0.0367612091780159,0.0871167522336765
23.1,0.513370659748944,0.606398601749425,5.76969011480808,0.966503539818674,0.966503539818674,21.5359480674504,0.143821976863674,0.0857144487955318,0.378437405064703,0.0816344654442613,0.0648014972690749,0.0702570210641204,0.392944559209566,3.38209832724153,0.786303817513675,0.0360764235428266,0.000105750349789077,1.23738859556523,0.142859467311227,0.101912111858007,0.0367611883748465,0.0871158682285878
23.2,0.548738134121454,0.639343044603451,6.14903660578371,0.966503539818674,0.966503539818674,21.5359480674503,0.143822605999503,0.0857144980882943,0.385445630032757,0.0819166434280881,0.0647520823038205,0.0719181244508844,0.387607883707177,3.35239523428106,0.78175497470273,0.0360770526786564,0.000147505932867102,1.2376290779099,0.142860031058282,0.101912187655658,0.0367611836404586,0.0871151446721974
23.3,0.581928573043002,0.669662688171426,6.50384724154846,0.966503539818674,0.966503539818674,21.5359480674503,0.14382337883754,0.0857145592001404,0.392511755451155,0.0822165527850196,0.0647411946606081,0.0736046830173783,0.382208785755025,3.32235167085484,0.777280145851411,0.0360778255166928,0.000198303905126495,1.23786245995914,0.142860738105281,0.101912313372793,0.0367611892046255,0.0871144371274646
23.4,0.612645203584011,0.69718523123542,6.83108530414478,0.966503539818674,0.966503539818674,21.5359480674503,0.143824310793622,0.0857146333778262,0.39964334241297,0.0825275887659028,0.0647632300773942,0.0753167568940055,0.376756217135304,3.29198138767709,0.772846983792434,0.0360787574727753,0.000258850064846058,1.23808858386265,0.142861612345376,0.101912498634691,0.0367612090444814,0.0871137968988437
23.5,0.640790921118409,0.721875614655516,7.12970345937197,0.966503539818674,0.966503539818674,21.5359480674503,0.143825406987274,0.0857147210342695,0.406844141493347,0.0828468219162737,0.0648156225932836,0.077054394547316,0.371254346581187,3.26129146160097,0.768439711623505,0.0360798536664269,0.000329339169860678,1.23830740144905,0.142862668513842,0.101912748561096,0.0367612438018571,0.0871132083129377
23.6,0.666439808834798,0.743900070169119,7.40051207360235,0.966503539818674,0.966503539818674,21.5359480674503,0.143826659161895,0.0857148214952418,0.414121878799853,0.083171218558611,0.0648948392005396,0.0788177878939155,0.365709553969881,3.23029274052163,0.764039272035637,0.0360811058410482,0.000408948252806429,1.23851901656669,0.142863873345757,0.101913067698604,0.0367612960498739,0.0871126593988586
23.7,0.689514854783972,0.763260080536706,7.64273978694258,0.966503539818674,0.966503539818674,21.5359480674503,0.143828069441168,0.08571493492863,0.421482339322542,0.0834965255857094,0.06499752994512,0.0806070343781386,0.360127337540614,3.19899411471385,0.75962751111525,0.0360825161203214,0.000497626567535907,1.23872342132512,0.14286522459792,0.101913460964228,0.0367613671134924,0.0871121357928489
23.8,0.710270568859257,0.78029465493803,7.85922830934752,0.966503539818674,0.966503539818674,21.5359480674503,0.143829614262363,0.0857150594110373,0.428936194096807,0.0838168189611222,0.0651202638449461,0.0824224456994998,0.354513786666464,3.16740549259617,0.755193636326883,0.0360840609415166,0.000593603408958791,1.23892091997808,0.142866736258733,0.101913933468793,0.036761457664594,0.087111621879122
23.9,0.728698042842359,0.795074567134829,8.04998875787381,0.966503539818674,0.966503539818674,21.5359480674503,0.14383129022666,0.0857151946613723,0.436490156758689,0.0841281933078289,0.0652596415865578,0.0842641694794516,0.348874668256743,3.13553633346754,0.750720229178501,0.0360857369058132,0.00069644201938651,1.23911156869712,0.142868404193671,0.101914489974804,0.0367615692043697,0.0871111059290426
24,0.745003295332836,0.807834182320449,8.21800605791908,0.966503539818674,0.966503539818674,21.5359480674503,0.143833067233755,0.0857153382208143,0.44424206107646,0.084931960768146,0.0654131916428516,0.0861264078673961,0.343215667093354,3.10339571088424,0.746202218570346,0.0360875139129084,0.00080403404917245,1.23929577001796,0.144198200625513,0.101918503511927,0.0367617148936965,0.0871106087960671
