T,PIF4m,PIF5m,PIF,phyB,PR,INT,IAA29m,ATHB2m,CDF1m,FKF1m,FKF1,CDF1,COm,CO,FTm,InducedC1,InducedC2,RepressedC1,PHYAm,phyAr,phyAfr,phyAmarker
0,0.245703056119982,0.308757331770285,2.99442066500429,0.931955327811615,0.931955327811494,19.8932996774846,0.0370318644857867,0.0858012768627915,0.842858035023489,0.108093129046119,0.0844052207205999,0.214456397778053,0.130989333228035,0.0733674205206887,0.000763709001486075,0.0370318644857867,0.00503425740965079,1.12790845490366,0.143801643218934,0.199065542795467,0.0324705847958803,0.0819318884923532
0.1,0.256525556077032,0.319565357009427,3.10346138222645,0.935169028768685,0.935169028768639,20.035894457295,0.036968185097518,0.0857954510711168,0.84495322688299,0.10857493012393,0.0845376803201065,0.217110664794756,0.127461993601705,0.0754423728386374,0.00079434994798642,0.036968185097518,0.0045656460375275,1.13031911036017,0.143739300303956,0.194346471325369,0.0334796885859036,0.0821199336255858
0.2,0.267536115304985,0.330532488814119,3.21442210835679,0.938116613193602,0.938116613193595,20.167821372584,0.0369083537846909,0.0857899794645718,0.846316877892361,0.109065588549224,0.0846995463208808,0.219734718805678,0.124068086686463,0.0775344362661834,0.00082670082034953,0.0369083537846909,0.00413713286392978,1.13268589499046,0.143680962199494,0.189671250968765,0.0344331327232674,0.082315004796658
0.3,0.278695513561655,0.341607763293142,3.3270609710084,0.940792898362702,0.940792898362705,20.2889129580348,0.0368524469947939,0.0857848690071285,0.846910898951394,0.109562226883255,0.0848907027581026,0.222324822561887,0.120812060578404,0.0796538007031617,0.000860877059649915,0.0368524469947939,0.00374905337025652,1.13500701230102,0.143625947873104,0.185053860331702,0.035330776838974,0.0825153471342335
0.4,0.289898451316865,0.352661721633505,3.44081118312912,0.943212709819914,0.943212709819922,20.3998709038906,0.0368002464221121,0.0857800994365852,0.846718881914768,0.11005693545417,0.0851077703878598,0.224875284748142,0.117690612531143,0.0818181785349123,0.000896973447736314,0.0368002464221121,0.00339806382223261,1.13728278814038,0.14357434062436,0.180520264848836,0.0361605673165251,0.0827203202521777
0.5,0.301236684151554,0.363825794041389,3.55591655007466,0.945405358350793,0.945405358350801,20.5015112476781,0.0367514997649488,0.0857756473612362,0.84573609487148,0.110542284887946,0.0853462548296323,0.227379579472833,0.114699317284258,0.084039195374278,0.000935130954971191,0.0367514997649488,0.00308053070608336,1.13951379831124,0.143526100386592,0.176063369478621,0.0369263170017053,0.0829300132031667
0.6,0.31269009919121,0.375077577307981,3.67227229909275,0.947382370910224,0.947382370910229,20.5942072869208,0.0367060911410468,0.0857715020476554,0.843965402958211,0.11101559085996,0.0856040448018511,0.229834906737115,0.111835924364729,0.0863199609529079,0.000975415599718959,0.0367060911410468,0.00279487276353633,1.14170041164139,0.143480868810378,0.171730093729621,0.0376148228207499,0.0831416536323935
0.7,0.324195485083251,0.386343433296827,3.78957893131843,0.949171398719541,0.949171398719544,20.678862462458,0.0366637398095354,0.085767637497932,0.841416249061161,0.111470693914427,0.0858760014418029,0.232234595052072,0.109094863971989,0.0886668910905784,0.00101798759282079,0.0366637398095354,0.00253730223577707,1.14384357582308,0.143438789432752,0.167501643970072,0.0382313732712174,0.083356352007912
0.8,0.335800673571518,0.39768999846963,3.90801382662963,0.950783902247826,0.950783902247827,20.7559532639274,0.0366242961722159,0.0857640398812831,0.838104616924668,0.111905404321645,0.0861591630334693,0.234575117211906,0.106472722539948,0.0910748193212627,0.00106294806260631,0.0366242961722159,0.00230601007101334,1.14594397526918,0.143399388794482,0.163422711269327,0.038769904515704,0.0835703974096664
0.9,0.347506471038971,0.409125508270783,4.02754404833729,0.952240923003938,0.952240923003939,20.8262251461314,0.0365875277666183,0.0857606876823517,0.834044011361429,0.112315158219082,0.0864491496241609,0.236850928935113,0.103964661973294,0.0935443252491682,0.00111043893737067,0.0365875277666183,0.00209797011409661,1.14800248353699,0.14336278388198,0.159482252970432,0.0392319148597379,0.0837847067639633
1,0.359285861454467,0.420616575726087,4.1480983250583,0.953559332750069,0.953559332750069,20.8902007126021,0.0365532723023356,0.0857575659095151,0.829271530598055,0.112702132052661,0.0867429896102404,0.239058058614855,0.101566817629026,0.0960773187916315,0.00116059953644561,0.0365532723023356,0.00191137583892777,1.15001991712088,0.14332861395558,0.155699956954247,0.0396219970213287,0.0839964866675191
1.1,0.371128742620648,0.432154228669668,4.26963880760121,0.954757150421891,0.954757150421889,20.9484851601393,0.036521341329607,0.0857546571365998,0.8238125471357,0.113065377437707,0.0870371662443711,0.24119196352769,0.0992750021541998,0.0986746606880197,0.00121356583692307,0.036521341329607,0.00174393746209035,1.15199709640161,0.143296807971493,0.152079897688614,0.039940929029697,0.0842051865225129
1.2,0.383096464493873,0.443818529623871,4.39251113969359,0.955842962142842,0.95584296214284,21.0015382421899,0.0364915902424339,0.0857519480155435,0.817707778363781,0.113407370072633,0.0873297102080675,0.243248949014349,0.0970856290902372,0.101330936581841,0.00126949847822424,0.0364915902424339,0.00159418242287314,1.15393481257413,0.143267012620984,0.148628544453526,0.040199843310362,0.0844084372006566
1.3,0.395208128833568,0.455636736980011,4.5168373352856,0.956830849514571,0.956830849514569,21.0499027010666,0.0364638494520674,0.0857494228752322,0.810989882605474,0.113728775785623,0.0876177658255435,0.245224836045451,0.094994757375632,0.104044411829074,0.00132854478878351,0.0364638494520674,0.00146017962956351,1.15583387860553,0.143238995636655,0.145352068696123,0.0404050481715515,0.0846046298909536
1.4,0.407446462418709,0.467581517503121,4.64275334251994,0.957724561746034,0.957724561746033,21.0939111178904,0.03643800695861,0.0857470713864175,0.803707883020352,0.114037784984196,0.0879012367312365,0.247116951697508,0.0929993220244214,0.106816577390178,0.00139087097473142,0.03643800695861,0.00134093517151395,1.15769499183292,0.143213057287692,0.142242492131813,0.0405483883982591,0.0847958444219582
1.5,0.419821913196957,0.479666152410782,4.77040676369125,0.958534129706203,0.958534129706203,21.1340261353116,0.0364139153500794,0.0857448799357959,0.795900992122149,0.114337850637932,0.0881782982064998,0.24892168004111,0.0910957140233101,0.109646465207535,0.00145663230891687,0.0364139153500794,0.00123488561068408,1.15951892467376,0.143189197574093,0.139299814760597,0.0406298639904851,0.0849820807936704
1.6,0.432383657695007,0.491949699434161,4.90008936438264,0.959264888290707,0.959264888290708,21.170498389364,0.0363914824128338,0.0857428400218408,0.787616777815848,0.114637924129431,0.0884507164896449,0.25063722938694,0.0892811660307194,0.112535593665452,0.00152601513186216,0.0363914824128338,0.00114131965906835,1.16130632183064,0.143166873785151,0.136524064518541,0.0406709327499523,0.0851601147670816
1.7,0.445149428881804,0.504453008027499,5.03198981998819,0.959924695267927,0.959924695267927,21.203714140967,0.0363705808870128,0.0857409398981967,0.778898104073716,0.114943599086585,0.0887178936486682,0.252260614737111,0.0875523762934126,0.115483867577327,0.00159918479462486,0.0363705808870128,0.00105898911051334,1.16305791060256,0.143146008223834,0.133915245405104,0.0406746666770885,0.0853294847448792
1.8,0.458153159072743,0.517210802646807,5.1665554768469,0.960520627081457,0.960520627081457,21.2338560879411,0.0363511398180651,0.0857391730214642,0.769780591514457,0.115260572236079,0.088983403748361,0.2537906392183,0.0859069330599604,0.118472545573577,0.0016763211478093,0.0363511398180651,0.000987499003496945,1.16477428321914,0.143126799439324,0.131473347199955,0.0406332154955897,0.0854913703058202
1.9,0.471419278292497,0.530251892658914,5.30400161620681,0.961059920728197,0.961059920728197,21.2612766115843,0.0363330407906923,0.0857375284640652,0.760308083859319,0.115595202962543,0.0892472443941012,0.255224613475737,0.0843416700010861,0.121501559692947,0.00175759438244143,0.0363330407906923,0.000925736845648063,1.16645614623111,0.143108946752583,0.129187145886206,0.040562099676405,0.0856445674463108
2,0.484948876250998,0.543571183331866,5.44441901871798,0.961548061940376,0.961548061940376,21.2861990199885,0.0363162037108514,0.0857359988340546,0.750518497130695,0.115956565920377,0.0895124599525204,0.256561144229588,0.0828540224043601,0.124561547163139,0.00184315653417489,0.0363162037108514,0.000873167199440359,1.16810411000721,0.143092193752151,0.127047069906779,0.0404745546837254,0.085788049422607
2.1,0.498733996446403,0.557151223106382,5.58783262638928,0.961989952599046,0.961989952599045,21.3088188590403,0.0363005570217366,0.0857345775266171,0.74044849209692,0.116354731505081,0.0897827936724975,0.257799137947339,0.0814415586929882,0.127641752994186,0.00193315238435745,0.0363005570217366,0.000829382884317777,1.16971876300845,0.143076765210311,0.12506150976316,0.0403589782065533,0.0859227162862717
2.2,0.512795610849918,0.571014350434267,5.73445408399047,0.962391799774615,0.962391799774613,21.3294072465803,0.0362860059567632,0.0857332557961706,0.730137857400451,0.116797291359486,0.0900601581497648,0.258936676404419,0.0801014906998234,0.130735683783428,0.00202774270878541,0.0362860059567632,0.00079362703588196,1.17130075167624,0.143062520142105,0.123220165032581,0.0402228390915756,0.0860485785390303
2.3,0.527141459641376,0.585167649662795,5.88415396848804,0.962753187595086,0.962753187595085,21.3480590885366,0.0362725102404361,0.0857320299126164,0.719615446378274,0.117300536913494,0.0903516389536718,0.259973654142435,0.0788319350530742,0.133832853612812,0.00212700370999013,0.0362725102404361,0.00076595117843808,1.17285056640907,0.143049128505416,0.121498922693844,0.0400836217141974,0.0861656607651477
2.4,0.541781903296503,0.599618776996331,6.03708294981332,0.963080021395654,0.963080021395653,21.3650219428728,0.036259982330971,0.0857308917970653,0.708920179540843,0.117872746785385,0.090659692823491,0.260908413274869,0.0776302125998392,0.136925265879198,0.00223109256640259,0.036259982330971,0.00074570766785495,1.17436883618524,0.143036806874618,0.119913605765234,0.0399298527882851,0.0862739468323743
2.5,0.55672732505329,0.614378289186098,6.19333717080996,0.963373438434466,0.963373438434466,21.3804094277686,0.0362483753271241,0.0857298371019217,0.698080277491625,0.118527149716702,0.0909911510936977,0.261740850592852,0.076494367664108,0.140006551109288,0.00234007776415606,0.0362483753271241,0.000732848499724618,1.17585605490721,0.143025509692622,0.118459333512177,0.0397637435489262,0.0863736086641411
2.6,0.571987946909448,0.629456117059847,6.35300715935604,0.963635170942976,0.963635170942977,21.394353363856,0.0362376368612469,0.0857288609782561,0.687125542104638,0.119276443431186,0.091352229259278,0.262470638491557,0.0754223445297786,0.143069859106369,0.0024540410443605,0.0362376368612469,0.000727245120015676,1.17731273575267,0.143014894642578,0.117099431999708,0.0396019092597735,0.0864659380964679
2.7,0.587546563916687,0.644827202950112,6.51595438865564,0.963868449915369,0.96386844991537,21.4070135799653,0.0362277064204963,0.0857279578293137,0.676087002614219,0.120132141138397,0.0917482480779972,0.263097069140529,0.0744119607152699,0.146105433146896,0.00257307290144451,0.0362277064204963,0.000728641557758232,1.1787394170696,0.143005155169311,0.115854625837088,0.0394349605589458,0.0865502051068804
2.8,0.603277982520063,0.660333743949435,6.68118941542273,0.964075411396018,0.964075411396019,21.4184448945922,0.036218556093779,0.0857271250450411,0.664981733854472,0.121107347012222,0.0921882929257968,0.263620589206721,0.073461719742449,0.149097606250883,0.00269714070575396,0.036218556093779,0.00073723260902823,1.18013650801894,0.142996291272822,0.114724915024317,0.0392628974464431,0.0866264096953787
2.9,0.619186129614384,0.675977272849768,6.84874646268185,0.964258644069991,0.964258644069992,21.4288013264686,0.036210126906786,0.0857263571704171,0.653841195527738,0.122214028748048,0.0926778401347405,0.264040589590455,0.0725694499909119,0.152038455773024,0.00282633975068963,0.036210126906786,0.000752790708905289,1.18150454427756,0.14298810334043,0.113682947803158,0.0390922335099532,0.0866961579576352
3,0.635088076816616,0.691554618843603,7.01631889073591,0.96442406319108,0.964424063191081,21.4382987495381,0.0362023255934877,0.0857256455433409,0.642714515473263,0.123498178895128,0.0932419585992934,0.264355967464113,0.0717310385484592,0.154860704914188,0.00296026795702516,0.0362023255934877,0.000775398710912612,1.18284472965139,0.142980601211463,0.1127314726174,0.0389233928420923,0.0867591705867335
3.1,0.651032715985484,0.707122762227369,7.18446422827783,0.964569635210134,0.964569635210134,21.4468510282146,0.0361951879895046,0.0857249934885773,0.63158246951341,0.12494632982174,0.093873353812445,0.264567042639143,0.0709479903338077,0.157581366541519,0.00309898605863224,0.0361951879895046,0.000805074320122129,1.18415665087288,0.142973741862018,0.111865205811497,0.0387581048710301,0.0868157063286638
3.2,0.667047306421208,0.722711445867644,7.35353793634883,0.964694568705221,0.964694568705221,21.4544316522016,0.036188725822578,0.0857244020960341,0.620438949264346,0.126551861694429,0.0945684083435993,0.26467397446949,0.0702208375250629,0.160210658679573,0.00324256327005038,0.036188725822578,0.000841797261044978,1.18544014676584,0.142967477768339,0.111078229293013,0.038598236361227,0.0868660626867061
3.3,0.682840779091408,0.738004542651848,7.52034609979849,0.964804911688706,0.964804911688706,21.4613654336176,0.0361827957920459,0.0857238580986097,0.609356526374983,0.128384707916723,0.0953678359571025,0.264674777035288,0.0695436125040787,0.162638765809962,0.00338986605136326,0.0361827957920459,0.000885428119247189,1.1866970973947,0.142961827355782,0.110364655933508,0.0384407836462102,0.0869110356713294
3.4,0.698467989075832,0.753061630123594,7.68549064617937,0.964899524347816,0.964899524347816,21.4675911581364,0.0361774249044546,0.0857233639966316,0.598321523940032,0.130431688788963,0.0962639637075651,0.264569824604428,0.0689174399324745,0.164886383844475,0.00354110803032096,0.0361774249044546,0.000935993168873528,1.18792714844115,0.142956726275102,0.109718559740751,0.0382888560757442,0.086950795602467
3.5,0.713977967812925,0.767935960828968,7.84950959993472,0.964977387877001,0.964977387877001,21.4730541101971,0.0361726372992238,0.0857229220249824,0.587321717050827,0.13268102382271,0.0972499332410973,0.264359451710978,0.0683433250731579,0.166972011531625,0.00369648015507134,0.0361726372992238,0.000993515894697286,1.18912998320279,0.142952133753575,0.109134025792005,0.0381438218416551,0.0869856910142105
3.6,0.729048834557695,0.782294253927581,8.00891961569054,0.96504234466258,0.96504234466258,21.4780125911402,0.0361683023350522,0.0857225201769135,0.576415835962327,0.135208784921915,0.0983731454430817,0.264040565323314,0.067816416818328,0.168743907382688,0.00385361787161909,0.0361683023350522,0.00105743882626721,1.19030753884334,0.142948011634042,0.108605140392575,0.0380068559726355,0.0870160902116351
3.7,0.743737596859938,0.796195536013601,8.16433762064102,0.965093714188451,0.965093714188451,21.4824208538164,0.0361644431495168,0.0857221605789124,0.565593479095729,0.138001499168674,0.099625205253,0.263613713241072,0.0673375743363998,0.170228945979662,0.00401293996062052,0.0361644431495168,0.00112786069587781,1.19145947227624,0.142944376467511,0.108134070567936,0.0378723546102292,0.0870422664871969
3.8,0.758100427166551,0.809697969001337,8.31637150462138,0.965130825907386,0.965130825907386,21.4862338212257,0.0361610825412524,0.0857218453263154,0.554844397244831,0.141045891009691,0.100997840589473,0.263079435239174,0.0669076442098408,0.171453608219121,0.00417485906801919,0.0361610825412524,0.00120487878949541,1.19258544544081,0.142941177777981,0.107713083057448,0.0377430192104702,0.0870646095403175
3.9,0.771832777011853,0.822488301737868,8.46182212947188,0.965155624172234,0.965155624172234,21.4896141146249,0.036158118423512,0.0857215651569224,0.544206293271342,0.144407417449545,0.102533665436527,0.262434095025087,0.066523754244617,0.172259792163134,0.00433628106807691,0.036158118423512,0.00128741312790767,1.19368712511642,0.142938382405212,0.107337002240673,0.0376194056342084,0.0870834789978397
4,0.784952711015577,0.834585115052179,8.60087925551261,0.965167993651613,0.965167993651613,21.4925520879594,0.0361555568516805,0.0857213206201309,0.533676930789477,0.148082195835623,0.104230152099874,0.261677908289414,0.0661860748080059,0.172656875798163,0.00449738949218906,0.0361555568516805,0.0013755277712429,1.19476441243626,0.142935960160036,0.107001091342441,0.0375017015965704,0.0870992293266902
4.1,0.797434875759722,0.845972964559708,8.73319039282769,0.965167770617192,0.965167770617192,21.4950607855078,0.0361533788099851,0.0857211100488932,0.523259633362736,0.152083928935104,0.10609671338237,0.26080992071226,0.0658945607266435,0.172606566564752,0.00465707683574219,0.0361533788099851,0.00146870946943299,1.19581767231118,0.142933906529426,0.10671184557907,0.0373853085520726,0.0871117265339039
4.2,0.809130920337636,0.856519790171053,8.8570308285976,0.965155273575748,0.965155273575748,21.4972184695429,0.0361515142648476,0.0857209272015751,0.51297312356721,0.156460437006271,0.108165431235078,0.259827102950804,0.0656481873319363,0.171983330624131,0.00481219496091638,0.0361515142648476,0.00156561480187586,1.19684815328981,0.142932186341825,0.106462348636072,0.0372713429775138,0.0871214198708046
4.3,0.820121621600634,0.866297498411405,8.97333966642559,0.965130329100808,0.965130329100809,21.4989825263718,0.0361500013494487,0.0857207754767374,0.50280720698765,0.161185681988553,0.110418837082649,0.258731104477774,0.0654475125544323,0.170855520967583,0.00496445802414204,0.0361500013494487,0.001666975259121,1.19785517553926,0.142930771459796,0.106248761264712,0.0371596101273127,0.0871286247724459
4.4,0.830302614642152,0.875248233250264,9.08092705723726,0.965092273788175,0.965092273788175,21.5004293840084,0.0361487345158777,0.0857206456085933,0.492786056839328,0.166329251697263,0.112907779305607,0.257509379298393,0.0652927860178505,0.169044675928064,0.00510784343132926,0.0361487345158777,0.00177005294159376,1.19884075719157,0.142929635530587,0.106068024923528,0.0370495825750383,0.0871336227222719
4.5,0.839710278006779,0.883392161602492,9.18020774751233,0.965041338881088,0.965041338881088,21.5015324018891,0.0361477505550396,0.0857205408269244,0.48290124704859,0.171866889861539,0.115614533650282,0.256166300578369,0.065183920710686,0.166613002007027,0.00524445048208795,0.0361477505550396,0.00187580220076183,1.19980419478513,0.142928756963958,0.105926353552026,0.0369392793048292,0.0871360383639036
4.6,0.848343154351417,0.890750134117069,9.27121042628973,0.964976695997358,0.964976695997358,21.5023103518606,0.036147003136863,0.0857204571080188,0.473160397707906,0.177822789221291,0.11856173149953,0.254696447802717,0.065121982473452,0.163510961313766,0.0053713041275437,0.036147003136863,0.00198283541829173,1.20074643965773,0.142928108637161,0.105819189452322,0.0368284079037249,0.0871362593773513
4.7,0.856197119907015,0.897338319719792,9.35392668207725,0.964897620962767,0.964897620962767,21.5027813397118,0.0361464498693908,0.0857203907674494,0.463570669338918,0.184219485755933,0.121770060938876,0.253094855763534,0.0651078863894526,0.159691415069707,0.00548570305290739,0.0361464498693908,0.00208989461532919,1.20166835816276,0.142927664521554,0.105744105114452,0.0367163420223932,0.0871345225453347
4.8,0.863277237433021,0.903149817204348,9.42839601407434,0.964804426366028,0.964804426366028,21.5029336039658,0.0361461145690892,0.0857203438784313,0.454127795449569,0.191043760599014,0.125227870665113,0.251364214520758,0.065141266212126,0.155188247085477,0.00558918571176897,0.0361461145690892,0.00219767713791477,1.20256947244394,0.1429273989947,0.105699463908365,0.0366023313301554,0.0871310086265787
4.9,0.869612262861503,0.908240840892158,9.4950577182696,0.964694640111895,0.964694640111895,21.5027774627336,0.0361459245229055,0.0857203101635842,0.444840879695075,0.198326990559331,0.128970275314008,0.249494709567393,0.0652256208386312,0.150017163952128,0.00567739022033155,0.0361459245229055,0.00230390249847237,1.20345138431519,0.142927303857364,0.1056948416414,0.0364856468876167,0.0871249089661776
5,0.875198579108941,0.912610163168752,9.55386970138717,0.964568313020953,0.964568313020953,21.5023163413274,0.0361458761392945,0.085720289306892,0.435710818615227,0.206071748722207,0.132999061439164,0.247486038611332,0.0653608518409003,0.144165365322569,0.00575006294983763,0.0361458761392945,0.0024084753115392,1.2043141566151,0.142927347091627,0.105724485965753,0.03636553051206,0.0871167675041258
5.1,0.880055187663562,0.916284610114547,9.60506430801594,0.964424339460651,0.964424339460651,21.501548223689,0.0361459467107964,0.085720279352925,0.426740135239167,0.214284346618356,0.137324841878239,0.245334528983914,0.0655486954644857,0.137675156078724,0.00580615979376917,0.0361459467107964,0.00251069029664453,1.20515832517258,0.142927502365918,0.105786303896817,0.0362412310021652,0.0871068052690208
5.2,0.884237253666478,0.919322721256959,9.64923647500453,0.964260441765672,0.964260441765672,21.5004511106928,0.036146115431573,0.0857202785336979,0.417929513849894,0.222958506341695,0.14195619552152,0.24303470755972,0.0657930900984227,0.13071849258976,0.00584574278184458,0.036146115431573,0.00260989662113547,1.20598451268452,0.142927745339042,0.105879483325975,0.03611199960029,0.0870951302617456
5.3,0.88774817028611,0.921737635076193,9.68646205124798,0.964076020155632,0.964076020155632,21.4990316110206,0.0361463587734201,0.0857202848128796,0.409282271083821,0.232105973054227,0.146904613063253,0.240583678751566,0.0660948215378252,0.123281721843011,0.00586729039647832,0.0361463587734201,0.00270536550473177,1.2067932174874,0.142928051669802,0.10600321214461,0.0359770875487918,0.0870818504831837
5.4,0.890610733077747,0.923554047772524,9.71703750167652,0.96386930360641,0.96386930360641,21.497276175449,0.0361466577233512,0.085720296558952,0.400801677341724,0.241711330629239,0.152176285174748,0.237975800135393,0.0664570363705447,0.115492479378216,0.00587090614461441,0.0361466577233512,0.00279654898351361,1.20758497003966,0.142928397017002,0.106156678244106,0.0358357460900283,0.0870670739342182
5.5,0.892850262580406,0.92479233449881,9.74131584018823,0.963637789654251,0.963637789654251,21.4951585582702,0.0361469975866872,0.0857203125178468,0.392492000711885,0.251733844914546,0.157772220130378,0.23520317083618,0.0668844472653052,0.107573354298445,0.00585800615490308,0.0361469975866872,0.00288308445469137,1.20836028951897,0.142928809101472,0.10635257240559,0.0356856078402983,0.0870498987766578
5.6,0.894490660722572,0.925481569508557,9.75957007732556,0.963379900863003,0.963379900863003,21.4926683694801,0.03614735887234,0.0857203310131273,0.384355426506886,0.262171083989316,0.163699119433708,0.232262039383497,0.0673798900392349,0.0996143748337652,0.00582845192018383,0.03614735887234,0.00296440497631023,1.20911969374961,0.142929264024137,0.106590197189989,0.0355259102962268,0.0870304244356079
5.7,0.895570110905352,0.925660428365297,9.77213126063939,0.963092713188737,0.963092713188737,21.4897707526759,0.03614773364801,0.085720351361687,0.376391520221038,0.273008110801528,0.169949471269503,0.229151516038549,0.0679496467151457,0.0918126608472174,0.00578509359947178,0.03614773364801,0.00304044814370315,1.20986359500251,0.142929724398888,0.10686535713889,0.0353563102709974,0.0870090119421468
5.8,0.896113003813453,0.925355222155785,9.77929816509508,0.962774349671384,0.962774349671384,21.486450180444,0.0361481039867036,0.085720372024763,0.368603127963199,0.284230195298739,0.17652811940875,0.225866527185423,0.0685971625535398,0.0843009570160071,0.0057282978232643,0.0361481039867036,0.00311071367844401,1.21059251128131,0.142930170895774,0.107178539868715,0.0351759032055906,0.0869856720947696
5.9,0.896147943255494,0.924593594815303,9.78143191487348,0.962421123108032,0.962421123108032,21.4826640376933,0.0361484652785246,0.0857203925954215,0.36099065260125,0.295813979186763,0.18342396854057,0.222407912517885,0.0693302815115176,0.0771798761249218,0.00566095913873722,0.0361484652785246,0.00317529005123163,1.21130679782743,0.142930584184848,0.107530232995889,0.0349837845409864,0.0869604156919712
6,0.895703325177111,0.923405116131609,9.77884778311275,0.962030650129914,0.962030650129914,21.4783883080714,0.0361488038923576,0.0857204119015526,0.353555791928698,0.307743509460963,0.190636622910751,0.218772442693071,0.0701537521673508,0.0705938245797868,0.00558440557854737,0.0361488038923576,0.00323386591085122,1.21200692422803,0.14293094493616,0.107920924136836,0.0347790497181651,0.0869332535322466
6.1,0.894760552942227,0.921759041986322,9.77149759272389,0.961598937232683,0.961598937232683,21.4735779886425,0.0361491133504925,0.0857204293778915,0.346299594321883,0.319996848469708,0.198156817089353,0.214961326214558,0.0710759482378625,0.0645652038942373,0.00550048239950849,0.0361491133504925,0.00328642818640257,1.21269326744641,0.142931288482577,0.108361969436685,0.0345590142682864,0.0869034927047209
6.2,0.893312461014768,0.91963914410996,9.75942471895915,0.961122289487153,0.961122289487153,21.4681918541722,0.0361493860780053,0.0857204443660849,0.339223173968796,0.332552986590902,0.205976680624973,0.210974982415778,0.0721045825654509,0.0591429454104431,0.00541102044813028,0.0361493860780053,0.00333291973577275,1.21336621882776,0.14293163063365,0.108860843247589,0.0343216294333432,0.0868706916346627
6.3,0.891364355137011,0.917046386500971,9.74264467252513,0.960595040773712,0.960595040773712,21.4621607656193,0.0361496110878819,0.0857204559136441,0.332329935835382,0.345372178237073,0.214082320888376,0.206815459132423,0.0732524721829468,0.0543583123931592,0.00531812918499997,0.0361496110878819,0.00337322943992284,1.2140263505537,0.142931919090861,0.109411478093092,0.0340670641643105,0.0868352855460256
6.4,0.888907748399343,0.913970674397562,9.7209516121858,0.960013788175104,0.960013788175104,21.4554387517635,0.0361497858360122,0.0857204637973186,0.325622561017075,0.358427667264443,0.222462613801518,0.202486399559795,0.0745279768213642,0.0501430311086082,0.0052224328804506,0.0361497858360122,0.00340738438590205,1.21467389251144,0.14293214191038,0.110015830161026,0.0337941733981646,0.0867971901510707
6.5,0.885967262836458,0.910441692502574,9.69461674681136,0.959376654509575,0.959376654509575,21.4480085255979,0.0361499082691242,0.0857204678379356,0.319101235163311,0.371715738321554,0.231114557467527,0.197989360247333,0.0759344074515486,0.0465064017547275,0.00512425327203427,0.0361499082691242,0.00343537648454083,1.21530896057384,0.142932287148377,0.110675855639221,0.0335018120718819,0.0867563211620596
6.6,0.882596151013061,0.906522669310906,9.66408255037449,0.95867331122441,0.95867331122441,21.4397531893309,0.0361499679007597,0.0857204671195946,0.312770448909524,0.385185308614912,0.2400134177958,0.193333524118538,0.0774935027736726,0.0433888385179376,0.0050256255018449,0.0361499679007597,0.00345720502541288,1.21593225401691,0.142932342861022,0.11139351071551,0.0331888351224385,0.0867125942912535
6.7,0.878722248724055,0.902119574407781,9.62896035102504,0.957901228964047,0.957901228964047,21.4306444316736,0.0361499641993878,0.0857204615948196,0.306627100544305,0.398852629387797,0.249155825194924,0.188523474066658,0.0792106102583916,0.0407500178715484,0.00492650302305001,0.0361499641993878,0.0034728891838001,1.21654385368266,0.142932326340002,0.112175891784145,0.032853872326051,0.0866656401014821
6.8,0.874298630576297,0.897169192917859,9.58902002854871,0.957052062617931,0.957052062617931,21.4205859860351,0.0361498916624275,0.0857204507813115,0.300670826190589,0.412703196456252,0.258525028656511,0.183569927571066,0.0811036163155527,0.0385136037708126,0.00482774033867929,0.0361498916624275,0.00348245863970826,1.21714419638372,0.142932282669642,0.113034981759067,0.0324953394106278,0.0866148180792414
6.9,0.869393863893932,0.89176341485877,9.54439119649017,0.956117908256452,0.956117908256452,21.4094756014042,0.0361497464405467,0.0857204343397482,0.294909050087207,0.426667318913855,0.268103560237503,0.178484071069075,0.0831909019108659,0.0366363327244273,0.00472980667012568,0.0361497464405467,0.0034859645262443,1.21773365354728,0.14293216111586,0.113965916701324,0.0321123900608614,0.0865604222786562
7,0.864017673955823,0.885913177005206,9.49538728118486,0.955091227352898,0.955091227352898,21.3972168354591,0.0361495266082452,0.085720412094619,0.289337027085559,0.440762583933287,0.277878183922173,0.173278420530933,0.085490298924747,0.0350643068794133,0.00463298074186917,0.0361495266082452,0.0034835085953381,1.21831251455227,0.142931956051807,0.114971763454565,0.0317038305627429,0.0865023067991167
7.1,0.858149932911279,0.879591601895638,9.44197309740222,0.95396536400748,0.95396536400748,21.3837257495258,0.0361492306674735,0.0857203839090279,0.283957005361799,0.454954339307943,0.287836071616587,0.167963546688618,0.0880170059323882,0.0337700799447229,0.00453747866127986,0.0361492306674735,0.0034751738044525,1.2188810161346,0.142931661850636,0.116055588862438,0.031268467202263,0.0864403257400135
7.2,0.851757336898796,0.872754502893376,9.38403128521231,0.952730938630247,0.952730938630247,21.3688841136804,0.0361488570720389,0.0857203496384296,0.278773534691783,0.469182545957578,0.297959188252435,0.162554325886427,0.0907922759640509,0.0327251967781846,0.00444354692254552,0.0361488570720389,0.00346108746418091,1.21943946554886,0.142931272885501,0.117220459768591,0.0308051062654126,0.0863743332007369
7.3,0.844954170028272,0.865549300395837,9.32227870079668,0.951374208385277,0.951374208385277,21.3525136740445,0.0361484057859909,0.0857203092585997,0.273780157908186,0.483465597393507,0.308224945724021,0.15707273271679,0.093848089931387,0.0318786535958915,0.00435142258810064,0.0361484057859909,0.00344151844028313,1.21998824052608,0.142930792606654,0.118469483384132,0.0303135945722789,0.0863042139257102
7.4,0.837658983215504,0.85786960478337,9.25629615750204,0.949890598927949,0.949890598927949,21.3345569291902,0.036147876968858,0.0857202627783287,0.268979290345322,0.497763679795348,0.318625575610736,0.151526078073356,0.0971943212791859,0.03123202343261,0.00426114526017011,0.036147876968858,0.0034165284265049,1.22052743138975,0.14293027213094,0.119805978901893,0.0297992431020307,0.0862300135856887
7.5,0.829795325467861,0.849614795998747,9.18574459429183,0.948267618023487,0.948267618023487,21.3148548005959,0.0361472706419421,0.0857202101835245,0.264372429704341,0.51202121598913,0.329139902992937,0.145934319328651,0.100858896824402,0.0307654076970936,0.00417288644576723,0.0361472706419421,0.00338631612388388,1.2210573380205,0.142929672252384,0.121232863833234,0.0292570088683811,0.086151472914171
7.6,0.821471583069249,0.840928632082234,9.11107890480926,0.946488450745334,0.946488450745334,21.2931913535108,0.0361465882453415,0.085720151576616,0.259953913631853,0.526245949188222,0.339744374044182,0.140320852763569,0.104878116678986,0.03045924978028,0.00408679733254054,0.0361465882453415,0.00335116142378472,1.22157827609558,0.142928991739288,0.1227532245678,0.028686201985849,0.0860684608489287
7.7,0.812674219413532,0.83179331866836,9.03228178085931,0.944548070164726,0.944548070164726,21.2695004281834,0.0361458303631662,0.0857200870015441,0.255723933410338,0.5404126206657,0.350431008135217,0.13469311676738,0.109262550560209,0.03030755433003,0.00400291525422172,0.0361458303631662,0.00331114703759658,1.22209032830143,0.142928229359952,0.124370147495239,0.0280861325689532,0.0859808463277339
7.8,0.803349653509614,0.822138451368194,8.94929017881277,0.942425344438408,0.942425344438408,21.2435040843328,0.0361449994256301,0.0857200166408427,0.251683150265625,0.554417339336157,0.361166320605557,0.129082357695161,0.11405666837879,0.0302850856617656,0.00392139849276059,0.0361449994256301,0.00326662067793598,1.22259384401954,0.142927383882679,0.126086719005196,0.0274561107322126,0.0858884982883584
7.9,0.79356994518904,0.812056512993442,8.86254734130765,0.940112691244071,0.940112691244071,21.2151032106639,0.0361440976295171,0.0857199406719824,0.247828017491201,0.568275803942904,0.371940330173146,0.123495212384813,0.119272218040169,0.0303961739610359,0.00384228460710448,0.0361440976295171,0.00321774247553568,1.22308887532087,0.142926454075769,0.127906025487317,0.0267954465901461,0.0857912856685739
8,0.783370308836199,0.801591832511813,8.77243215467525,0.937588686773725,0.937588686773725,21.1840169337015,0.0361431285947136,0.0857198593776402,0.244155484023255,0.581935353221664,0.382721063859542,0.117959152703942,0.124950528600308,0.0306273485825188,0.00376571918302329,0.0361431285947136,0.00316489715713004,1.22357571322608,0.142925497875368,0.129810071914135,0.0261248100087331,0.0856910021223621
8.1,0.77273749556585,0.790726213957642,8.6789689352585,0.934841511078491,0.934841511078491,21.1500854959235,0.0361420943297145,0.0857197729148847,0.240664225219871,0.595360790379653,0.393490924931087,0.112489132963411,0.131113465748289,0.030969768924763,0.00369178514001039,0.0361420943297145,0.00310829251947064,1.22405451503344,0.142924477893167,0.131810028377822,0.0254309029814366,0.0855865053567988
8.2,0.761610107798474,0.77937566961393,8.58192220439335,0.931850373853999,0.931850373853999,21.1130031580618,0.0361410005030722,0.0857196817413903,0.237348219948972,0.608535490860729,0.404222217795796,0.107103387432791,0.137787999002421,0.0314210436747752,0.00362061042810982,0.0361410005030722,0.00304832473046736,1.22452542466778,0.142923392968447,0.133906272612001,0.0247133098036967,0.0854777588453556
8.3,0.750002380594675,0.767557746603841,8.48149351484787,0.928601028758845,0.928601028758845,21.072582257016,0.0361398494743128,0.085719586041132,0.234205638456497,0.621421455067681,0.414893616647465,0.101820314850577,0.145001597003717,0.0319714651603352,0.00355229308900517,0.0361398494743128,0.00298524751146353,1.22498863782015,0.142922243101206,0.136098804616673,0.0239720304755133,0.0853647625880325
8.4,0.737945780431043,0.755313205026637,8.37775662693995,0.925073326155947,0.925073326155947,21.0285157021162,0.0361386461955717,0.0857194862135601,0.231232406732948,0.633942138697357,0.425474471055979,0.0966570271672126,0.152769480578608,0.0326014069982322,0.00348695570613629,0.0361386461955717,0.0029193949354676,1.22544428509576,0.142921028291444,0.138387624391837,0.0232070649968864,0.0852475165848294
8.5,0.725458246438701,0.742664617725493,8.27078405133361,0.921248447430041,0.921248447430041,20.9805247868898,0.0361373950787062,0.0857193826130874,0.228424783392745,0.646036212633332,0.435936636770466,0.0916310549114667,0.161110963166755,0.0332953429565256,0.00342471560462045,0.0361373950787062,0.00285108839105237,1.22589251384942,0.142919777675067,0.140759491524734,0.0224346460586318,0.0851274121337448
8.6,0.712560220283561,0.72963560374308,8.1608599013138,0.917108474760877,0.917108474760877,20.9283458680023,0.0361361003993322,0.0857192755824932,0.225779040337676,0.657660254960132,0.446252596762522,0.0867586426819344,0.170042058903526,0.0340438425599669,0.00336568613231494,0.0361361003993322,0.00278065104962041,1.22633347359898,0.142918486695451,0.143216476709536,0.0216522349983304,0.0850042316469504
8.7,0.699353245205831,0.716350022436131,8.04907801230279,0.91263186374112,0.91263186374112,20.8716222275725,0.0361347687758085,0.0857191656587973,0.223289739239712,0.668758270255621,0.456383948714373,0.0820489388757125,0.179544596680732,0.0348389077961396,0.00330999337555008,0.0361347687758085,0.00270847999088315,1.22676723341208,0.142917148855327,0.145761532542473,0.0208562119453223,0.0848776648666546
8.8,0.685850351640333,0.702823438436348,7.93554769058791,0.907800480882698,0.907800480882698,20.8100890388397,0.0361334043823173,0.0857190531765514,0.220953272598814,0.679278102317033,0.466303650035493,0.0775194129442293,0.189638927035981,0.0356677081637177,0.00325775187902006,0.0361334043823173,0.00263489190123503,1.22719394764875,0.142915777410787,0.148382355084695,0.0200540398536972,0.0847486112477977
8.9,0.672012653164141,0.688994413773594,7.82031562378675,0.902593997658997,0.902593997658997,20.7433888347035,0.0361320135110601,0.0857189386453915,0.218764450588109,0.689225140992515,0.475979538881254,0.0731725574865057,0.200282757884501,0.0365337310444024,0.00320909560362599,0.0361320135110601,0.00256026083385693,1.2276136806889,0.142914393702043,0.151059136943757,0.0192577328973116,0.0846185187703483
9,0.657844400667469,0.674861630383528,7.70362796384742,0.896992707890067,0.896992707890067,20.6711991589162,0.0361306017114517,0.0857188225136229,0.216718637488375,0.698572795773883,0.485380332951062,0.0690176227863565,0.211461437577955,0.0374323899472477,0.00316414987617202,0.0361306017114517,0.0024849431073236,1.22802653158311,0.142912981711304,0.153806745390224,0.0184582733332287,0.0844863005921073
9.1,0.643379099197004,0.660463335252482,7.58572204307153,0.890977864590947,0.890977864590947,20.5931931301139,0.0361291741922101,0.0857187052016037,0.21481153409912,0.707288540879783,0.494477796499094,0.0650616587600581,0.223147489393956,0.0383488118051032,0.00312300990339268,0.0361291741922101,0.00240926476152751,1.22843259556421,0.142911541438568,0.156625180424094,0.0176556611614485,0.0843519567130746
9.2,0.628666664139174,0.645858169018756,7.46661512358685,0.88453206078896,0.88453206078896,20.5089993299541,0.0361277362143433,0.0857185871343871,0.213038971382616,0.715360039534439,0.503249060697766,0.0613003538263104,0.235259109061582,0.0392551702189827,0.00308571776907365,0.0361277362143433,0.00233350760178268,1.2288319249201,0.142910105413117,0.159475621516358,0.0168681269278964,0.0842179810727107
9.3,0.613711621155197,0.631045551331823,7.34659701167123,0.877635436267964,0.877635436267964,20.4183038108732,0.0361262932745784,0.085718468755874,0.211396328696553,0.722755863885936,0.511662128157923,0.0577449965865165,0.247791107252936,0.0401482424753312,0.00305240588249509,0.0361262932745784,0.00225803320244235,1.22922462696134,0.142908659170817,0.162375330200732,0.016087564427139,0.0840832647417663
9.4,0.598561397500592,0.61607867530537,7.22610163913895,0.870272262080075,0.870272262080075,20.3207683444802,0.0361248504592086,0.0857183504765635,0.209879819068659,0.729433975187993,0.51969013203063,0.0543962339318981,0.260684941722353,0.0410041725802643,0.00302305348171848,0.0361248504592086,0.00218313277781549,1.2296107713887,0.142907207172385,0.16531809154599,0.0153161719876599,0.0839481655673503
9.5,0.58330432056312,0.601060766980579,7.1059251623648,0.862431762156911,0.862431762156911,20.2160483655776,0.0361234123582323,0.0857182326663886,0.208486677976199,0.735326182166566,0.527309139256751,0.0512468638731592,0.273841874274456,0.0417809010542555,0.00299745583761291,0.0361234123582323,0.00210903328312709,1.22999040010474,0.142905770914197,0.168274314170386,0.0145646647734761,0.0838144016511993
9.6,0.567954954513115,0.586004818223168,6.98621046724375,0.854094227932619,0.854094227932619,20.1038107373724,0.0361219844567132,0.0857181157684434,0.207212296912974,0.740411459522049,0.534489925699514,0.0483038398441884,0.287235659941049,0.042469198327995,0.00297574000510945,0.0361219844567132,0.00203607756459131,1.23036360514601,0.14290433889458,0.171259830991609,0.0138273096183787,0.0836810537201409
9.7,0.552554387992792,0.570951732397023,6.86744523861601,0.845250124223916,0.845250124223916,19.983750707355,0.0361205714562312,0.0857180001617242,0.206053785804313,0.744667451442689,0.541206935375206,0.0455623842077704,0.300795926592665,0.0430671240122525,0.00295770858247928,0.0361205714562312,0.00196451875698482,1.23073044109116,0.142902920934582,0.174260035988042,0.0131081810937046,0.083548869997672
9.8,0.537143843103372,0.555937667188865,6.75023727430218,0.835897466107965,0.835897466107965,19.8555986695973,0.0361191775571378,0.0857178861841954,0.205009400096159,0.748088632606603,0.54743653267108,0.0430105063993983,0.314432625732812,0.0435933437920482,0.00294294153822683,0.0361191775571378,0.00189455779477172,1.23109094139927,0.142901528678797,0.177257611129774,0.0124121103266522,0.0834187376354924
9.9,0.521764266437397,0.541008577115589,6.63494641457541,0.826018682136165,0.826018682136165,19.7190124626482,0.0361178079945045,0.0857177742585259,0.204075030456881,0.750634733345574,0.553151117619553,0.0406511060001194,0.328096328152714,0.0440239848056389,0.00293147843090891,0.0361178079945045,0.00182650337313806,1.23144518312801,0.14290015404512,0.180264576255129,0.0117357442009521,0.083290040892663
10,0.506413067365811,0.526149907378661,6.5215101595051,0.815614086917986,0.815614086917986,19.5737721540735,0.0361164662694862,0.0857176646657385,0.203248645959787,0.752312589301067,0.558331369966804,0.0384756352324607,0.341726351246004,0.0443644735295317,0.00292297265943537,0.0361164662694862,0.0017605224335614,1.23179321871209,0.14289881029147,0.183258602094133,0.0110836525237708,0.0831637600031951
10.1,0.491055752661346,0.511305500596829,6.40949059336543,0.804692880851837,0.804692880851837,19.4197276638928,0.0361151548937923,0.085717557606074,0.20252909941082,0.753154132931562,0.562962956741111,0.0364711804313196,0.355264705006678,0.0446302206446598,0.00291691886520555,0.0361151548937923,0.00169670725535978,1.23213509430566,0.142897499435752,0.18623629004982,0.0104565308365563,0.0830400441623082
10.2,0.475737684790536,0.496523335205135,6.29938950724048,0.793242022234212,0.793242022234212,19.2565540637915,0.0361138788558216,0.085717453481979,0.201913031536442,0.753128476616695,0.567019061257989,0.0346357562260046,0.368646659555423,0.0448116452759026,0.00291320907703736,0.0361138788558216,0.00163533700540539,1.23247087178373,0.142896217287511,0.189204697772648,0.00985293475256085,0.082918583545766
10.3,0.460495977177202,0.481844652182729,6.19125684365939,0.781272682522568,0.781272682522568,19.0841666699432,0.0361126401181201,0.0857173524491796,0.20139910382639,0.752257434511829,0.5704915265087,0.032959848580599,0.381837104132347,0.044907743838472,0.00291142877041335,0.0361126401181201,0.00157647769782194,1.23280060959868,0.142894973625332,0.192143802964618,0.00927517317925884,0.0828000432295077
10.4,0.4453774285552,0.467325087582071,6.08510074447764,0.768802958068728,0.768802958068728,18.9025571464463,0.0361114397273818,0.0857172545887698,0.200986496409426,0.750575492286473,0.57337830814277,0.0314324589293716,0.394812809790313,0.0449171141827868,0.00291109504263275,0.0361114397273818,0.00152013290028624,1.23312436731983,0.142893769729321,0.195051848153981,0.00872380642350875,0.082684524354471
10.5,0.430395907496648,0.452971334046402,5.9810714743058,0.755827400506713,0.755827400506713,18.7114575736067,0.0361102818442072,0.0857171602355943,0.200672626035867,0.748074052321225,0.5756565787037,0.0300476361244577,0.40751014928678,0.0448397092839915,0.00291195747757803,0.0361102818442072,0.0014665184990886,1.23344220071887,0.142892608197628,0.197923954295743,0.0081995796799858,0.0825722108154475
10.6,0.41559870737939,0.438835280216262,5.87970795758023,0.742382362873861,0.742382362873861,18.5111202951932,0.0361091671333234,0.0857170694403211,0.20045735986507,0.74476757296151,0.577335037733096,0.0287973564570503,0.419941728937279,0.0446833566440873,0.00291359740507587,0.0361091671333234,0.001415628952523,1.23375416486838,0.142891490337875,0.200756243322179,0.00770165894597796,0.0824631304999856
10.7,0.401029783211703,0.424964584866822,5.78147651605241,0.72849888823957,0.72849888823957,18.3017294139202,0.0361080966298644,0.0857169822836878,0.200340278441496,0.740669520458508,0.578418574628126,0.0276736098208587,0.432110307757168,0.0444545108731415,0.00291560866623049,0.0361080966298644,0.00136748120975888,1.23406031519949,0.142890417245858,0.203545073093629,0.00722900535049324,0.082357288599195
10.8,0.386709943481757,0.411377579084401,5.68634008217732,0.714171203114311,0.714171203114311,18.0829958844877,0.0361070739371746,0.0857168990549218,0.200318975070857,0.735786482397368,0.578885661223982,0.0266684804223758,0.443950368698578,0.0441501076618375,0.00291767184884413,0.0361070739371746,0.001322248160011,1.234360709629,0.142889392274865,0.206284287051814,0.00678276341950435,0.0822549321929513
10.9,0.37267166519225,0.398107378491475,5.59451535464744,0.699412093798564,0.699412093798564,17.8548691827406,0.0361061013639242,0.0857168199381479,0.200392044856289,0.730128514003908,0.578728086852581,0.0257740049235788,0.455430813720554,0.0437718813335949,0.00291942381038283,0.0361061013639242,0.00128002408073407,1.23465540482068,0.142888417595318,0.208969532639321,0.00636279778309606,0.0821561559882363
11,0.358931105349431,0.385163870144162,5.50633902159202,0.684271633022496,0.684271633022496,17.6178993777542,0.0361051801809924,0.0857167450342582,0.200559614969837,0.723737856120017,0.577965142067158,0.0249846458644936,0.46658387195861,0.0433397760052946,0.00292068279724392,0.0361051801809924,0.00124085747183612,1.23494443645279,0.142887493715306,0.211602612757774,0.00596616346596105,0.0820606498415889
11.1,0.34550288294659,0.372554752015015,5.42215907906609,0.668803407427078,0.668803407427078,17.3726931391167,0.0361043115614562,0.0857166744363008,0.200821956967267,0.716659782792562,0.576618709163835,0.0242950944023444,0.47744774056536,0.0428754519031534,0.00292128415010088,0.0361043115614562,0.00120479251910292,1.23522783822595,0.142886623413338,0.214176923161735,0.00559375286147061,0.0819686565556712
11.2,0.332425775077902,0.360322106768466,5.34214590562781,0.65300580944215,0.65300580944215,17.1189680926048,0.0361034982146094,0.0857166083605311,0.201177074519338,0.708891924469818,0.574669961037781,0.0236964507250316,0.487966874986892,0.0423736137311351,0.00292079470392536,0.0361034982146094,0.00117194117172904,1.23550567490501,0.142885808690481,0.216688738406862,0.00524514435943822,0.0818802295916372
11.3,0.319727233927643,0.34849189810582,5.2665531439196,0.636903105612034,0.636903105612034,16.8568586327269,0.0361027421295935,0.085716546965447,0.201624034443021,0.700454246114841,0.572119154464146,0.0231814984062576,0.498129675198927,0.0418416024870181,0.00291890716462959,0.0361027421295935,0.0011423836125669,1.23577799669243,0.142885051946392,0.219139960774845,0.0049184913440217,0.0817951448679506
11.4,0.307401665249813,0.3370506037824,5.19535375219541,0.620548653443952,0.620548653443952,16.5871055612513,0.0361020461382604,0.0857164904798285,0.202162966429763,0.69139615578225,0.568992112605441,0.0227471253059912,0.507965340197851,0.0412821299457885,0.00291565209019694,0.0361020461382604,0.00111627495084126,1.23604481163172,0.142884355316237,0.221528758150898,0.00461289279198073,0.0817133624723895
11.5,0.295429983607668,0.325968581433304,5.12840609942995,0.604007686818042,0.604007686818042,16.3106972454458,0.0361014134164984,0.0857164391611483,0.202794434089055,0.681779081655956,0.565325096090674,0.0223918948572791,0.517519725162448,0.0406960180042462,0.00291119796657153,0.0361014134164984,0.00109380088443578,1.23630611055502,0.142883720809372,0.223851522166125,0.00432789744826429,0.0816349300922952
11.6,0.283856034009334,0.315291381933146,5.06610306296365,0.587290041581379,0.587290041581379,16.0274672688896,0.0361008455354186,0.0857163931330406,0.203516976994409,0.671608383326827,0.561105679378595,0.0221065546849716,0.526760991538782,0.0400929040060434,0.00290506990669276,0.0361008455354186,0.0010750044286536,1.23656196457791,0.142883151582224,0.22610787242147,0.00406248714593488,0.0815597626115623
11.7,0.272695775896487,0.305031236734095,5.00860067025323,0.570430101405787,0.570430101405787,15.7377609197484,0.0361003447772365,0.0857163525784455,0.204330031604618,0.660914265347185,0.556343010610431,0.0218853157334501,0.53569172820706,0.0394785190181567,0.00289707811318455,0.0361003447772365,0.00105999182391233,1.236812409241,0.142882652714465,0.228300828199007,0.00381524166425151,0.0814876555954816
11.8,0.261938941179869,0.295174059414442,4.95581310118758,0.553475386896451,0.553475386896451,15.4423847967348,0.0360999167208113,0.0857163179507414,0.205233611303271,0.649744847725974,0.551066207098554,0.0217265037892225,0.544329110897553,0.0388566565722435,0.00288735570866059,0.0360999167208113,0.00104909114646372,1.2370574095053,0.142882225688255,0.230427049532084,0.00358549284128089,0.0814186277998871
11.9,0.251554283937434,0.285684713459771,4.90746109625602,0.536483926105553,0.536483926105553,15.1425144732667,0.0360995695817904,0.0857162899196135,0.206228190921576,0.638162579973996,0.545320358300561,0.0216317358548192,0.552701982489153,0.0382295604813833,0.00287629410011385,0.0360995695817904,0.00104280790577064,1.2372968738794,0.142881873328754,0.232485570449975,0.00337229176108524,0.0813526146604813
12,0.241574354105506,0.276592077964263,4.86385366608355,0.51948179280251,0.51948179280251,14.8382034307756,0.0360993035570634,0.0857162684969337,0.207312841978613,0.626186334037085,0.539101980652937,0.0215926199888818,0.560803704799924,0.0376041874204615,0.00286349922380498,0.0360993035570634,0.00104110801771051,1.23753088254977,0.142881613353846,0.234482171226043,0.00317481030635533,0.0812893834243222
12.1,0.232004678790029,0.267897916109293,4.82505064016491,0.502508596042336,0.502508596042336,14.5299804495949,0.0360991222401279,0.0857162539732126,0.208487230412387,0.613853440569474,0.532428165290025,0.0216050038668531,0.568642668816169,0.0369854977770113,0.00284890972791217,0.0360991222401279,0.00104418596074001,1.23775944298307,0.142881443966576,0.236413792120058,0.00299206206999817,0.0812289217262694
12.2,0.222839775398664,0.259595188836418,4.79107378442347,0.485603182243124,0.485603182243124,14.218574989192,0.0360990342432034,0.0857162470498173,0.209751228871213,0.601209221702003,0.52532664551713,0.0216670810151612,0.576226971389707,0.0363743196538448,0.0028326192515801,0.0360990342432034,0.00105255528526984,1.23798247673251,0.142881368863916,0.238279862082912,0.00282310520756485,0.0811711551563495
12.3,0.214055757992671,0.251662143635077,4.76188123932515,0.468803123031315,0.468803123031315,13.9050519557947,0.036099056567592,0.0857162491148857,0.211105055531618,0.588312357780108,0.517842943642817,0.021780966185609,0.583564217709577,0.0357645738012585,0.00281498051030333,0.036099056567592,0.00106726288890553,1.23819976174204,0.142881392571403,0.24008018539615,0.0026670045952984,0.0811159999473304
12.4,0.205662960097973,0.244104386413325,4.73754945148765,0.452148360400507,0.452148360400507,13.5898525207779,0.0360991906158065,0.0857162602795635,0.212548286089666,0.575196690680052,0.50998950483005,0.0219414829433733,0.590662927170133,0.0351630246067974,0.00279586448903638,0.0360991906158065,0.00108836395529528,1.23841134298487,0.142881531926749,0.241816501731583,0.0025230227417599,0.0810633496741434
12.5,0.197656661603422,0.236915228237228,4.71810354166087,0.435675561663618,0.435675561663618,13.2736561813189,0.0360994461719398,0.0857162813412145,0.214080762261951,0.561905656653058,0.501792657488996,0.0221465233622675,0.597529766513389,0.0345712933724567,0.00277533379726923,0.0360994461719398,0.00111644042124275,1.23861712528317,0.142881824147511,0.243493754334293,0.00239074928829719,0.0810130604071198
12.6,0.190009102225883,0.230067127554513,4.70349571073011,0.419398878858575,0.419398878858575,12.9572243777986,0.0360998577642741,0.0857163151234552,0.215702602613878,0.548486927312266,0.493294741305281,0.0223975859970893,0.604157191922893,0.0339871058475,0.00275358516970693,0.0360998577642741,0.00115359003495267,1.23881662108237,0.142882259041671,0.245109433986054,0.00226901286819493,0.0809650754634348
12.7,0.182722844531847,0.223559986653627,4.6937741283994,0.403362096063301,0.403362096063301,12.6412107062884,0.0361004273556084,0.0857163617831789,0.217413561353984,0.534982600169956,0.484517023747781,0.0226914229632165,0.610556361900375,0.0334133146639136,0.00273063882072607,0.0361004273556084,0.00119991560634544,1.2390098592294,0.14288284624211,0.246664147808405,0.00215696033967751,0.0809193016769161
12.8,0.175790308037908,0.217384527806981,4.68895486262346,0.387599085382932,0.387599085382932,12.3263048369829,0.0361011678019569,0.0857164223693029,0.219213514568858,0.521436637285569,0.475487820981277,0.0230263740688873,0.616732178987167,0.032851057501827,0.00270657401108315,0.0361011678019569,0.00125618725592767,1.23919669583397,0.142883595381712,0.248158502922883,0.00205373856096933,0.0808756458813914
12.9,0.169195109433533,0.211524581732377,4.68896267647456,0.372119165792013,0.372119165792013,12.0130420908304,0.0361021259173431,0.0857165007160463,0.221102327621113,0.507844165541284,0.4662369602313,0.0234021694999432,0.62267890276978,0.0322988334346899,0.00268147215264342,0.0361021259173431,0.00132521909279553,1.23937646444223,0.142884592722489,0.249596702059908,0.00195933370460997,0.0808340275995246
13,0.162928014361928,0.205969575918335,4.69379648356448,0.356951596358448,0.356951596358448,11.7020831389203,0.0361033209378051,0.0857165983956285,0.22307987458252,0.494239971853266,0.45679304156042,0.0238174102884865,0.628399436193338,0.0317572844017397,0.00265541291031326,0.0361033209378051,0.00140816526162039,1.23954892298472,0.142885864749774,0.250980143095469,0.00187307721272989,0.0807943564557012
13.1,0.156980421949176,0.200710699013687,4.70347115920695,0.342117382411229,0.342117382411229,11.3940015248394,0.0361047899457236,0.0857167184471961,0.225146018618554,0.480660336366646,0.447183372858358,0.0242710111165427,0.633893364548829,0.0312274797975407,0.00262846991998975,0.0361047899457236,0.00150723300200836,1.23971355671413,0.142887408036045,0.252308820327891,0.00179397289370764,0.080756537121107
13.2,0.151345286645571,0.195742369763058,4.71803264837561,0.327625928514811,0.327625928514811,11.0892418102147,0.0361065962971226,0.0857168660698985,0.227300606214313,0.467146952840806,0.437433112661817,0.0247622990512572,0.639155658245076,0.0307113331006719,0.00260070709395918,0.0361065962971226,0.00162617743640285,1.23986944967376,0.142889244965042,0.253583939177258,0.00172130726515558,0.0807204785409543
13.3,0.146012325384496,0.191053388266102,4.73747042440806,0.313502035113419,0.313502035113419,10.7884312444559,0.036108766378693,0.0857170434229453,0.229543508376821,0.453728480990358,0.427570859942795,0.0252901040771908,0.644187327363284,0.0302092082616095,0.00257220345442838,0.036108766378693,0.00176657988909691,1.24001625005477,0.14289141192401,0.254806840376899,0.00165444006089706,0.0806860941112048
13.4,0.140970909083619,0.18663315459632,4.76189442522095,0.299749846174095,0.299749846174095,10.4919069041019,0.0361114075892508,0.0857172593445953,0.231874925665415,0.44046575493241,0.417624603846718,0.0258542482640822,0.648983236156297,0.0297203099000775,0.00254303348073419,0.0361114075892508,0.00193470211284083,1.24015238061826,0.14289421497607,0.255981470487488,0.00159414099355625,0.0806533829392089
13.5,0.136211534199216,0.182472068502653,4.79133372811995,0.28638587015107,0.28638587015107,10.2001883813238,0.0361145726842818,0.0857175181659332,0.234294790395811,0.427397473739744,0.407621913996526,0.0264538961655516,0.653541544272385,0.0292451707620099,0.00251327129098589,0.0361145726842818,0.00213365883628869,1.2402770893921,0.142897557458462,0.257107884605123,0.00153907415561052,0.0806222161334946
13.6,0.131722275143327,0.178557668514194,4.82580026765448,0.273421629502435,0.273421629502435,9.91371694591382,0.036118347783525,0.0857178269785762,0.236802813053895,0.414543753553687,0.397589528779754,0.027088123516399,0.65785914766344,0.0287831705788952,0.00248298684004179,0.036118347783525,0.00236845129705375,1.24038912658815,0.142901493181633,0.258187591820272,0.00148869037671066,0.0805925126276602
13.7,0.127486046602355,0.174871372941558,4.86526275304658,0.260858783437839,0.260858783437839,9.63277804696678,0.0361228871285098,0.0857181985115407,0.239398203524672,0.401882799990369,0.387552354955457,0.0277557640853688,0.661930454651299,0.0283312926081885,0.00245224104038453,0.0361228871285098,0.00264792820242476,1.24048622674903,0.142906075956033,0.259222101223404,0.00144244048650746,0.0805641913553039
13.8,0.123494118277649,0.171405056382504,4.90973352531593,0.248706339101662,0.248706339101662,9.35776821467089,0.0361283059368603,0.0857186422766628,0.242080968305152,0.389451321295072,0.377536281497805,0.0284562531695352,0.665752060189139,0.0278887116280732,0.0024210969562802,0.0361283059368603,0.00297866545764395,1.24056670728637,0.142911564113299,0.260213175150899,0.00140021572700384,0.0805372072290958
13.9,0.119742820645746,0.168157895568211,4.95917481118575,0.236963830585833,0.236963830585833,9.0889179742902,0.0361348233707284,0.0857191764230322,0.244851463632845,0.3772944989602,0.367563703366673,0.0291895998820596,0.669319070152581,0.0274528684970284,0.00238959399882567,0.0361348233707284,0.00337291723259616,1.2406273414394,0.142918329857458,0.261162716940261,0.00136215255101296,0.0805115351939718
14,0.11621888331772,0.165116012900225,5.01356518873484,0.225636110590874,0.225636110590874,8.82654902675809,0.0361426098067891,0.0857198150617492,0.247709246008773,0.365424157124876,0.357658612576774,0.0299549326748969,0.672626898374071,0.0270231960054554,0.00235778657362335,0.0361426098067891,0.00384019118457949,1.24066563133735,0.142926333425089,0.262072119815233,0.00132750028784864,0.0804870777221503
14.1,0.11290424795004,0.16225953041936,5.07281199436871,0.214720418724473,0.214720418724473,8.57082708077926,0.0361519867167203,0.0857205849304764,0.250653336178225,0.353833693673413,0.347839486206296,0.0307511393202607,0.675669137515795,0.0266015825927204,0.00232570012506792,0.0361519867167203,0.00439787271183644,1.2406768498658,0.142935710462212,0.262942994198201,0.00129588599045287,0.080463768143625
14.2,0.109790388033238,0.159580943181313,5.13688503553454,0.204218398433137,0.204218398433137,8.32200764308829,0.0361631992005843,0.0857215064092585,0.253683630693851,0.342545693473324,0.338128398745031,0.0315777282707225,0.678441213317814,0.0261877500075776,0.00229338578113193,0.0361631992005843,0.0050592408981188,1.24065740488942,0.142947173237869,0.263776851243857,0.00126731424186962,0.0804415819009196
14.3,0.106874872032898,0.157080823959272,5.20573111828406,0.194124942278898,0.194124942278898,8.08018762490297,0.0361767251245153,0.0857226194574987,0.256800321048158,0.331583419446478,0.32854160470578,0.0324345971376449,0.680938684262085,0.0257848532212298,0.00226089511786622,0.0361767251245153,0.00584905628706157,1.24060030868871,0.142961176296081,0.264575246475168,0.00124162088586239,0.0804204756141169
14.4,0.104145960020741,0.154747415625359,5.27929384120436,0.18443905093481,0.18443905093481,7.84556010631598,0.0361929152017664,0.0857239533776175,0.260002881142009,0.320957127174714,0.319098663704087,0.0333210057062174,0.683156312285943,0.025393555344883,0.0022282761517864,0.0361929152017664,0.00678561149387374,1.24050044336555,0.142977775139567,0.265339804111475,0.00121838050346677,0.080400376760102
14.5,0.101589992696231,0.152566134708411,5.35748091172464,0.175153719882516,0.175153719882516,7.61815933757893,0.0362124781558048,0.0857255678277772,0.263290067021515,0.310660262567682,0.309812728366947,0.0342359232522509,0.685088269603782,0.0250159720812705,0.0021955945532828,0.0362124781558048,0.00790363129949568,1.2403475558862,0.142997255343291,0.266072108764363,0.00119731831000548,0.0803812296186346
14.6,0.0991982674245163,0.150529178183382,5.44021817611534,0.166265701234528,0.166265701234528,7.39811859368776,0.036235913850997,0.0857275048165126,0.266661576793721,0.3007048500601,0.300700934974973,0.0351788407190121,0.686729873910019,0.0246512204724709,0.00216289572060077,0.036235913850997,0.00922794936005521,1.24013441281766,0.143021487922823,0.266773731684471,0.00117850584178812,0.0803630202708839
14.7,0.096964692411181,0.148631884397576,5.52734195607425,0.157766740819773,0.157766740819773,7.18541996020908,0.0362642574671265,0.0857298522099147,0.27011731703325,0.291095602514889,0.291773479629642,0.0361495589379656,0.688078187157957,0.0242871313094769,0.00213020532760843,0.0362642574671265,0.010805580561353,1.2398462844881,0.143050780011498,0.267446257301707,0.00116167302331161,0.0803456935650129
14.8,0.0948799176675406,0.146865429138018,5.61875711360947,0.149651746031563,0.149651746031563,6.98014107169833,0.0362982175063872,0.0857326699714313,0.273656594820162,0.28183737603359,0.283044892047555,0.037147402087276,0.68912843253974,0.0239241500869229,0.00209756713555089,0.0362982175063872,0.01266960737028,1.23947305795593,0.143085476726276,0.268091269725882,0.00114655807615285,0.0803291953506538
14.9,0.0929379005533443,0.145224810248711,5.71429481897779,0.1419118314484,0.1419118314484,6.78222247878933,0.0363392834465626,0.085736085845396,0.277277810069825,0.272923418989031,0.274522199280089,0.0381714399637346,0.689876627725498,0.0235689184185772,0.00206498799945845,0.0363392834465626,0.0148811205730596,1.23899408834536,0.143126199400499,0.268710359216395,0.00113295496135148,0.080313478223114
15,0.0911301080252517,0.143702140294616,5.81381914229262,0.134540495868108,0.134540495868108,6.5916921073507,0.0363884489395208,0.0857401846483816,0.28098036441745,0.264356623061314,0.266217270606559,0.0392211304504436,0.690318951724948,0.0232191370542256,0.0020325017573473,0.0363884489395208,0.0174829625844125,1.23839548033675,0.14317736570323,0.269305893216718,0.00112104813445661,0.0802985436144621
15.1,0.0894462867095512,0.142286743471267,5.91705897908237,0.127528666408168,0.127528666408168,6.40845858341292,0.0364478107340259,0.0857451485508171,0.284763665058366,0.256131326088823,0.25813420407667,0.0402961402735639,0.69045476342309,0.022873067464089,0.00200012118182436,0.0364478107340259,0.0205499452745871,1.23764932266863,0.143238391715627,0.269879215247586,0.00111050758318333,0.0802843286154197
15.2,0.0878793518764881,0.140972411919706,6.02385118082377,0.120868872814157,0.120868872814157,6.23250672772729,0.0365187506100218,0.0857510967498705,0.288626866865166,0.248246899334822,0.250282184296816,0.0413958861647721,0.690280858020682,0.0225307792748001,0.00196787087944371,0.0365187506100218,0.0241356962145709,1.23673687916859,0.143310421029342,0.270432022484872,0.00110118098853105,0.0802707925397211
15.3,0.0864309799329053,0.139763710373001,6.13396505135949,0.11455222418606,0.11455222418606,6.06372038697555,0.0366041843009401,0.0857582868029118,0.29256913558211,0.240699133320663,0.242663034269694,0.0425201192251641,0.689797483166238,0.0221932702823734,0.0019357687941516,0.0366041843009401,0.028325521373996,1.23562173600332,0.1433956436125,0.270966367585545,0.0010929723527017,0.0802579019154454
15.4,0.085093819090202,0.138653908521096,6.2471985568311,0.108570723647114,0.108570723647114,5.90205369277131,0.036705885172206,0.0857668730793491,0.296589645860932,0.233485492475039,0.235283769136697,0.0436683366480876,0.689002473338609,0.0218602755519056,0.00190383596308471,0.036705885172206,0.0331818774351528,1.23428056576952,0.143500673107757,0.271485806042967,0.00108602378213124,0.0802456537701269
15.5,0.0838549038896082,0.13762802265771,6.36318100734357,0.102916036067069,0.102916036067069,5.7473726649337,0.0368278300255053,0.0857772143740365,0.300686480555153,0.22659412014199,0.22814378524511,0.0448398068431774,0.687896680360623,0.0215323480719492,0.00187209088498198,0.0368278300255053,0.0387915800553636,1.23266848060502,0.143624989087887,0.271991469722859,0.0010800933920208,0.0802339959447595
15.6,0.0827082629064695,0.136680886802757,6.48168133604521,0.097579909679164,0.097579909679164,5.59960326421949,0.0369723520595927,0.0857895163380061,0.304858667896806,0.220020855069848,0.22124786998172,0.0460340564518831,0.686478904888426,0.0212096278850586,0.00184055353424895,0.0369723520595927,0.0452256775895948,1.23075622652289,0.143770702809004,0.272485384541685,0.00107508094789916,0.0802228944247347
15.7,0.0816628672210485,0.135825886344692,6.60238855208585,0.092554913593361,0.092554913593361,5.45860687010507,0.0371444618015271,0.0858042427699733,0.309105793735943,0.213755384408656,0.214593584075143,0.0472511070404605,0.684753574821163,0.0208874593486232,0.00180923088990936,0.0371444618015271,0.0525545957358436,1.22849509099472,0.143942827327674,0.272971112915388,0.00107094376478131,0.0802123235351368
15.8,0.080714443586993,0.135059728209584,6.72502577146895,0.0878329517611872,0.0878329517611872,5.32428339390335,0.0373473977953845,0.085821685507841,0.313426807669046,0.207790653550198,0.208183073117636,0.0484905359828844,0.682721102482336,0.0205650574048937,0.00177813988113509,0.0373473977953845,0.0608525233034784,1.22584847475333,0.144149477901878,0.273453686285437,0.00106773177480165,0.0802022701943722
15.9,0.079850448142147,0.134367254071606,6.84918257368477,0.0834075537292446,0.0834075537292446,5.19650055882825,0.0375869298379596,0.0858423937872717,0.317819094671159,0.20211891774247,0.202013370002352,0.0497515771809716,0.680383693366839,0.0202519709934032,0.00174730603895214,0.0375869298379596,0.070162031922965,1.22277055424706,0.144392209617766,0.273934631807624,0.00106537030265375,0.0801927031171724
16,0.0790649965962646,0.133742534516735,6.97452135204523,0.0792713976442214,0.0792713976442214,5.07513939612642,0.0378676050604257,0.0858667913617189,0.322281037877878,0.19673237709696,0.196083836399661,0.0510337262873116,0.677743073236672,0.0199512028527599,0.00171674850351632,0.0378676050604257,0.0805435369011866,1.21921916973003,0.144675751976518,0.2744171738992,0.00106384468917267,0.0801835997937159
16.1,0.0783524914048652,0.13318021595969,7.10040835602196,0.075418967349494,0.075418967349494,4.96007577180098,0.038195507342711,0.0858954777736859,0.326812469885991,0.191617555246875,0.190390759684356,0.0523370718565384,0.674806031122351,0.01964920560098,0.00168646594290942,0.038195507342711,0.0920016057834439,1.21515819799643,0.145005157160806,0.274904677564434,0.00106315209719931,0.0801749392829254
16.2,0.0777065791567149,0.132673835948664,7.22629855470625,0.0718442487934681,0.0718442487934681,4.85118577834768,0.0385763507577787,0.085929008714614,0.331412649857783,0.186762821312484,0.184931177090692,0.0536614834071672,0.671577766856129,0.0193384843027599,0.00165646432509874,0.0385763507577787,0.104557117029562,1.21054914930549,0.145385806115281,0.275400694644937,0.00106330074815851,0.0801667021165472
16.3,0.0771292059939586,0.13222757688731,7.35162593523054,0.0685428448213286,0.0685428448213286,4.74835398034269,0.0390162554585674,0.0859680148287671,0.336078780244063,0.182163739953101,0.179701148603646,0.0550062697352876,0.668061582061364,0.0190309855599166,0.00162675223664442,0.0390162554585674,0.118175037666943,1.2053696974207,0.145824136962937,0.275914504405075,0.0010642184674723,0.0801588588082878
16.4,0.0766216975237321,0.131844844798856,7.47578968004219,0.0655104656032068,0.0655104656032068,4.65146358962952,0.0395215076697279,0.0860131435643313,0.340808379975982,0.177814667620795,0.17469641475069,0.0563708499064728,0.664261531870864,0.0187352976004953,0.00159733565335183,0.0395215076697279,0.132817515651495,1.19959703793323,0.14632591517376,0.276447955839637,0.00106596986942857,0.0801513971421298
16.5,0.0761769044515498,0.131517752881284,7.59814902039536,0.0627433529642548,0.0627433529642548,4.56040572017856,0.0400977250516367,0.0860649935920176,0.345600819950823,0.173702472367353,0.169912611029984,0.0577551674314723,0.660185027252464,0.0184454038072383,0.00156822361566714,0.0400977250516367,0.148433956870786,1.19321769862979,0.146897617052108,0.277005990954781,0.00106858265670741,0.0801443003476373
16.6,0.0757857843726331,0.131235591197875,7.71793510981823,0.060240051891564,0.060240051891564,4.47508509558611,0.0407505515338154,0.0861242180569516,0.350455999930676,0.169810945331565,0.165343711486082,0.0591593762178296,0.655842540399656,0.0181525485592816,0.00153942578135633,0.0407505515338154,0.164901614549117,1.18624235050671,0.147546055490233,0.277593798120601,0.00107209460800884,0.0801375530037434
16.7,0.0754476758092576,0.130998985522578,7.83449751238611,0.0579973653157715,0.0579973653157715,4.39539742634311,0.0414851433627692,0.0861913807169188,0.355371901418528,0.166133269749318,0.16098527415119,0.0605830455957156,0.651239132999121,0.0178599209423434,0.00151094746969668,0.0414851433627692,0.182158858676303,1.1786627999419,0.148278379968284,0.278216812071126,0.00107655357805275,0.0801311410387499
16.8,0.0751685889289571,0.130816712975617,7.94696919169098,0.0560170657985014,0.0560170657985014,4.32128112775801,0.0423037775737413,0.0862668752754851,0.360345249205673,0.162669460823995,0.156830974117829,0.0620255108189462,0.646379987697393,0.0175754387753136,0.00148278650822798,0.0423037775737413,0.200019385698306,1.17052758353483,0.149086557264092,0.278880321967023,0.00108197619950066,0.0801250419353647
16.9,0.0749448748800968,0.130685329259867,8.05465216933478,0.0542967806142133,0.0542967806142133,4.25263773229382,0.0432113934925957,0.0863512610435333,0.36537478307717,0.159408979225592,0.152875796716204,0.0634865666555711,0.641272330037271,0.0172979162389599,0.00145495029995162,0.0432113934925957,0.218398627538154,1.16183698074474,0.149970654051692,0.279590059394058,0.0010884098398212,0.0801192394254576
17,0.0747728238771978,0.130600236801191,8.15656574110684,0.0528417335018779,0.0528417335018779,4.18944790845101,0.0442039575636707,0.0864443401732573,0.37046085083963,0.156333612087974,0.149112750518609,0.0649664746406499,0.6359305147791,0.0170210673429996,0.00142745432724362,0.0442039575636707,0.237089578170419,1.15266645181547,0.15094074815442,0.280352246631502,0.00109593768728821,0.0801137246963436
17.1,0.0746513815297405,0.13056118962928,8.25194426024219,0.0516512630415417,0.0516512630415417,4.13162932069541,0.0452849889255428,0.0865465680248061,0.375601776164775,0.153435058449678,0.145536313228497,0.0664649424967302,0.630361776884888,0.0167457560364976,0.0014003040500358,0.0452849889255428,0.255970689407563,1.14303515880945,0.152000036386017,0.281173170043243,0.0011046337995885,0.0801084857293371
17.2,0.0745734848793188,0.130559740328736,8.33960326779892,0.0507327438941526,0.0507327438941526,4.07919297949562,0.0464443524588565,0.0866570869001489,0.380795302967881,0.150712158776725,0.142140079452287,0.0679815260815381,0.624572348608866,0.0164770438751719,0.00137349607656938,0.0464443524588565,0.274857195227357,1.13301960082873,0.153151532885631,0.282059349243211,0.00111458092862962,0.0801035115273899
17.3,0.0745353999252279,0.130591860536693,8.41858519596744,0.0500894991296651,0.0500894991296651,4.03210191282771,0.0476792172874992,0.0867757540616189,0.386039887883929,0.14815755329098,0.138917947833216,0.0695159719984706,0.618570316223578,0.0162161207191829,0.00134703431162207,0.0476792172874992,0.293589478928007,1.12266982559796,0.154384513422466,0.28301314902917,0.00112587793871639,0.0800987894865848
17.4,0.0745406471368062,0.130662947739607,8.48771528117772,0.0497317953345433,0.0497317953345433,3.9904086100402,0.0489719051768749,0.0869008315702445,0.391335176754694,0.145759216141477,0.135863515886195,0.0710682988354827,0.612367824065399,0.0159587455276582,0.00132092279607015,0.0489719051768749,0.312005964447353,1.11205939825553,0.155645564717209,0.284023407860937,0.00113865564943033,0.0800942997824769
17.5,0.0745900428679733,0.130774875838074,8.54586456524068,0.0496680900578564,0.0496680900578564,3.95414179838807,0.0503087524975569,0.0870310203315103,0.396680354164014,0.143507297729199,0.13297044576638,0.0726384166996627,0.605975504699391,0.0157028501474678,0.00129516474129562,0.0503087524975569,0.329943001912191,1.10125712708268,0.156955968913655,0.285103435972588,0.00115301259851612,0.0800900381314378
17.6,0.074680255453946,0.130924131466344,8.59203636994566,0.04990269132123,0.04990269132123,3.92327684647036,0.051684934902114,0.0871659692146174,0.402073928859086,0.141394515901669,0.130232582765888,0.0742260818140866,0.599401670136359,0.0154494375730065,0.00126976346007571,0.051684934902114,0.347238707103237,1.09031745073755,0.158304689571972,0.28625637424677,0.00116907360389417,0.0800859950401882
17.7,0.074806834481593,0.131105370401881,8.62492757627433,0.0504557542507222,0.0504557542507222,3.89799587549265,0.0530641113563227,0.0873017707688807,0.407515156635329,0.139418280503001,0.127644025305247,0.0758310382315531,0.592653543259161,0.0152058309544375,0.00124472729522926,0.0530641113563227,0.363754445443045,1.07932531218171,0.159679150814078,0.287485157623004,0.00118697292017669,0.0800821617740043
17.8,0.0749674824542007,0.131316297599037,8.64339552477791,0.0513382253805996,0.0513382253805996,3.87836060119086,0.0544280563100348,0.0874365784169805,0.41300302169397,0.137571990325617,0.125198640311445,0.0774530902297092,0.585739861615476,0.0149740815606103,0.00122006118664783,0.0544280563100348,0.379335414588504,1.06835008835507,0.161065237323641,0.288792515097687,0.00120685423866773,0.0800785303567173
17.9,0.0751604843287949,0.131555442941767,8.64634096701776,0.0525585599367431,0.0525585599367431,3.86440016459644,0.0557634452075661,0.0875691031338498,0.418536434758677,0.13584795900506,0.122890232082807,0.0790920583795365,0.578669772533032,0.0147548143964656,0.00119576915358919,0.0557634452075661,0.393822438141149,1.05745694493906,0.162401406791432,0.290140323862783,0.00122898093183289,0.0800750872363936
18,0.0753869643053005,0.13182475368876,8.63271499793379,0.054148640065016,0.054148640065016,3.85645788869075,0.0570244342478145,0.0876942326368847,0.424116424936884,0.13423407265734,0.120712899880401,0.0807481705003114,0.571458694840161,0.0145328171554653,0.00117183992952529,0.0570244342478145,0.407096009568229,1.04673655390468,0.163674755553936,0.291534701454525,0.00125350525639873,0.08007182654624
18.1,0.0756449029965492,0.13212228685633,8.60138451581862,0.0561206865446252,0.0561206865446252,3.85461269529479,0.058191230845883,0.0878099335054177,0.429742112881895,0.132723271655187,0.118660522303242,0.0824212613557974,0.564115857778183,0.0143088446986766,0.00114827726685002,0.058191230845883,0.419003462530233,1.03625946993747,0.164862537234988,0.292974204667054,0.00128060885433157,0.0800687420318341
18.2,0.07593270517991,0.132446621866976,8.55123367933044,0.0584897328348749,0.0584897328348749,3.85898139964185,0.0592405028898517,0.0879137539543133,0.435412887369029,0.131307893861931,0.116727014805258,0.0841112171205462,0.556651246185838,0.0140817128457155,0.00112508288046322,0.0592405028898517,0.429396673902505,1.02609913946489,0.165933502088609,0.294451015903346,0.00131049953507742,0.0800658272360075
18.3,0.0762493368219992,0.132796700647354,8.48194365766691,0.0612954991098884,0.0612954991098884,3.87002196872978,0.0601410290597187,0.0880023037673388,0.441129884721169,0.129989907200901,0.114907270782882,0.0858177788518529,0.549065403970716,0.0138759386518045,0.00110225434751768,0.0601410290597187,0.438142580374031,1.0163561024861,0.166853808505716,0.295956179415924,0.00134339707321609,0.0800630763148702
18.4,0.0765934484785818,0.133171396633555,8.39242908049897,0.0645552029499946,0.0645552029499946,3.88788086946518,0.060867341520636,0.0880728785643549,0.446892685901323,0.12876157611849,0.113195251613437,0.0875408568783465,0.541368477739324,0.0136899617645143,0.00107979216417666,0.060867341520636,0.445095930605212,1.00710609623429,0.167613220865023,0.297467791273351,0.0013795929158652,0.0800604839844979
18.5,0.0769628468927389,0.133568339629546,8.28235870286936,0.0683006504937515,0.0683006504937515,3.912913249375,0.0614015929790226,0.0881236879398356,0.452701555318195,0.127616467124626,0.111585663274915,0.08928044332964,0.533571811925152,0.0135116543806836,0.00105769482196266,0.0614015929790226,0.45010896119494,0.998443950064344,0.16821269131196,0.298956597514354,0.00141942188036838,0.0800580455462029
18.6,0.0773549268532715,0.133984601315866,8.15163977356431,0.0725673123970289,0.0725673123970289,3.94552795932374,0.061730015837284,0.0881534302683157,0.458556867070382,0.126547522031008,0.110073425562036,0.0910365874255375,0.525688468079992,0.0133209927795332,0.00103596028743868,0.061730015837284,0.453031291000509,0.990469863806108,0.168606779315477,0.300411951504646,0.00146313092296667,0.0800557570037114
18.7,0.0777670506825359,0.134417395608296,8.0003582917963,0.0773899216867927,0.0773899216867927,3.98613244605952,0.0618479078607071,0.0881618265220158,0.464459784002516,0.125550052950524,0.108653397981556,0.0928092147217321,0.517722802315369,0.0131386450515774,0.00101459287533137,0.0618479078607071,0.453716153219662,0.983281566762977,0.168769800004663,0.301811994159907,0.00151102989717443,0.0800536149285505
18.8,0.0781962048038445,0.134863450470908,7.82883791056963,0.0828064266237768,0.0828064266237768,4.03518245347282,0.0617553845727787,0.0881491669252313,0.470411666753025,0.124619105008872,0.107320625481876,0.0945982868155336,0.509679630307756,0.012983248846955,0.00099359722161472,0.0617553845727787,0.452014870938711,0.976981326243486,0.168676232291179,0.303132866884926,0.00156344619100224,0.0800516165072671
18.9,0.078640477738302,0.135321038960118,7.63786978444546,0.0888575780993683,0.0888575780993683,4.09318874826976,0.0614632247176741,0.0881168273925741,0.476414190269202,0.123751291575764,0.106070430549792,0.0964037348244846,0.501563223801161,0.0128450795914955,0.000972968807100579,0.0614632247176741,0.447815766732519,0.97165801436465,0.168410141450583,0.304367530865936,0.00162084689907088,0.0800497606335986
19,0.0790976946055455,0.135788095127694,7.42826967407075,0.0955846311589208,0.0955846311589208,4.16066885835694,0.060983070349858,0.0880663046884607,0.482469121768252,0.122943163625363,0.104898147393421,0.0982254927490453,0.493377225047633,0.0127215621714873,0.000952705055800629,0.060983070349858,0.441001950173788,0.967403419362556,0.1679406266395,0.305487146899456,0.00168358810606635,0.0800480456671654
19.1,0.0795636706285969,0.136260015416708,7.20167823661335,0.103033886185152,0.103033886185152,4.23824046880221,0.0603394368842726,0.0880002815084864,0.488577025077227,0.12218950006542,0.103799480272011,0.100063690985886,0.485136227046898,0.0125976928515079,0.000932802139258269,0.0603394368842726,0.431566949589772,0.964263585786355,0.167281627900958,0.306468560164764,0.001752093313893,0.0800464710285393
19.2,0.0800349415552886,0.136733110312266,6.95946230800041,0.111249999097877,0.111249999097877,4.32648830501746,0.0595527179596195,0.0879210679060245,0.494738907064563,0.121485749623273,0.102770012843453,0.101918389923808,0.476850884497708,0.0124625935937283,0.000913256554052721,0.0595527179596195,0.419466047347237,0.962300533208719,0.166459787907408,0.307301914091015,0.00182686233174812,0.0800450381048845
19.3,0.0805090736897454,0.137205186053088,6.70376217506934,0.12028214621374,0.12028214621374,4.42610593053032,0.0586514703786034,0.0878315747145878,0.500957610834187,0.12082702194656,0.10180560126933,0.103789651326666,0.468522055014062,0.0123517565933894,0.000894074570926361,0.0586514703786034,0.404843654672773,0.96149675204743,0.165516556841067,0.30799487894953,0.00190848679991832,0.0800437506318185
19.4,0.0809837823751278,0.137674207828844,6.43683283173272,0.13017953352388,0.13017953352388,4.53779387188613,0.0576641623967633,0.0877346959355427,0.507236096340063,0.120208758220176,0.100902124386919,0.105677535833795,0.46015091031307,0.0122815428386589,0.000875260349579494,0.0576641623967633,0.387868159653717,0.961825274099613,0.164484140214283,0.308524332308312,0.00199747280148282,0.0800426103299312
19.5,0.0814583142345099,0.138140100761159,6.16160264806723,0.140993107867204,0.140993107867204,4.66232174419883,0.0566205673062362,0.0876332868174255,0.513579129546652,0.119627384032978,0.100055612291493,0.107582066140842,0.451730972884664,0.0122435945554821,0.000856818864400039,0.0566205673062362,0.368890674999037,0.963183616988591,0.163407625465893,0.308880810183479,0.00209440404915552,0.0800416209189322
19.6,0.0819276217738533,0.138597134800025,5.88083648232658,0.152772094557705,0.152772094557705,4.80046816444542,0.0555455007713348,0.0875296866039516,0.5199886448404,0.119080246264718,0.0992622711251938,0.109503408786346,0.443272292469663,0.0122112397498563,0.000838746416866546,0.0555455007713348,0.348320532802426,0.965451514706047,0.162278909830205,0.309078390678643,0.00220012524084608,0.0800407924527544
19.7,0.0823879799768138,0.139041343140298,5.59738573192993,0.165565325596681,0.165565325596681,4.95302851183769,0.0544628572393965,0.087426111620195,0.526466602303601,0.11856499207309,0.0985184264707728,0.111441739007844,0.434784688188159,0.0121660785608687,0.000821038956151335,0.0544628572393965,0.326606913635771,0.968493922918756,0.161135906007446,0.309118041062247,0.00231536418363055,0.0800401323141737
19.8,0.0828382827518356,0.139472298829887,5.31406704784883,0.17941855591266,0.17941855591266,5.12083223735553,0.0533900317568111,0.0873240774737301,0.53301320445997,0.118080428790471,0.0978208432266336,0.113397332974932,0.426286822768269,0.0121195236721919,0.000803686901807688,0.0533900317568111,0.304294127170151,0.972145295040772,0.160023610961308,0.309002001444891,0.00244088008334141,0.0800396487487839
19.9,0.0832764294156421,0.13988816837043,5.03356207421403,0.19437472466704,0.19437472466704,5.30469927750549,0.0523427839757452,0.0872249724636566,0.539632794692977,0.117621408184791,0.0971661948568021,0.115370380019098,0.417775873673651,0.0121162512027526,0.00078669306209441,0.0523427839757452,0.281867321748649,0.976261259706095,0.158966933155836,0.308737374792613,0.00257757258320645,0.0800393541045775
20,0.083702138000999,0.140289420904675,4.75838658830925,0.210470923900491,0.210470923900491,5.50545470719746,0.0513311858499226,0.0871296201316837,0.54633085657663,0.117182249083367,0.0965512687928563,0.117361093425352,0.409244327739173,0.0121825834143001,0.000770063498381494,0.0513311858499226,0.25979728992212,0.980701592074418,0.157924988243171,0.308327863827242,0.00272667744437573,0.0800392719949743
20.1,0.0841171691780864,0.140678994062797,4.49082552023856,0.227737340063669,0.227737340063669,5.72389718041978,0.0503621679290913,0.0870385696858942,0.553112425447283,0.116759354817843,0.0959727736656463,0.119369719521319,0.400688922402865,0.0122717928126622,0.000753803821233236,0.0503621679290913,0.238461080055964,0.985353108901249,0.156940520980037,0.307787753563249,0.0028891379929827,0.0800394154425604
20.2,0.0845241554931454,0.141060647026297,4.23289317869182,0.246195476626361,0.246195476626361,5.96078080347945,0.0494402330004787,0.0869521628924346,0.559979826485432,0.116352943522889,0.0954275879159159,0.121396580415917,0.392120252937659,0.0123519487932299,0.000737914015379386,0.0494402330004787,0.218134685368473,0.990128153112234,0.15602382633548,0.307131048929414,0.00306609341349891,0.0800398038581942
20.3,0.0849288050808743,0.141441794399962,3.98628345202935,0.265855621415945,0.265855621415945,6.21679360659829,0.0485677015310977,0.0868705533111921,0.56693609178457,0.115960425737735,0.0949128378896956,0.123442043220062,0.383544035170491,0.0124676503368018,0.000722395468402602,0.0485677015310977,0.198999241856371,0.994961031359602,0.155168986391674,0.306356917602503,0.00325892652621893,0.0800404723156069
20.4,0.0853373820067786,0.141830110261435,3.75233680511972,0.286714385742201,0.286714385742201,6.49253073027289,0.0477452320693414,0.0867937527484484,0.573986546339385,0.115575057973796,0.0944255464861469,0.125506509167406,0.374955449766116,0.0126570861793656,0.000707255768809285,0.0477452320693414,0.181156605244746,0.999803659128249,0.154367638673136,0.305467236578987,0.00346908847969218,0.0800414577562874
20.5,0.085760862361706,0.142238802022705,3.53209138960418,0.308751050894658,0.308751050894658,6.78853570755546,0.0469717546349378,0.0867216123202987,0.581135700154782,0.115194133571006,0.0939624193043231,0.127590458410476,0.366357380486635,0.0128981711862034,0.000692501206446968,0.0469717546349378,0.164647769643296,1.00461838932445,0.153618243942311,0.304478403197083,0.00369798074695659,0.0800427897036574
20.6,0.0862093035825535,0.142679501740382,3.32606898554122,0.331929924961006,0.331929924961006,7.1050522041803,0.0462456659727013,0.0866539598420893,0.588385293018319,0.114820598583138,0.0935213231749517,0.129694270631092,0.357760254619919,0.0131535529834466,0.000678133358575689,0.0462456659727013,0.149447219309033,1.00938911388685,0.15291040388287,0.30340063276201,0.00394716045762295,0.0800445067883424
20.7,0.0866932487721902,0.143164108844785,3.13501415375589,0.356203007628527,0.356203007628527,7.44227934401115,0.0455660003746564,0.0865906901594007,0.595737731355759,0.114453516054134,0.0931000092506422,0.131818402300176,0.349171796570857,0.0134447157897914,0.000664156797469426,0.0455660003746564,0.135533173235435,1.01409601135544,0.152262706653717,0.302217019688272,0.00421840431832856,0.0800466972516884
20.8,0.0872302742784161,0.143712864153216,2.95924075337172,0.381489715042962,0.381489715042962,7.80017166298228,0.0449310595347679,0.0865316387947192,0.603197683122116,0.114079783479897,0.0926956989230912,0.13396345926989,0.340587090346084,0.0138436893207809,0.000650589856486333,0.0449310595347679,0.122839745786909,1.01872821611849,0.151655259988352,0.300940431971753,0.00451344026607405,0.0800494045560803
20.9,0.0878370775122273,0.14434416522553,2.79823835906735,0.407689742806284,0.407689742806284,8.178442985849,0.0443375863597676,0.0864764804839007,0.610767965902619,0.113698687844925,0.0923055278043089,0.13612998328725,0.332011974928712,0.0143116283313847,0.000637448439923932,0.0443375863597676,0.111280774289041,1.023282392994,0.151077818940432,0.299572925322411,0.00483413889423827,0.0800526947181456
21,0.0885293557572048,0.14507466323652,2.65178874170337,0.434680662121016,0.434680662121015,8.57654172250864,0.0437830553786527,0.0864249705317381,0.618450087452525,0.11331700020926,0.0919272837244675,0.138318475653159,0.323458719202863,0.0148265590606732,0.000624745175941583,0.0437830553786527,0.100772608681833,1.02775587107697,0.150532163966869,0.298113164197594,0.00518239068478763,0.0800566700320807
21.1,0.0893365028284805,0.145935882883417,2.51975475037675,0.462239348134425,0.462239348134425,8.99301358534147,0.0432644475154719,0.0863768256792846,0.626244528077069,0.112929501207465,0.0915580893225697,0.14052982196475,0.314942961177062,0.0154253243515417,0.00061250760268476,0.0432644475154719,0.0911970662704585,1.03214579660069,0.150032368410521,0.296556373465406,0.00556010458614075,0.0800614696393371
21.2,0.0902634572097947,0.146932877771503,2.40198146904627,0.490318791572217,0.490318791572217,9.42746865281482,0.0427812269142146,0.0863319952273124,0.634151201153314,0.11253477580291,0.0911974584687951,0.142764175162615,0.306466724592751,0.0161152568887825,0.000600744433688037,0.0427812269142146,0.0825354636766476,1.03645234764277,0.149561105948582,0.294902234058504,0.00596944031500978,0.0800671764720237
21.3,0.0913466199387494,0.148104703246796,2.29750266682767,0.518630095996219,0.518630095996219,9.87763421475429,0.0423297392995719,0.0862901308789636,0.642170126092973,0.112129489972834,0.0908422821573706,0.145022474785808,0.298044689496681,0.0169292179457846,0.000589506352270499,0.0423297392995719,0.074664084884509,1.04067610810114,0.149113081190668,0.293147034657761,0.00641257744729734,0.0800739097515943
21.4,0.0925993995585475,0.149465377379201,2.20602062661859,0.547057970037528,0.547057970037528,10.3423530002535,0.0419089904147353,0.0862511388093565,0.650300759772523,0.111719137490177,0.0904922408148535,0.147304960679338,0.289683103917362,0.0178730542312711,0.00057882313191691,0.0419089904147353,0.0675499816882583,1.04481784406058,0.148688431217091,0.291288138505345,0.00689147164939058,0.0800818498173819
21.5,0.0940476957716094,0.151042261909903,2.12692086042945,0.575386547128087,0.575386547128087,10.8196703916257,0.0415167362198268,0.0862148062668989,0.658542542980119,0.111308188357944,0.0901459633293651,0.149612197784383,0.281393407291592,0.018964176882209,0.000568742404105762,0.0415167362198268,0.0611174729528798,1.04887847246396,0.148295038757393,0.289324847191901,0.00740773322058455,0.0800912582739525
21.6,0.0957228172722304,0.152865813634062,2.05939336777082,0.603280925980352,0.603280925980352,11.3058803436992,0.0411502014303447,0.0861808718473245,0.666885789984284,0.110886959804447,0.0898015783478994,0.151945029862462,0.273201823523328,0.0201882576553555,0.000559351665997044,0.0411502014303447,0.0552750770617635,1.05285990823267,0.147925661956886,0.28724986045344,0.00796382793560039,0.0801022787956351
21.7,0.0976301243198632,0.154941186040053,2.00331159093387,0.63068569944724,0.63068569944724,11.8002114527252,0.0408089798791762,0.0861492974497182,0.675328714658343,0.110456793701899,0.0894588820735017,0.154303552210772,0.265111979743294,0.0215550525802378,0.00055067315038161,0.0408089798791762,0.0500100567315247,1.05676251878642,0.147579465898807,0.285057316472843,0.00856194649349898,0.0801151246620657
21.8,0.0998055465749933,0.157303321863767,1.95780621335871,0.657232407862925,0.657232407862925,12.2979389124556,0.0404901977583787,0.0861198129131533,0.683860530804571,0.11002133323279,0.0891162634920609,0.156688499882421,0.257148927666456,0.0231055915378172,0.000542836354464561,0.0404901977583787,0.0452303555770474,1.06058859653472,0.147255484324914,0.28274348905874,0.00920371127522815,0.080130089845607
21.9,0.102266193658121,0.159970131938771,1.92268107347738,0.682819728350628,0.682819728350628,12.7971440729554,0.040193074289617,0.0860923451446384,0.692474319269124,0.109582763377276,0.0887737445720445,0.159099998352731,0.24932150439894,0.0248517815657964,0.00053592251269681,0.040193074289617,0.0409131858804983,1.06433898659033,0.146952232162778,0.280309304481754,0.00988965691621609,0.0801476033278471
22,0.105035759638877,0.162965711718523,1.89754007465274,0.70726533693488,0.70726533693488,13.2949972374393,0.0399161891325568,0.0860667608519992,0.701161552005387,0.109143668297542,0.0884308989910853,0.161538352280151,0.241643730138634,0.0268135996595755,0.000530032328042275,0.0399161891325568,0.0370148020380058,1.06801499340395,0.146669921093698,0.277745950211775,0.0106222003908525,0.0801679185180114
22.1,0.108143340252463,0.16631838855986,1.88199756575806,0.73038610563834,0.73038610563834,13.7876034741661,0.0396579264738309,0.086042908659444,0.709898867804385,0.108706184532754,0.0880878828148981,0.16400362973105,0.234138138855714,0.0289157485541582,0.000525315184959073,0.0396579264738309,0.0334884866756013,1.07161834726575,0.146408464120516,0.275047836284936,0.0114029660314507,0.0801913929755982
22.2,0.111608680927971,0.170047508348672,1.8757466829157,0.752052852114332,0.752052852114332,14.2723704145348,0.0394171416168056,0.0860206812702171,0.718672838046546,0.108272653244818,0.0877447245202697,0.166495918810402,0.226818373722722,0.0311385241559876,0.000521868736609938,0.0394171416168056,0.030300524950282,1.07515022383077,0.146166662410094,0.272211344459193,0.0122325632122465,0.0802184558458484
22.3,0.115449798477619,0.174168066546641,1.87834288982839,0.772223294452152,0.772223294452152,14.7461568908462,0.0391926800946651,0.0859999707521035,0.727456608315777,0.107851443164238,0.0874027565531231,0.169014786452197,0.219696005685425,0.0334850451178477,0.000519823097233008,0.0391926800946651,0.0274207071208603,1.07861211359658,0.145940263215956,0.269238163636519,0.0131092155047549,0.0802496719308617
22.4,0.119687250978856,0.178699328484637,1.88945829222849,0.790809246384016,0.790809246384016,15.2061084435451,0.0389833320205245,0.0859806638164343,0.736229598175762,0.107447676182186,0.0870627975884388,0.171560037496656,0.212783605413156,0.0359417486957505,0.000519301379193112,0.0389833320205245,0.0248151136217234,1.08200539685343,0.145730265542131,0.26612102529439,0.0140346233560701,0.08028546767726
22.5,0.124337696055657,0.183655430737335,1.90886451428017,0.807851756285635,0.807851756285635,15.6498244576986,0.0387880920962637,0.0859626665520391,0.744961911315551,0.107071598434499,0.086727420763795,0.174130845948245,0.206085604899259,0.0385243402402443,0.000520451589863961,0.0387880920962637,0.0224589804938945,1.08533149457803,0.145535711094668,0.262856084671443,0.0150088754730813,0.080326369010063
22.6,0.129418013009197,0.189051263572771,1.93628037738462,0.823352931696466,0.823352931696466,16.0750768759351,0.0386059250110181,0.0859458821510092,0.753626268623501,0.1067301252878,0.086398734778605,0.17672652343494,0.199608993158072,0.0412126824936873,0.000523408042044806,0.0386059250110181,0.0203253908683193,1.0885917648526,0.145355445399101,0.259442133803697,0.0160304459443689,0.080372948063339
22.7,0.134941457887946,0.194897765880039,1.9715146291615,0.837406248083997,0.837406248083997,16.480429252229,0.0384359883896759,0.0859302319805193,0.762189682501016,0.106431455400767,0.0860801655126842,0.179345890629231,0.193354526668011,0.043977372338872,0.000528315252168411,0.0384359883896759,0.0183946806281934,1.09178750160537,0.145187662648904,0.255886216159636,0.0170931818666097,0.0804258486316971
22.8,0.14091496622613,0.201198220910383,2.01425788144905,0.85009443280806,0.85009443280806,16.8647848471567,0.038277447406455,0.0859156380962683,0.770610322840836,0.106182574552921,0.0857750729904848,0.181987502853985,0.187324349313171,0.0467145828938181,0.000535219074578133,0.038277447406455,0.0166470472452623,1.09491998037935,0.145031519415536,0.252183720318623,0.0181969835181929,0.0804856959336859
22.9,0.147343980778532,0.207954290983962,2.06422003158235,0.8615265091017,0.8615265091017,17.2273408341977,0.0381295288325795,0.0859020283493617,0.778844261456371,0.105990541533145,0.0854872092240557,0.18464975185823,0.181518834959014,0.0493105961145995,0.000544162654068532,0.0381295288325795,0.0150648930934008,1.09799044906916,0.144885777210714,0.248335124981582,0.019338820297523,0.0805531725179744
23,0.154230081181173,0.215164569382471,2.12108232114112,0.871813172572793,0.871813172572793,17.5682362886425,0.037991571149685,0.0858893410789195,0.786842693911444,0.105860206933676,0.0852206375711846,0.187330299132229,0.175933451014099,0.0518019049097314,0.000555056913943622,0.037991571149685,0.013634119646734,1.1010001009202,0.144749477509354,0.244344115301811,0.020514189121698,0.080628903625762
23.1,0.161575961340684,0.222828173815059,2.18453888789729,0.881058073185708,0.881058073185708,17.8870903075178,0.0378628483734705,0.0858775085697301,0.794560125526156,0.105797323034999,0.0849791532155926,0.190027176502799,0.170566256662676,0.0541593291494584,0.000567886726423597,0.0378628483734705,0.0123385620638107,1.10395016110667,0.144622914676309,0.240225889695537,0.0217140689752695,0.0807131604311387
23.2,0.16935920633797,0.230915081044068,2.25419513525875,0.889364057616125,0.889364057616125,18.1847702842818,0.0377428060640789,0.0858664792093326,0.80194359914196,0.105802687921758,0.0847665221142494,0.192737229296344,0.165409639448653,0.0564513830312477,0.000582559531276632,0.0377428060640789,0.0111673837679071,1.1068417698507,0.144504617081866,0.235981384723728,0.0229343706099969,0.0808067808535596
23.3,0.177577809481286,0.23941997310873,2.32974250304969,0.896832283911279,0.896832283911279,18.461403978554,0.0376307942018095,0.0858561924114975,0.808944624979232,0.105879624895902,0.0845863713503686,0.195457948987606,0.16045950653708,0.0586774386384782,0.000599041643751273,0.0376307942018095,0.0101067507228076,1.10967611332503,0.144393819013062,0.231618380174518,0.0241681989782995,0.0809104155817411
23.4,0.18622950145769,0.248341223066006,2.4109353046932,0.903545774050785,0.903545774050785,18.7180485848147,0.0375263171932124,0.0858466020754651,0.815509944608959,0.106025236766068,0.0844414360773448,0.198185618672811,0.155708228463374,0.0608643463539299,0.000617316777025399,0.0375263171932124,0.00914743548063683,1.11245429565541,0.144289932282224,0.227147705765977,0.0254079313842157,0.0810245114385285
23.5,0.195303424514214,0.257665084919315,2.49747404044458,0.909593152208199,0.909593152208199,18.9556301310564,0.0374288555159388,0.0858376598568432,0.821586998019195,0.106237946242424,0.0843346649472413,0.200916730512133,0.151148548578963,0.0630438085823311,0.000637344247367389,0.0374288555159388,0.00827951618553844,1.11517743379513,0.144193110994817,0.222591165280007,0.026645282132016,0.0811483709981712
23.6,0.204778655807156,0.26736551235155,2.58909263758859,0.915038595672848,0.915038595672848,19.17498654535,0.0373379356765791,0.085829321711668,0.827126012913609,0.106512927954121,0.0842672822080192,0.203647260005107,0.146774577380126,0.065179205069083,0.000659130569994702,0.0373379356765791,0.00749414972107823,1.11784660778431,0.144102594604067,0.217958288324779,0.0278711128567303,0.0812829115302315
23.7,0.214635205528504,0.277419211634961,2.68550169539232,0.919949091494939,0.919949091494939,19.377361066729,0.0372531281145855,0.0858215477235724,0.832074525762366,0.106844200047721,0.0842408223509614,0.20637290373682,0.142578448654137,0.0672762237138194,0.000682666844874413,0.0372531281145855,0.0067839165885128,1.12046287907002,0.144018066264868,0.213265389100798,0.0290755880140466,0.0814284032338751
23.8,0.224785687259731,0.287718485250654,2.78581597902596,0.924378588540126,0.924378588540126,19.5636137348946,0.0371740153407539,0.0858142990871729,0.836389757999237,0.107225074189751,0.0842549714765331,0.209089156922345,0.138554366917291,0.0693339913805268,0.000707910935468379,0.0371740153407539,0.00614139085131161,1.1230272858657,0.143939287898343,0.208530446071744,0.030248133106386,0.081585076883973
23.9,0.235166959178437,0.298186970090093,2.88942973171726,0.928373595792539,0.928373595792539,19.7349596736675,0.0371002286114456,0.0858075415724261,0.840024688984357,0.10764653325008,0.0843093669029791,0.211791124689686,0.134695286959355,0.0713369233256989,0.000734853429749029,0.0371002286114456,0.00556065156739879,1.12554084308547,0.143865928289457,0.203775480325269,0.0313796725186901,0.0817522872923342
24,0.245785247555466,0.308845694310427,2.99564623793703,0.931961431880481,0.931961431880481,19.8923315112374,0.0370314097709624,0.0858012419268584,0.842952162836735,0.108100753520198,0.0844023924508329,0.214473893940085,0.130995139319458,0.073339195998226,0.000763480665669045,0.0370314097709624,0.00503581549036921,1.12800454741764,0.143797702191075,0.199024630994474,0.0324608186532658,0.0819291902380304
