T,PIF4m,PIF5m,PIF,phyB,PR,INT,IAA29m,ATHB2m,CDF1m,FKF1m,FKF1,CDF1,COm,CO,FTm,InducedC1,InducedC2,RepressedC1,PHYAm,phyAr,phyAfr,phyAmarker
0,1.00838044973912,1.03015191312293,11.3062598207947,0.931913341155582,0.931913341154498,19.8942837396688,0.158811192662786,0.262596170121695,0.917367323388116,0.0361111021700855,0.021373037790216,0.419772116056333,0.0379110914502048,0.0203309556893484,3.64883804376996e-05,0.158811192662786,0.0868448960968127,0.645290766589191,0.26323829302935,0.815222968674583,0.150260311696315,0.134289138914255
0.1,1.00838044992097,1.03015191329921,11.268030251615,0.935148944380591,0.935148944380174,20.0364678881104,0.150658578117699,0.250754411394758,0.905968369405168,0.0371813909988679,0.0223628796429696,0.419649857579291,0.0376229749064671,0.0212731349568487,3.86456583014363e-05,0.150658578117699,0.0795089634380531,0.657075908905684,0.255249893947315,0.765521885286267,0.149396701854445,0.136279968797938
0.2,1.00838045009774,1.03015191346889,11.2332343308268,0.938111542056042,0.938111542055977,20.1682366733525,0.142989065733759,0.239619337718536,0.89420771885723,0.0381508508963135,0.023326264467573,0.419438097076974,0.0373532531790548,0.0222470370065989,4.10224482906706e-05,0.142989065733759,0.072755601468033,0.668655247236588,0.247730892159617,0.717930173649444,0.14814138667155,0.138132979794495
0.3,1.00838045026903,1.03015191363156,11.2019720100513,0.940790511361609,0.94079051136163,20.2891620162509,0.135823583640682,0.229221446706173,0.882071808592105,0.039010064215202,0.0242591807099858,0.419131476525346,0.037102918976481,0.0232563018647147,4.36386652056596e-05,0.135823583640682,0.0666060911735959,0.680016685422324,0.240667395862102,0.672684543476519,0.146469584492814,0.139814112702069
0.4,1.00838045043356,1.03015191378616,11.1737749675487,0.943219035057124,0.943219035057206,20.4002226618276,0.129121716567576,0.219501082133274,0.869603924868763,0.039743576213258,0.0251497454222718,0.418730666132432,0.0368713609269781,0.0243078972628472,4.65282971159415e-05,0.129121716567576,0.0609933350771195,0.691162341005584,0.234072356708532,0.629730131857513,0.144384390111256,0.141334010015873
0.5,1.0083804505912,1.03015191393269,11.1484896724949,0.945409677031924,0.945409677032006,20.5017553287585,0.122870009509755,0.210438434210322,0.85682080564687,0.0403485837573498,0.0259942276821253,0.418236674187322,0.0366583207734854,0.0254028804356666,4.97052676834568e-05,0.122870009509755,0.055896650903041,0.702093734842843,0.227898219307289,0.589128889596343,0.141921713040228,0.142667877446253
0.6,1.0083804507414,1.03015191407082,11.1257872036832,0.947387310179423,0.947387310179483,20.5944541407921,0.11704055340185,0.201992335913634,0.843755669729114,0.0408157911371138,0.0267839098377224,0.417650498609121,0.0364633646284022,0.0265451459984533,5.31989417239297e-05,0.11704055340185,0.0512706045687277,0.712812439018666,0.222131240892226,0.55089871950869,0.139091930568774,0.143808549830378
0.7,1.00838045088359,1.03015191420024,11.1052819949116,0.949181041176845,0.949181041176886,20.6792771216782,0.111594955017539,0.194106297557888,0.830459033218805,0.041139731290071,0.027508685936963,0.416975677702644,0.0362857144237395,0.0277372273246676,5.70524545157429e-05,0.111594955017539,0.0470575686987098,0.723323372817832,0.216770944622482,0.51500669829556,0.135908575232303,0.144759418128011
0.8,1.00838045101785,1.03015191432107,11.0869460377905,0.950793159439644,0.950793159439668,20.7563251493231,0.106529150070797,0.186774357931856,0.816937760854391,0.0413211336430201,0.028167765620467,0.416212897411194,0.0361252673020264,0.0289792709346595,6.12730817253236e-05,0.106529150070797,0.0432521313950687,0.733627321470092,0.211742815981453,0.4813968267187,0.132488022129857,0.145498240253788
0.9,1.00838045114429,1.03015191443378,11.0704310566517,0.952250875790722,0.952250875790727,20.8266074359784,0.101802567179762,0.179936904183549,0.803252596557884,0.0413602088979609,0.0287517120486899,0.41536727397332,0.0359811148194324,0.0302736407656795,6.5920220136522e-05,0.101802567179762,0.039796431313695,0.743730548788338,0.207082638586218,0.450095996924629,0.128774385211694,0.146035697378331
1,1.00838045126258,1.03015191453815,11.0555314179131,0.953569676525118,0.953569676525123,20.8906067816552,0.0973958482604491,0.173565432195687,0.789428052353433,0.0412529955101019,0.0292551337397452,0.414440254012913,0.0358528914992554,0.0316219825335338,7.10146084911048e-05,0.0973958482604491,0.0366606560637695,0.753635138828601,0.202721733789589,0.420922593369571,0.124907461777489,0.146370825915348
1.1,1.00838045137275,1.03015191463435,11.0420802302747,0.954763659846789,0.954763659846805,20.9488491919531,0.0932877764414205,0.167628819530333,0.77550023656085,0.0410051705912787,0.0296745029534704,0.413435606490628,0.0357400764860523,0.0330238521207143,7.65994176737994e-05,0.0932877764414205,0.0338164837323811,0.763344972637032,0.19865976770343,0.39387573311133,0.120887931465849,0.146503621180268
1.2,1.00838045147499,1.03015191472262,11.029945866391,0.955844880846355,0.955844880846376,21.0018147254788,0.089458930543436,0.162098627216418,0.761506134735522,0.0406264580299667,0.0300076923742564,0.412357731287039,0.0356421451064579,0.0344776950607667,8.27236316499852e-05,0.089458930543436,0.0312398087319236,0.772864237957766,0.194896381502354,0.368925463512309,0.116722108066597,0.146439277461193
1.3,1.00838045156912,1.03015191480298,11.0188956677696,0.956831248129325,0.956831248129356,21.050115078865,0.0858847447333516,0.156938728156624,0.74748021915498,0.0401149877091191,0.0302485624734536,0.411209220698638,0.0355585836254457,0.0359851380343466,8.94195799226933e-05,0.0858847447333516,0.0288944457127437,0.782196243845935,0.191378819948572,0.345837994733235,0.112535526277339,0.146193956033006
1.4,1.00838045165584,1.0301519148762,11.0089082384709,0.95772449405559,0.957724494055627,21.0940235595487,0.0825531158616962,0.152131490151323,0.733452411483934,0.0394872431922496,0.0304002802699875,0.409994302406822,0.0354889712481069,0.0375433622352837,9.67465071734273e-05,0.0825531158616962,0.0267689357538666,0.791344706676207,0.188102763737804,0.3246085992709,0.108335689417868,0.145766396199571
1.5,1.00838045173538,1.03015191494263,10.9998540719379,0.958535072397802,0.958535072397837,21.1339937525687,0.0794453711053181,0.147649544027363,0.719456066844223,0.0387509793865539,0.0304611470075712,0.408716608794164,0.0354328265712958,0.0391515751892542,0.000104750775801746,0.0794453711053181,0.0248392265962121,0.800313295495128,0.185051689959173,0.305120187722039,0.104162266908908,0.145171214526136
1.6,1.00838045180786,1.03015191500253,10.9915804436148,0.959275340380461,0.959275340380484,21.1705144551099,0.0765415005556014,0.143463535440215,0.705524783403984,0.0379118227292365,0.0304285125290632,0.407379561028087,0.0353896587220543,0.0408094484421007,0.00011347587964338,0.0765415005556014,0.0230785768551852,0.80910563412722,0.18221115748716,0.28722648817577,0.100051202914366,0.144430563444819
1.7,1.00838045187428,1.03015191505688,10.9841625446221,0.959939918107553,0.959939918107567,21.2036196475971,0.0738369192273226,0.139566897553323,0.691674375748487,0.0369883850285781,0.0303119808688155,0.405986056820112,0.0353591802558284,0.0425129969603877,0.000122990295830118,0.0738369192273226,0.0214871234030728,0.81772469830208,0.179561782560756,0.270850514681596,0.0960472862114853,0.143548703512905
1.8,1.00838045193479,1.03015191510598,10.9774519154398,0.960540743386482,0.960540743386482,21.2337996937089,0.0713116935651512,0.135930397766128,0.677939530736136,0.0359872658019126,0.0301088620876326,0.40453974727285,0.035340893908219,0.0442617409259269,0.000133338278868021,0.0713116935651512,0.0200385834388729,0.826174200527574,0.177092579896354,0.255878185055611,0.0921638281223197,0.142545024292895
1.9,1.00838045198983,1.03015191515029,10.9713913246318,0.961083065341521,0.961083065341508,21.2613155145146,0.0689535476696339,0.132536101463283,0.664343872884596,0.0349201027009027,0.0298228217587934,0.403043625243008,0.0353344193068473,0.0460526652301479,0.000144575183560453,0.0689535476696339,0.0187194358107402,0.834457421112381,0.174792290326336,0.242195887195502,0.088415317372731,0.141438562072371
2,1.00838045203985,1.03015191519019,10.9659715225857,0.961569193954475,0.961569193954454,21.2862406011652,0.0667563876661661,0.129375181853672,0.650900019735728,0.0338013964569473,0.0294629359967798,0.401499796134478,0.0353394858417592,0.0478797163101224,0.000156764084228837,0.0667563876661661,0.0175259327952111,0.842577209982801,0.172643778488769,0.229700094621637,0.0848415039428061,0.140240773608868
2.1,1.00838045208527,1.03015191522619,10.9611102110151,0.962005913827828,0.962005913827807,21.308933792595,0.0647047080178922,0.126424946177083,0.637637346114198,0.0326412889804869,0.0290300437789472,0.399911716430509,0.0353556557980647,0.0497414664183923,0.000169956302815969,0.0647047080178922,0.0164394473680725,0.850537072289545,0.170641565530831,0.218312527569542,0.0814273241260916,0.138967350220471
2.2,1.00838045212634,1.03015191525846,10.9567487685175,0.962398583674019,0.962398583674002,21.3295360732904,0.0627907257066769,0.12367406717547,0.624566160452517,0.0314477235017559,0.0285311526542684,0.398281269531468,0.0353826456566214,0.0516330878551399,0.000184207725944084,0.0627907257066769,0.0154529878789234,0.858339939763653,0.168775200010778,0.207938701179098,0.0781816622502941,0.137633473989095
2.3,1.00838045216331,1.03015191528719,10.9528286223698,0.962752557950068,0.962752557950058,21.3481947689173,0.0610064205859228,0.121110868854923,0.611697470370206,0.0302288343068831,0.0279730933848323,0.396610397077239,0.0354201667981249,0.0535498488560685,0.000199574208710059,0.0610064205859228,0.0145592176683822,0.865988762509276,0.167031351803458,0.198474749291905,0.0751272664089708,0.136254032194544
2.4,1.00838045219658,1.03015191531281,10.9492919742476,0.96307312341703,0.963073123417034,21.3651580817358,0.0593400002277798,0.118718127470121,0.599053406276614,0.0289957950327512,0.0273598843759109,0.394901967192194,0.0354678494690003,0.0554885438160026,0.000216111104699835,0.0593400002277798,0.0137453116135688,0.873486782913327,0.165407451592286,0.189880268290362,0.0722375703575017,0.134836078792647
2.5,1.00838045222598,1.03015191533502,10.9461041768738,0.963362114064844,0.963362114064858,21.3804936098872,0.057787441165162,0.116490032275231,0.586632867075238,0.0277532414111414,0.0266991349337174,0.393156930074194,0.0355255366876135,0.0574384179917843,0.000233857020449101,0.057787441165162,0.0130091057226426,0.880836600134872,0.163893000487952,0.182063613741639,0.0695219516687914,0.133393848501257
2.6,1.0083804522518,1.03015191535408,10.9432089256105,0.963624574915206,0.963624574915228,21.3943954717595,0.0563390524190156,0.114412449072445,0.574451761705226,0.0265106322701842,0.0259962589278128,0.391377636959132,0.0355929074517795,0.0593950728275534,0.000252866205752015,0.0563390524190156,0.0123407824002768,0.888041290526005,0.16247841946614,0.174939442985799,0.0669857704451465,0.131940610623251
2.7,1.00838045227428,1.03015191537019,10.9405547894166,0.96386494250993,0.963864942509956,21.4070382821636,0.0549860070049072,0.112472512313195,0.56252351728993,0.0252767450678407,0.0252569671506552,0.389566221415124,0.035669666766843,0.0613529762797746,0.000273189546706994,0.0549860070049072,0.011731681654371,0.895103856015214,0.16116255427334,0.168496793741214,0.0646046828029164,0.13047462216342
2.8,1.00838045229334,1.03015191538326,10.9381894945375,0.964078313573412,0.964078313573437,21.4184387699188,0.0537260959142063,0.110667064724425,0.550846928765715,0.0240572578709052,0.024487759463652,0.387722989112326,0.0357557583012821,0.0632914440285938,0.000294813663030593,0.0537260959142063,0.0111816499794225,0.902026662508458,0.159935061365193,0.162641571410503,0.0623858924409793,0.129011256089015
2.9,1.0083804523092,1.03015191539346,10.9360504772043,0.96427007188388,0.964270071883897,21.4287813090041,0.0525501146290513,0.108982687752172,0.539435870214731,0.0228609371982279,0.0236944332003779,0.385850192120708,0.0358508699511403,0.0652063814841625,0.000317796517152532,0.0525501146290513,0.0106815740429924,0.908812754059135,0.158788539100428,0.157306295769539,0.0603265032657445,0.12756040578201
3,1.00838045232199,1.03015191540089,10.9341195519405,0.964441676936747,0.96444167693675,21.438180369011,0.0514516510632511,0.107410057568653,0.528297789055701,0.0216944694530149,0.0228828557647626,0.38394933384283,0.035954794803434,0.0670868017952894,0.000342158503864936,0.0514516510632511,0.0102258755029918,0.915464892113691,0.157721540122984,0.152485825041916,0.0584097496537674,0.126118347402693
3.1,1.00838045233172,1.03015191540557,10.9324503727052,0.964589381836483,0.964589381836475,21.446624209676,0.0504286940458209,0.105946296606145,0.517427814571721,0.0205567094545996,0.022057874514467,0.382020889781427,0.0360675083497175,0.0689094045146598,0.000367811964361578,0.0504286940458209,0.00981432393991039,0.921985328734809,0.156726610156888,0.148112127943965,0.0566328581153559,0.124695094706582
3.2,1.00838045233854,1.03015191540761,10.9310063682126,0.964715978546002,0.964715978545983,21.4542596013785,0.0494737051678344,0.104580431250645,0.506836546752185,0.0194563479372316,0.0212256179130527,0.380066626408644,0.0361887569943584,0.070666354199963,0.000394804947506232,0.0494737051678344,0.00943997232207939,0.928376955735116,0.155797323838084,0.14412794539549,0.0549906584794265,0.123298308367139
3.3,1.00838045234249,1.03015191540704,10.9297790834398,0.964822527892242,0.964822527892213,21.4611547316781,0.0485819301390866,0.103305563628852,0.496526288449324,0.0183963619161019,0.0203910417736862,0.378087763095319,0.0363184085085458,0.0723414000738707,0.000423093839166513,0.0485819301390866,0.00909917018969226,0.934642320666909,0.154931873618632,0.14052610499992,0.0534715826202061,0.121925286399874
3.4,1.00838045234353,1.03015191540377,10.9287577167316,0.964911076748603,0.964911076748571,21.467304212766,0.0477512972259617,0.102118719006008,0.486490491301805,0.0173729334548126,0.0195570763224536,0.376085167308672,0.0364564577492459,0.0739091206187509,0.000452507120287856,0.0477512972259617,0.00879129622924326,0.940783601991334,0.154125296891745,0.137265102984238,0.0520681573923665,0.120580394402268
3.5,1.00838045234176,1.0301519153979,10.9279349472138,0.964982209376972,0.964982209376945,21.4728117918333,0.0469757556347298,0.101011103420961,0.476735736032318,0.0163923236292608,0.0187296563568235,0.374060228497697,0.0366027110659579,0.0753576973578565,0.000483062994327532,0.0469757556347298,0.00851123596750211,0.946803525645732,0.153372009197067,0.134296668953919,0.0507737167601572,0.119269390973105
3.6,1.00838045233714,1.03015191538937,10.9272838384981,0.96503836163371,0.965038361633695,21.4777226250072,0.0462518552545158,0.0999777236229721,0.467260454406301,0.0154547106650716,0.017912039493393,0.37201409111092,0.0367571073428549,0.0766648349050269,0.00051461116917677,0.0462518552545158,0.00825667991489482,0.952704431567102,0.152669966112429,0.13161079888799,0.0495801505180769,0.117990774668599
3.7,1.00838045232957,1.03015191537802,10.9267587588537,0.965083344748721,0.965083344748718,21.4820599264775,0.0455774169402238,0.0990154423725698,0.458059322748117,0.0145575652023672,0.0171058002328924,0.369947830379327,0.0369196551343355,0.0778022845818704,0.000546895634780037,0.0455774169402238,0.00802662020133676,0.958488456252106,0.152016013007379,0.129185508278903,0.0484795482809966,0.116745267083515
3.8,1.0083804523191,1.0301519153639,10.9263527519851,0.965118124688712,0.965118124688725,21.4858923021651,0.044947632274025,0.0981172828620525,0.449134786339398,0.013703959118418,0.0163159949720466,0.367862664725637,0.0370902188665869,0.078754113406605,0.000579879081946457,0.044947632274025,0.00781735627005668,0.964158157058564,0.151405378160102,0.126981362252739,0.0474642907152982,0.115536827814426
3.9,1.00838045230552,1.03015191534675,10.9260538136958,0.965142892766393,0.965142892766421,21.4892526187217,0.0443603288292301,0.0972801138802254,0.440483227729343,0.0128929191256026,0.0155436446752799,0.365759691542133,0.037268822746313,0.0794920927353228,0.000613225421175216,0.0443603288292301,0.00762772254558977,0.969715623313424,0.150835928665121,0.124986795716933,0.0465282222262966,0.114364657313159
4,1.00838045228863,1.03015191532633,10.9258495753333,0.965157913197601,0.965157913197638,21.4921745141538,0.043813266742474,0.0965007058891927,0.432101159308585,0.0121235524408136,0.0147898815166373,0.36364001098773,0.0374554866688592,0.0799883077307967,0.000646607370486398,0.043813266742474,0.00745649100870386,0.975162956991893,0.150305721237067,0.123192224699965,0.04566536130407,0.113227632698061
4.1,1.00838045226843,1.03015191530263,10.9257179604685,0.965165392070835,0.965165392070876,21.494712172535,0.0433024098840897,0.095773210287506,0.423988551968442,0.0113971106266444,0.0140587998875551,0.361504796914349,0.037650115690747,0.0802232022175796,0.000679932248031068,0.0433024098840897,0.00730077036667927,0.98050259697255,0.149810737444219,0.121566384428139,0.0448678213065917,0.112128169553337
4.2,1.00838045224479,1.03015191527549,10.9256626058364,0.965164686045901,0.96516468604594,21.4968960389382,0.0428251791843273,0.0950939015158812,0.416142947478754,0.0107132812718273,0.013352096701259,0.359355180268017,0.037852714039792,0.0801736281628364,0.000712900683102249,0.0428251791843273,0.00715899024140089,0.98573668938025,0.149349244184483,0.12010102663804,0.0441310758727975,0.111065290320167
4.3,1.00838045221738,1.03015191524457,10.9257599123772,0.965148442523855,0.965148442523887,21.4987074922502,0.0423811703930225,0.0944622201129668,0.408558987169745,0.0100697557205156,0.0126679006971736,0.357192260472413,0.0380634455687573,0.0798172219678345,0.000744873206160387,0.0423811703930225,0.00703149737744405,0.990866905842044,0.148920292039731,0.118795607371119,0.0434520275251449,0.110036964243197
4.4,1.00838045218615,1.0301519152098,10.9259732963916,0.965119726709076,0.965119726709094,21.5002040988914,0.0419666023083156,0.0938726904579964,0.401235816030034,0.00946732498616833,0.0120098810975514,0.355017185897552,0.0382822262727261,0.0791304020035782,0.000775738436219525,0.0419666023083156,0.00691566170661175,0.995895654761575,0.148520050633335,0.117621260304733,0.0428223259618503,0.109045032300634
4.5,1.00838045215097,1.03015191517101,10.9263062235998,0.965077911029852,0.965077911029848,21.501416419253,0.0415788907490716,0.093321579550542,0.394170982646238,0.0089056813492058,0.0113797432017437,0.352831087563546,0.0385090600043543,0.0780900183936108,0.000805197801892365,0.0415788907490716,0.00680990834505774,1.00082508337889,0.148145928042149,0.116561294206754,0.0422358789415937,0.108089671107272
4.6,1.00838045211139,1.03015191512778,10.9268402360733,0.965017138917349,0.965017138917328,21.502272792075,0.0412181739523069,0.0928091103771056,0.387359464402738,0.00838218547155714,0.0107750075420369,0.350635150484097,0.0387441859791291,0.0767214177105085,0.000832670594934811,0.0412181739523069,0.00671497561325678,1.00565663482651,0.147797137865808,0.115616206758657,0.0416901685566388,0.107169074360412
4.7,1.0083804520673,1.03015191507995,10.9275716966656,0.964937258499208,0.964937258499172,21.5028130771941,0.0408816200694032,0.0923311900478988,0.380799043797019,0.00789674174877375,0.0101977601200366,0.348430500767341,0.0389875866379628,0.0749970381936699,0.000857883910892914,0.0408816200694032,0.00662907818743001,1.01039252039949,0.147473033682166,0.114787828260661,0.0411829540094871,0.106281282026114
4.8,1.00838045201851,1.03015191502732,10.9285156861337,0.964836864311397,0.964836864311349,21.5030526279863,0.0405670499200552,0.0918846740753154,0.374486886910522,0.00744869559779988,0.00964908368777123,0.346218277465753,0.0392393008472881,0.0729009445461006,0.000880497206259497,0.0405670499200552,0.00655098530782105,1.01503478259126,0.147170404219306,0.114053571164803,0.0407069169545864,0.105427150919683
4.9,1.00838045196459,1.03015191496942,10.9296698633243,0.964716960291239,0.964716960291187,21.5029687781057,0.040273406103839,0.0914680458135743,0.368418840672297,0.00703630699495462,0.00912840079884471,0.343999693915925,0.0394994842386696,0.0704715038519099,0.00090025660074761,0.040273406103839,0.00648035590906949,1.01958513117004,0.146887234000596,0.113402232117284,0.0402571063226696,0.104606224572859
5,1.00838045190509,1.03015191490576,10.9310305058458,0.964578722529,0.964578722528954,21.5025367706091,0.039999693898826,0.091079879552804,0.362590676169535,0.00665777424316198,0.00863504177216047,0.341775968032897,0.0397682991305003,0.0677503994999005,0.000916914724890395,0.039999693898826,0.00641689811483918,1.02404525696306,0.146623367075657,0.112839424456516,0.039832520521325,0.103816526893594
5.1,1.00838045183976,1.03015191483609,10.9326135367566,0.964420878572031,0.964420878572006,21.5017615832606,0.0397440271026242,0.0907174561955603,0.356999243193325,0.00631217283020529,0.00816964878699292,0.339548252612111,0.0400458127339598,0.0647321468534473,0.000930131605387485,0.0397440271026242,0.00635962042998243,1.02841712019665,0.146378119679547,0.112365988211063,0.0394310369245556,0.103056513125273
5.2,1.0083804517686,1.03015191476053,10.9343496198192,0.964248271945866,0.964248271945859,21.5006464123486,0.039505850972662,0.0903799862041878,0.351647276927383,0.00600051368626955,0.00773131966619735,0.337317443765309,0.0403322490177029,0.0615321208362041,0.000940220763862309,0.039505850972662,0.00630841230087325,1.03270221361529,0.146149063995179,0.111966991011428,0.0390468286867517,0.102326063768455
5.3,1.0083804516913,1.03015191467872,10.9362475715151,0.964060568845971,0.964060568845985,21.4991839865299,0.0392836315570779,0.0900652615626419,0.346531113,0.00572148762647114,0.00732017336637459,0.335084724170422,0.0406277126000419,0.0581628829623038,0.000946872774331776,0.0392836315570779,0.00626256059597061,1.03690239176159,0.145934689136041,0.111635792782604,0.0386760164454797,0.101624309998698
5.4,1.00838045160771,1.03015191459057,10.9383113837583,0.963856503488725,0.963856503488757,21.4973721425862,0.0390762793558988,0.0897717175814914,0.341649191432044,0.00547434967144396,0.00693596500972379,0.33285122273478,0.0409323674527828,0.0546819396014104,0.000950158039216487,0.0390762793558988,0.00622160832671792,1.04101933052054,0.145735107241338,0.111379501834736,0.0383183021820301,0.100949632856075
5.5,1.00838045151792,1.03015191449624,10.9405754567635,0.963630404357507,0.963630404357545,21.4952131694657,0.038883057548903,0.0894982994977992,0.337000728114344,0.00525825643772374,0.00657827232421278,0.33061811093027,0.0412464304341618,0.0511805391068185,0.000950556807688261,0.038883057548903,0.00618528236518969,1.04505454787683,0.145549515102029,0.111197472712816,0.0379713680842513,0.100300836439388
5.6,1.00838045142169,1.03015191439551,10.9430272067473,0.96338331926924,0.963383319269271,21.4927027907181,0.0387027113833339,0.089243203727612,0.332583860299635,0.00507254618026718,0.00624692598507852,0.328386491925749,0.0415700403418319,0.047700508288181,0.000947940070576868,0.0387027113833339,0.00615304089086384,1.04900979479847,0.145376196080488,0.111081322457846,0.0376308807824529,0.0996771470189362
5.7,1.00838045131835,1.03015191428758,10.9457683314138,0.963106055138694,0.963106055138712,21.4898024805259,0.038534567714827,0.0890054659374036,0.328396728092558,0.00491581641261012,0.00594142306400327,0.326157594139638,0.0419034214194338,0.0442983268304912,0.000942789416655382,0.038534567714827,0.00612470370527165,1.05288653406689,0.145214019986582,0.11102763581153,0.0372938009530107,0.0990775198187437
5.8,1.00838045120746,1.03015191417194,10.9488568914294,0.962792959500243,0.962792959500245,21.4864898333395,0.0383777724071943,0.0887838608399356,0.324437629290923,0.00478696560284036,0.00566137095105094,0.323932600642482,0.0422467716107354,0.0410312747027379,0.000935406075541926,0.0383777724071943,0.00609997021583152,1.05668632163037,0.145063188127387,0.111043849510193,0.0369597285635005,0.0985007970874944
5.9,1.00838045108876,1.03015191404834,10.9523174604213,0.962441380926091,0.962441380926072,21.4827494682996,0.0382313692623299,0.0885770158733405,0.320705087115948,0.00468510967442842,0.0054064266813856,0.321712658651252,0.042600271242852,0.0379520167802536,0.00092596404347357,0.0382313692623299,0.0060784757007082,1.06041076340283,0.144922853005077,0.111128852299912,0.0366261846424434,0.0979459100632366
6,1.00838045096152,1.03015191391598,10.9562171301627,0.962048396654343,0.962048396654313,21.478490459084,0.0380949906893917,0.0883844057640128,0.317198639813506,0.0046089202393393,0.00517574789272391,0.319498947774405,0.0429641549884346,0.0350539065874512,0.000914938125074285,0.0380949906893917,0.00606028907624023,1.0640611335259,0.144791817714423,0.111278685179708,0.0362899976236805,0.0974118196306601
6.1,1.00838045082539,1.0301519137745,10.9605978677473,0.961609548385318,0.961609548385287,21.4736984469978,0.0379677013224183,0.0882046881556921,0.313916602293987,0.00455741206522752,0.00496899642549236,0.317292634772161,0.0433386100830299,0.0323965749546195,0.000902558639774447,0.0379677013224183,0.00604505423785926,1.06763903077235,0.144669225651298,0.111492162677308,0.0359486704852414,0.0968974578004676
6.2,1.00838045068036,1.03015191362399,10.9654780626782,0.961123566398224,0.961123566398202,21.4683243928383,0.0378488888803407,0.0880369856598633,0.310861915155418,0.00453082800771919,0.0047856703672018,0.315094787111966,0.0437237827485928,0.02999389753219,0.000889111067696739,0.0378488888803407,0.00603264122739206,1.07114586202363,0.14455589932908,0.111781849550294,0.0356023934467957,0.0964021975945511
6.3,1.00838045052689,1.03015191346517,10.9708411135965,0.960592235772122,0.960592235772112,21.4623063858708,0.0377381104729842,0.0878806646775635,0.308042292052991,0.00453090522941118,0.00462525553506656,0.31290635650891,0.0441197570709697,0.0278309565557279,0.0008748596444627,0.0377381104729842,0.00602302926934037,1.0745829292736,0.144450665956562,0.112143971082334,0.0352481634639631,0.0959248879787761
6.4,1.00838045036448,1.03015191329749,10.9767242013533,0.96001113279771,0.960011132797714,21.4555997819884,0.037634763717069,0.0877348619586706,0.305457367076454,0.00455633802291757,0.00448729322244388,0.310728540507462,0.0445266983357095,0.0259101581663454,0.000860034815054684,0.037634763717069,0.00601608438968835,1.07795162495377,0.144352520364306,0.112576125205429,0.0348832457524426,0.095464421943965
6.5,1.00838045019245,1.03015191312012,10.9831570111644,0.959374417597181,0.959374417597191,21.4481537357497,0.0375384205119199,0.087598964936942,0.303106780003305,0.00460512009033479,0.00437137218902036,0.30856260476917,0.044944738946039,0.02419089387136,0.000844771570971216,0.0375384205119199,0.00601177072788536,1.08125322219479,0.1442607708702,0.113078476987462,0.0345054072296874,0.0950197748167018
6.6,1.00838045001087,1.03015191293325,10.9901959642141,0.958676696242038,0.958676696242048,21.4399096323,0.0374485687967787,0.0874722399171448,0.300993731511836,0.00467696866553679,0.00427701162978323,0.306409675685912,0.0453739572492839,0.022667544515067,0.000829259469817443,0.0374485687967787,0.00601001955818732,1.08448904642043,0.144174725792134,0.113651191496315,0.0341124148131506,0.0945899219235704
6.7,1.00838044982006,1.03015191273734,10.9979600698905,0.957906483340752,0.957906483340758,21.43079420244,0.0373648156267515,0.0873541237879535,0.299122205848278,0.00477108248179381,0.00420374861677431,0.304270945157292,0.0458143261636603,0.0213147017379323,0.000813560553659212,0.0373648156267515,0.00601083817713721,1.08766032115898,0.144094226975088,0.114298607178347,0.0337030068227964,0.0941740612723406
6.8,1.00838044961984,1.03015191253225,11.0065112280004,0.957058107775634,0.957058107775632,21.420736890539,0.0372867130126827,0.0872439744764753,0.297494390640573,0.00488647211732114,0.0041510760173572,0.302147608437349,0.0462658918305787,0.0201162852726608,0.000797813176082014,0.0372867130126827,0.00601420637414017,1.09076831550458,0.144020414124307,0.115035214657988,0.0332782846164318,0.0937719325659741
6.9,1.00838044941025,1.030151912318,11.0159636559835,0.95612345509898,0.956123455098975,21.4096328420234,0.0372139233045517,0.0871413070347755,0.296113268280339,0.00502178096017714,0.00411839240438265,0.300040922180854,0.0467285606716154,0.0190530475217306,0.000782046961361289,0.0372139233045517,0.0060202039478959,1.09381418743005,0.143951565968846,0.115853125309283,0.0328341405203457,0.093382081405808
7,1.00838044919135,1.03015191209474,11.0263915649455,0.955095474326014,0.955095474326008,21.3973987209133,0.0371460504947875,0.0870455534403378,0.294981669308847,0.00517568422770837,0.00410511096531502,0.297952107727023,0.0472022955186175,0.0181082931390967,0.000766356113525748,0.0371460504947875,0.00602885567522033,1.09679915272257,0.143887187045392,0.116754039071209,0.0323686987111384,0.0930035650153636
7.1,1.00838044896346,1.03015191186288,11.0378692890719,0.953967701987509,0.953967701987505,21.3839127441907,0.0370828112390007,0.086956305715121,0.294102762050833,0.00534580969334668,0.00411039422230628,0.295882469213839,0.0476868783726578,0.0172702463038148,0.000750757754708105,0.0370828112390007,0.00604030109019088,1.09972430369745,0.143826781890634,0.117739655882743,0.0318800833654101,0.0926354406181621
7.2,1.00838044872671,1.03015191162257,11.0504917621531,0.952731396067677,0.952731396067676,21.3690699305365,0.0370238709770814,0.0868730829015071,0.29348021271297,0.00553107738740282,0.00413354429642517,0.293833251592338,0.048182153592271,0.0165248928015978,0.000735308669262411,0.0370238709770814,0.00605463312028344,1.10259078267531,0.143769855041259,0.11881167568286,0.0313664186597611,0.0922767654377248
7.3,1.00838044848138,1.03015191137414,11.0643692247796,0.951375248007908,0.951375248007909,21.3527258840074,0.0369690097723467,0.0867955662987643,0.293119367529079,0.00573065504878806,0.00417358326128774,0.291805745423867,0.0486877164096352,0.0158666291171669,0.00072001306971729,0.0369690097723467,0.00607207567809629,1.10539958983329,0.143717356056856,0.119977494273262,0.0308319479464964,0.0919278544170459
7.4,1.00838044822762,1.03015191111777,11.0795832416434,0.949892299795959,0.94989229979596,21.3347828557404,0.0369178729481162,0.0867232466600014,0.293023111765193,0.00594287303266835,0.00422985675354243,0.289801202763602,0.0492034739654062,0.0152793733048295,0.000704930670564969,0.0369178729481162,0.00609269406232758,1.10815189769698,0.143668910546059,0.121239288823557,0.0302753081003333,0.0915878701582852
7.5,1.00838044796581,1.03015191085392,11.0962860554786,0.948269051324984,0.948269051324986,21.3150773426852,0.0368702558067529,0.0866558257445042,0.293193441575851,0.00616504188738639,0.00430122572742202,0.287821018366536,0.0497290175766039,0.0147558669405032,0.000690067794163436,0.0368702558067529,0.00611676688847436,1.11084866517423,0.143623692916548,0.122597457999563,0.0296932253148998,0.0912555825471766
7.6,1.00838044769638,1.03015191058304,11.1146315436795,0.946491866582319,0.94649186658232,21.2934445023236,0.0368259564484771,0.0865930092389798,0.293632306931685,0.00639443721485906,0.00438654107964788,0.285866590464128,0.0502639329243825,0.0142889930363604,0.000675429835255694,0.0368259564484771,0.0061445770513438,1.11349084701024,0.143581378246357,0.124054373964964,0.0290845459508256,0.0909301972430703
7.7,1.00838044741952,1.03015191030538,11.134717136747,0.944551802554701,0.944551802554699,21.2697657456599,0.0367846763599593,0.0865343672113267,0.29434325259182,0.00662954136117444,0.00448500100550102,0.283939197241187,0.050808000303439,0.0138667506322503,0.000661054220300415,0.0367846763599593,0.00617625967576526,1.11607954169253,0.143541641613521,0.125612408883442,0.0284481163687404,0.0906109199053161
7.8,1.00838044713592,1.03015191002164,11.1567787118165,0.942430448928782,0.942430448928779,21.243794505017,0.0367463180591736,0.0864797490336666,0.295325235140204,0.00686586446774628,0.00459467685980349,0.282040363456586,0.0513605726902254,0.0134890488632068,0.000646922841791153,0.0367463180591736,0.00621236253254562,1.11861549732686,0.143504323022236,0.12727242398512,0.0277845612817187,0.0902972931680319
7.9,1.00838044684594,1.03015190973225,11.1809610490523,0.940115347246252,0.940115347246247,21.2153703961952,0.0367106566681693,0.0864288275422355,0.296580322074128,0.00710087405666058,0.00471441881341508,0.280171458127319,0.0519212774401258,0.0131479694423062,0.000633051004576479,0.0367106566681693,0.00625315505277717,1.1210996922726,0.143470421517084,0.129024662215167,0.0271070030092849,0.0899912277999781
8,1.00838044654997,1.03015190943762,11.2074191611873,0.937593424415343,0.937593424415336,21.1843220658905,0.0366774793188811,0.0863812918214219,0.298110030729047,0.00733207340774385,0.00484299216671277,0.278333857528331,0.052489735627417,0.0128360070567771,0.000619451757900264,0.0366774793188811,0.00629894771966717,1.12353307673226,0.143438910847015,0.130877920804206,0.0264067256778296,0.0896904965150083
8.1,1.00838044624873,1.03015190913846,11.236443597348,0.934843392419015,0.934843392419007,21.1503346308404,0.0366467353670972,0.0863370510704988,0.299908865766002,0.00755708980316162,0.00497803448945714,0.276529048070662,0.0530654515662511,0.0125517641965881,0.000606106226009542,0.0366467353670972,0.00635058138921715,1.1259162310904,0.143409583824384,0.132833493319712,0.0256838451440451,0.089394545525543
8.2,1.0083804459426,1.03015190883521,11.2681813578034,0.931852599630725,0.931852599630716,21.1132467563683,0.0366182050922517,0.0862957856242874,0.301978998004761,0.00777311493063169,0.00511837464205309,0.274758411701952,0.0536480240254266,0.0122879294415599,0.000593027563040203,0.0366182050922517,0.0064083235411628,1.12825013014171,0.143382233261546,0.134892673329159,0.0249384772646241,0.0891028210440026
8.3,1.00838044563211,1.0301519085284,11.302868647272,0.928603485368151,0.928603485368141,21.0728068442969,0.0365917589246297,0.0862572957899138,0.30431640058291,0.00797777203656392,0.00526228456202182,0.273023374588676,0.0542371192393239,0.0120396199430366,0.00058021401432729,0.0365917589246297,0.0064728265606371,1.13053550791762,0.143356651970854,0.137056754400019,0.024170737896259,0.0888147692828076
8.4,1.00838044531789,1.03015190821863,11.3408209252051,0.925074530603731,0.92507453060372,21.0286876406616,0.0365673342531326,0.0862214688710708,0.306910277560693,0.00816920946512729,0.00540770287266698,0.271325383956713,0.0548325744901929,0.0118030128181725,0.000567654978519484,0.0365673342531326,0.00654510999075054,1.1327728883557,0.143333045889489,0.139312508660564,0.0233892621244522,0.0885314185991137
8.5,1.00838044500041,1.03015190790642,11.3822262664418,0.921250578482319,0.921250578482308,20.9806834915945,0.0365447608453611,0.0861880523435376,0.30976071280659,0.00834473158092974,0.00555310392684378,0.269665853183563,0.0554339521383225,0.0115725815213969,0.000555354073374846,0.0365447608453611,0.0066256032486355,1.13496313307336,0.143311465331836,0.141652178418695,0.0225994758685034,0.0882532013612231
8.6,1.00838044468031,1.03015190759239,11.4274410195867,0.917109950277197,0.917109950277186,20.9284496850441,0.0365239823454641,0.0861569345273375,0.312858041802227,0.00850215489232766,0.00569664010440511,0.268046067131483,0.0560409900436074,0.0113504771566884,0.000543304516738908,0.0365239823454641,0.0067156373330105,1.13710665183068,0.143291569776749,0.144081743947092,0.0217987454563935,0.0879790531540718
8.7,1.00838044435822,1.03015190727717,11.4767891734373,0.912632094884094,0.912632094884084,20.8716668000029,0.0365049224006019,0.0861279796067555,0.316194163827585,0.00863923794358991,0.00583649976948708,0.266467347023228,0.0566534049338904,0.0111370095068028,0.000531500962779206,0.0365049224006019,0.0068163616600205,1.13920394167095,0.143273240135229,0.146599402124179,0.0209890034657478,0.0877087575815888
8.8,1.00838044403465,1.03015190696128,11.530497304901,0.907799855651449,0.907799855651441,20.8100915484398,0.0364874444615175,0.086100979110888,0.319765685624399,0.00875356479119132,0.00597097960878329,0.264931123536613,0.0572708499237443,0.0109269454728288,0.000519942389386262,0.0364874444615175,0.00692837903248448,1.14125576238377,0.143256371656726,0.149202365623703,0.0201724801409048,0.0874421770812045
8.9,1.00838044371026,1.03015190664538,11.5889291372824,0.902593585671656,0.902593585671651,20.7433909331602,0.0364714887319695,0.086075811483045,0.323564360919189,0.00884382242630263,0.00609844305264805,0.263438594580449,0.0578930308923916,0.0107198569308886,0.000508624019915338,0.0364714887319695,0.0070532145079185,1.14326247208773,0.143241225932981,0.151862701040596,0.0193590110046844,0.0871811882582241
9,1.00838044338579,1.0301519063302,11.652582834765,0.896992424144816,0.896992424144813,20.6711533894181,0.0364570663663315,0.0860524321210477,0.327578137703002,0.00891023868031695,0.00621743651929034,0.261990687705763,0.0585196857127407,0.0105184179773385,0.000497538648106052,0.0364570663663315,0.00719337906910781,1.1452240181302,0.143227529064464,0.154589231593383,0.0185473147628273,0.0869247235606957
9.1,1.00838044306179,1.03015190601631,11.7216953509584,0.890977868791039,0.890977868791038,20.5931200045129,0.0364440506661824,0.086030646904712,0.331802358282918,0.00895004762438206,0.00632615089247977,0.260588855752556,0.0591504900958848,0.0103192752804639,0.000486683788295665,0.0364440506661824,0.0073494681051032,1.14714114596244,0.143215205061536,0.15737719577994,0.0177402187371487,0.0866728035549434
9.2,1.00838044273889,1.03015190570432,11.7966261779407,0.884530906060164,0.884530906060164,20.5089669552896,0.0364323788607267,0.0860103287287485,0.336228965094131,0.00896204705975321,0.00642302500515319,0.259234298161171,0.059785165119388,0.0101213142272402,0.000476054996902441,0.0364323788607267,0.00752305537189641,1.1490142059529,0.143204177934557,0.160221832098142,0.0169405502494638,0.0864254488072911
9.3,1.00838044241789,1.03015190539501,11.8780503833575,0.877637122014915,0.877637122014917,20.41826986981,0.0364221454416364,0.0859914919913697,0.340841830055101,0.00895064550580165,0.00650794305077765,0.257927492426506,0.0604237097873021,0.00992333194054414,0.000465645338852437,0.0364221454416364,0.0077190267947295,1.15084232544783,0.143194529663876,0.163110177359171,0.0161509697933273,0.0861831754368839
9.4,1.00838044209937,1.03015190508897,11.9662344318474,0.870276147201022,0.870276147201024,20.3207345653497,0.0364132412792523,0.0859739678739541,0.345635274680978,0.00891298679942604,0.00657891778941484,0.25666985080873,0.0610657632481949,0.00972423982642207,0.000455451105022361,0.0364132412792523,0.00793797974657699,1.15262621534623,0.14318631939481,0.166030453952474,0.0153741619778161,0.0859464279292291
9.5,1.00838044178399,1.03015190478684,12.0615809869816,0.862429597306382,0.862429597306383,20.2160234634395,0.0364056251166611,0.08595764862923,0.350600137340938,0.00884863630155578,0.00663458578278334,0.25546247398432,0.0617110846006396,0.0095229111971092,0.000445467510988378,0.0364056251166611,0.00818194109611567,1.15436605870419,0.143179405024563,0.168981332922712,0.0146130239452388,0.0857150194532813
9.6,1.00838044147246,1.0301519044893,12.1647809604501,0.85409518608093,0.854095186080931,20.103823474578,0.0363994194957788,0.0859425332020867,0.355727457836099,0.0087618887010943,0.0066758516330009,0.254305573328497,0.0623593937591504,0.00932275329588084,0.000435689858827931,0.0363994194957788,0.00845791079340689,1.15606035798604,0.143173748095399,0.171956104138777,0.0138703433808825,0.0854890883131698
9.7,1.00838044116546,1.03015190419701,12.2762653272279,0.845256110345983,0.845256110345983,19.9837994255744,0.0363945992478274,0.0859285243244358,0.361008094320054,0.00865277386820717,0.00670157466614485,0.253200162171577,0.0630104459736865,0.00912308475254293,0.000426113372613243,0.0363945992478274,0.00876840415754748,1.15770913118204,0.143169310149579,0.174948057469559,0.0131489079700345,0.0852687728130238
9.8,1.00838044086363,1.03015190391062,12.396468817884,0.835895776665009,0.835895776665009,19.8556164623055,0.0363911413381691,0.0859155261182846,0.366432907570861,0.0085213832916227,0.00671064375866209,0.252147242257141,0.0636639959836771,0.0089232832696313,0.000416733277543562,0.0363911413381691,0.00911600130206781,1.15931237438599,0.143166566218243,0.17794542181165,0.0124449771161511,0.0850542770321086
9.9,1.00838044056763,1.03015190363073,12.5260665459392,0.826015106924381,0.826015106924381,19.7190523015542,0.0363891786989726,0.0859035117264588,0.371996308431621,0.00837042055481732,0.00670389264843337,0.251147079781116,0.0643196323845105,0.00872394176496386,0.00040754574670809,0.0363891786989726,0.00950914747251932,1.16086819244057,0.143165272922865,0.180943506743551,0.0117639437812888,0.0848457130253138
10,1.00838044027813,1.03015190335798,12.6657190867673,0.815613919698666,0.815613919698665,19.5738768606766,0.0363888346213355,0.085892450332117,0.377692456659698,0.00820244559133982,0.00668203687498183,0.250199985359287,0.0649769552555166,0.00852560726180034,0.000398546886448039,0.0363888346213355,0.00995591471753876,1.16237480983768,0.143165446409986,0.183935063951644,0.0111079014349009,0.0846432260912799
10.1,1.00838043999577,1.03015190309302,12.8158803921881,0.804676352732908,0.804676352732907,19.419749207603,0.0363900953725405,0.0858822548416068,0.383511943454044,0.00801797670877168,0.00664411208254553,0.249306900925161,0.0656357278916514,0.00832817450655483,0.00038973185444821,0.0363900953725405,0.0104590710210517,1.16383215158466,0.143167103901211,0.186912834526395,0.0104789298784918,0.0844469616663577
10.2,1.00838043972119,1.03015190283643,12.9771521263872,0.793208380710232,0.793208380710231,19.2564998029963,0.0363931128477409,0.0858728896081939,0.389449161404705,0.00781894431738524,0.00659066452730248,0.248468179931495,0.0662955333701924,0.00813234099078864,0.000381097086559031,0.0363931128477409,0.0110282367112885,1.16523796560879,0.143170625235028,0.189872501612679,0.00987528928613268,0.0842568086252891
10.3,1.00838043945492,1.03015190258869,13.1502469888942,0.781246748904141,0.781246748904146,19.0842124248482,0.0363982548609004,0.0858643728084978,0.395503049588866,0.00760827623491998,0.00652379433134455,0.247683548182249,0.0669557334675055,0.00793986212334365,0.00037264078993798,0.0363982548609004,0.0116823174644069,1.16658706457833,0.143176439979699,0.192810151832717,0.00929471600298712,0.0840726206576079
10.4,1.00838043919764,1.03015190235046,13.3356845815635,0.768774690532827,0.768774690532839,18.9025303158622,0.0364055137291469,0.0858566290168296,0.401664640447273,0.00738716572274534,0.00644289934301112,0.246953823003411,0.0676160748166161,0.00775065352619588,0.000364358091324525,0.0364055137291469,0.0124240711334075,1.16787936576763,0.143184371610265,0.195716954334356,0.00874133066132881,0.0838946802807896
10.5,1.00838043894996,1.03015190212232,13.5340682887103,0.755796229274534,0.755796229274557,18.7112759932123,0.0364150375475508,0.0858496200307775,0.407927977197386,0.0071574412769345,0.00634842254712502,0.246279395355976,0.0682761621384507,0.0075651676184582,0.000356245297365377,0.0364150375475508,0.0132629709737549,1.16911266453986,0.143194534263557,0.198586436519674,0.00821619220546878,0.0837230643609465
10.6,1.00838043871217,1.03015190190448,13.7463736214385,0.742352031614818,0.74235203161485,18.5107959476995,0.0364275023798666,0.0858433952114338,0.414290843873707,0.0069210600626838,0.00624252728835253,0.245659846122463,0.0689355450779811,0.00738024221441511,0.000348300361398091,0.0364275023798666,0.0142316425705404,1.17027746324867,0.143207042076406,0.20141212579075,0.00772035957971804,0.0835578497641909
10.7,1.00838043848491,1.03015190169753,13.9731820841824,0.728443966750472,0.728443966750512,18.300881888502,0.036443025278272,0.085837911207929,0.420747063745457,0.00667984301072798,0.00612555539978582,0.245095613893927,0.0695938315944262,0.00719654226053849,0.000340519493249151,0.036443025278272,0.0153381978952976,1.17137198606319,0.143225290077545,0.204184278781782,0.00724616658421158,0.0833982510945897
10.8,1.0083804382684,1.0301519015016,14.2152595822244,0.714096598479418,0.714096598479464,18.0816741801975,0.0364621690280389,0.085833185362643,0.427293845234792,0.00643537064706144,0.00599861815126001,0.244586656539674,0.0702503455212535,0.00701542695058619,0.000332899786136566,0.0364621690280389,0.0166096992374764,1.17238832539769,0.143247291010391,0.206911867545666,0.00679740017437209,0.083244673143836
10.9,1.00838043806263,1.03015190131653,14.4734268864309,0.699343535556259,0.699343535556311,17.8534619015213,0.036485722066304,0.085829261819471,0.43393017782023,0.00618899827237401,0.00586301377704315,0.244132748826037,0.0709041963746471,0.00683971793288687,0.000325438630176912,0.036485722066304,0.0180826257408732,1.17331547697837,0.143272888361742,0.209595302282746,0.00637442211854348,0.0830971527742366
11,1.00838043786808,1.03015190114275,14.7483904349665,0.684199538228725,0.684199538228779,17.6162242303524,0.0365140026012274,0.0858261288714553,0.440651339491745,0.00594255052743663,0.00571965090197524,0.243734047082006,0.0715549402799825,0.00666918929169475,0.000318132796788976,0.0365140026012274,0.0197738330563071,1.17414888962437,0.143302082131598,0.212234582993022,0.00597723241672576,0.0829556899857913
11.1,1.00838043768575,1.03015190098146,15.0410298534977,0.668709565816141,0.668709565816198,17.3704628575829,0.0365485515613035,0.0858239011777217,0.447457493916833,0.00569678809942685,0.0055696226533749,0.243390246912845,0.0722014268962522,0.00650434943276804,0.000310980426566303,0.0365485515613035,0.021747067072263,1.17486777507612,0.143337483301915,0.214820894982416,0.00560405563949982,0.0828199573188472
11.2,1.00838043751605,1.03015190083303,15.3521118150781,0.652898553283834,0.652898553283893,17.1163281079118,0.0365900106494935,0.0858226026545937,0.454345765147438,0.00545323596742426,0.00541398270728436,0.24310132102895,0.0728429726115065,0.00634600183194243,0.000303978680999084,0.0365900106494935,0.0240320695670503,1.1754632232828,0.143382419346331,0.217343004675729,0.00525262915361787,0.0826895374540275
11.3,1.00838043735941,1.03015190069783,15.6824593472038,0.6367994610359,0.636799461035961,16.8541303580284,0.0366396506238633,0.0858223177412657,0.461313164814735,0.00521303411036864,0.00525374460627177,0.242867139787606,0.0734788805626305,0.0061934824938213,0.000297124888700363,0.0366396506238633,0.0266796896978302,1.17591846026414,0.143434255348552,0.219809807569534,0.00492474466349679,0.0825647608527409
11.4,1.0083804372161,1.03015190057608,16.0330010985019,0.620459441715699,0.620459441715759,16.5844733672479,0.0366999992045794,0.0858232509009652,0.468355789865576,0.00497659933891251,0.00508982082269892,0.242687397228023,0.0741085239594437,0.00604280647217069,0.000290416552622323,0.0366999992045794,0.0297821267340059,1.17620113584615,0.143493648050285,0.222220935353598,0.00462005723283702,0.0824455697144085
11.5,1.00838043708664,1.0301519004683,16.4045280917658,0.603907628937269,0.603907628937324,16.3075822893808,0.0367719027871779,0.0858254465283156,0.475471321722136,0.00474529164895802,0.00492326994253659,0.242562008481205,0.0747311317727718,0.00589463429028348,0.000283851026011787,0.0367719027871779,0.0333767018050021,1.17629966288952,0.143569864001888,0.224571191212668,0.00433369984991259,0.0823311484794736
11.6,1.00838043697041,1.03015190037358,16.7980384681701,0.587188394468355,0.587188394468406,16.0241115588176,0.0368593498132671,0.0858292432014528,0.48265631054906,0.00451940585192492,0.0047548677489054,0.242490594318796,0.0753459084649153,0.00575024717223094,0.00027742561103984,0.0368593498132671,0.0375861970323886,1.17616697784984,0.143658553942732,0.22686301427491,0.00406795684941802,0.0822218799312734
11.7,1.0083804368673,1.03015190029166,17.2144506489058,0.570341506916431,0.570341506916476,15.7345653054436,0.0369650543587466,0.0858348606057927,0.489907608789552,0.00429960911522876,0.00458550555928906,0.242472884735248,0.0759520935958731,0.00560987878405022,0.00027113765889734,0.0369650543587466,0.0425001953610754,1.17577012137617,0.143766080389554,0.229097844170163,0.00382095345064592,0.0821174342352662
11.8,1.00838043677739,1.03015190022256,17.6546564291365,0.553404660819585,0.553404660819625,15.439405583803,0.0370918510618831,0.0858425300617132,0.497222552243432,0.00408666838353205,0.00441608257440859,0.242508639739993,0.0765488819148655,0.00547340330216183,0.000264984616618102,0.0370918510618831,0.0482044722210979,1.17507643560262,0.143899904454843,0.231277369104621,0.00359049116040213,0.0820174246054175
11.9,1.00838043669987,1.0301519001653,18.119701459929,0.536421171734359,0.536421171734394,15.1394339339111,0.0372483549858692,0.0858530245310038,0.504600218373613,0.00388048247453374,0.00424708832932001,0.242597369240146,0.0771350567016743,0.00534265820452486,0.000258964319826278,0.0372483549858692,0.0548931446970783,1.17399923323636,0.144055072173382,0.233400468157674,0.00337802971526453,0.0819221078565875
12,1.00838043663476,1.03015190011979,18.6104848482349,0.519429728861423,0.519429728861454,14.8351175279812,0.0374369349920223,0.0858665314662378,0.512037507327567,0.00368181041015126,0.0040794441826891,0.242738830123842,0.0777098697940421,0.00521762400067838,0.000253074126283223,0.0374369349920223,0.0626472662691142,1.17250926641481,0.144254499431351,0.235476409389781,0.00318004880756697,0.0818308591424248
12.1,1.00838043658284,1.03015190008708,19.1280063515583,0.502468753403086,0.502468753403113,14.5271546495819,0.0376682680449961,0.085884033332351,0.519532916412561,0.00349072255310766,0.00391365499885924,0.242932615570662,0.0782722961436832,0.00509754827961596,0.000247311815129629,0.0376682680449961,0.0716436190525417,1.17051743326935,0.144494018015353,0.237503507016092,0.00299718875265465,0.0817437921174009
12.2,1.00838043654493,1.03015190006826,19.6732676370971,0.485576608565612,0.485576608565635,14.2162479896697,0.0379532504466029,0.0859065337115638,0.527084974801645,0.00330727469724914,0.00375021589847198,0.243178315745046,0.0788213061388218,0.004981633883078,0.000241675174932004,0.0379532504466029,0.0820610790164744,1.16793318297058,0.144779487588075,0.239484385974634,0.00282921029318812,0.081660859811
12.3,1.0083804365209,1.03015190006312,20.247224529643,0.468792807497678,0.468792807497699,13.9029935022113,0.0382979296029676,0.0859345723368074,0.534691264761916,0.00313186591483152,0.0035898491967762,0.243475589887444,0.0793559950363961,0.00487015604964777,0.000236161759125782,0.0382979296029676,0.0940273563393396,1.16469999204161,0.145150884374837,0.241436358993465,0.00267293863442814,0.081581478494248
12.4,1.00838043650853,1.03015190006877,20.850914830195,0.452146138310082,0.452146138310101,13.5881444750096,0.0387319207398842,0.0859710596885444,0.542344550641691,0.00296405065787667,0.00343263104851317,0.243823855533811,0.0798757830526051,0.00476140915752401,0.000230769224455195,0.0387319207398842,0.107729358893581,1.16067346898084,0.14558777357471,0.243350576258763,0.00252999664841841,0.0815059465541309
12.5,1.00838043650815,1.03015190008566,21.4853106072092,0.43567604959958,0.435676049599598,13.2723360094851,0.0392624001152017,0.0860166388887278,0.550043007801162,0.00280411549090161,0.00327921275489069,0.244222752123422,0.0803796995110775,0.00465529095464587,0.000225495220217394,0.0392624001152017,0.123314204431274,1.15578610200202,0.146135343407057,0.245246072402602,0.00239897381088127,0.0814340115329516
12.6,1.00838043651951,1.03015190011352,22.1514181866104,0.419411464414925,0.419411464414941,12.9562290035565,0.0399216903096394,0.0860746528309221,0.557782944807138,0.00265191579730683,0.00312983522991869,0.244671772006835,0.0808669156552739,0.00455218027787316,0.000220337427252191,0.0399216903096394,0.140871020666211,1.14994597879754,0.146832949291233,0.247139526063046,0.00227823085125928,0.0813653767272741
12.7,1.00838043654243,1.03015190015225,22.8502533791231,0.40337661452385,0.403376614523866,12.6404786964566,0.0407538863514402,0.0861497347436451,0.565560494234897,0.00250716983314547,0.00298458620062513,0.245170355567703,0.0813366199230339,0.00445305999986308,0.000215293545023938,0.0407538863514402,0.160444727894165,1.14306003345434,0.14767925804346,0.249030453987857,0.00216749066280341,0.0812999899764811
12.8,1.00838043657648,1.03015190020129,23.582805965016,0.387608606629634,0.387608606629648,12.3257558573385,0.0417707745023278,0.0862429766095816,0.573372271657766,0.00236997219213882,0.00284397380639696,0.245718085809699,0.0817879535632696,0.00435725525374941,0.000210361221883059,0.0417707745023278,0.182201570982065,1.13503836605945,0.148692064977601,0.25092641321793,0.00206594905774111,0.081237705345303
12.9,1.00838043662144,1.03015190026044,24.3499641026843,0.372131536939941,0.372131536939954,12.0126796602857,0.0430248288694956,0.0863602831902467,0.581215091372937,0.00224013270245257,0.00270814856179575,0.246314429731873,0.0822201112093206,0.00426486225738777,0.000205538255319089,0.0430248288694956,0.206107381742956,1.12583980071679,0.150011034464853,0.252882662099052,0.00197341848366067,0.0811783934434075
13,1.00838043667721,1.03015190032971,25.1525017369321,0.356961277002706,0.356961277002718,11.7018226387683,0.0445973849048716,0.0865110838151966,0.58908616159417,0.00211731849536805,0.00257706116306039,0.246958791983836,0.082632323467901,0.00417611149614109,0.000200822575182709,0.0445973849048716,0.231970903874505,1.11547424586127,0.15165982481572,0.254909052533479,0.00188912441849084,0.0811219091314851
13.1,1.00838043674344,1.03015190040871,25.9913753672824,0.342126377150984,0.342126377150995,11.3938230966237,0.0465279256584312,0.086699866283418,0.596982183295595,0.00200142759730548,0.00245097906313277,0.247650678333296,0.0830237794477852,0.00409095873997893,0.000196211910847881,0.0465279256584312,0.259834705451558,1.10388132481183,0.153659782589582,0.257014531570766,0.00181228064311831,0.0810681069563832
13.2,1.00838043681926,1.03015190049644,26.8673245170676,0.327633858352695,0.327633858352705,11.089119790577,0.0489648360811176,0.0869465599494414,0.604902152489214,0.00189212250919099,0.00232975693129567,0.248389494565884,0.0833939388176458,0.00400885517872145,0.000191704383228,0.0489648360811176,0.289224798710935,1.09124135685782,0.156054973815239,0.259216914939814,0.00174221325156583,0.0810168449939624
13.3,1.00838043690441,1.03015190059266,27.7812439725601,0.313507951805689,0.313507951805699,10.7883281700002,0.0519620500337211,0.0872573720342081,0.612842950274887,0.00178922340146657,0.00221355495419828,0.249174712369276,0.0837420058459174,0.00392984520161516,0.000187297790252467,0.0519620500337211,0.320103486462871,1.07751852895996,0.159120435813134,0.261622453587834,0.00167920044875223,0.0809680491042526
13.4,1.0083804369988,1.03015190069735,28.733774361456,0.299756813036113,0.299756813036122,10.4918538555782,0.0556965462741507,0.0876603382211846,0.620796766822476,0.00169244051691429,0.0021022962873494,0.250005656376653,0.0840675409334359,0.00385332278544864,0.00018299008839317,0.0556965462741507,0.352059353459886,1.06289252655985,0.162874813960931,0.264239230082444,0.00162246353957794,0.0809215699028031
13.5,1.00838043710222,1.03015190081036,29.7256326235484,0.286392654969066,0.286392654969074,10.2001604192213,0.0603103666231707,0.0881769804416109,0.628757719321252,0.00160150768048566,0.00199595852271284,0.250881697866562,0.0843700014908699,0.0037788568030117,0.000178779210062689,0.0603103666231707,0.384771539914961,1.04748712713717,0.167451754881647,0.267122092398374,0.00157164955676506,0.0808772912004127
13.6,1.00838043721415,1.03015190093113,30.7574357590086,0.273427085513444,0.273427085513451,9.91369147184938,0.0659647286549519,0.0888366866923565,0.63672243594172,0.00151617870530098,0.00189452178624272,0.251802219613073,0.0846488516287937,0.00370623475232405,0.000174663049036074,0.0659647286549519,0.417964467015474,1.03140638651211,0.173188378578922,0.270418947451244,0.00152697636348149,0.0808351534471958
13.7,1.00838043733386,1.03015190105882,31.8294559371551,0.260861708332258,0.260861708332265,9.63272770998552,0.0729317003661755,0.0896971031407909,0.644687743883026,0.00143619083973641,0.00179785082384791,0.252766522018892,0.0849037940829772,0.00363524579404644,0.000170639483711666,0.0729317003661755,0.451243268449647,1.01484257442503,0.180161727888626,0.274158755365166,0.00148793219445348,0.0807950246975915
13.8,1.00838043746105,1.03015190119315,32.9423779162868,0.248709005042731,0.248709005042737,9.35773192273584,0.0813562829569073,0.0907826461623921,0.652648944540536,0.00136128846952051,0.00170593115903437,0.253773986985493,0.0851342791462725,0.00356559674614612,0.000166706439653862,0.0813562829569073,0.484318747935158,0.997903174686212,0.188612005862809,0.278457981348414,0.00145443997720218,0.0807568136551597
13.9,1.00838043759586,1.03015190133445,34.0959410526951,0.236963830833641,0.236963830833647,9.0888433937102,0.0916030863466902,0.0922144728753264,0.660606562600897,0.00129123373157133,0.00161857832341142,0.254823910849301,0.0853403061980267,0.0034990665112951,0.000162862258829302,0.0916030863466902,0.516961791676092,0.980705638895177,0.198910332676389,0.283514230793504,0.00142675188601356,0.0807204575950723
14,1.00838043773787,1.03015190148227,35.29066900763,0.225634685658753,0.225634685658758,8.82645722517758,0.103864121160897,0.094030724106599,0.668556558078491,0.00122576946619472,0.00153573456813336,0.255915647373052,0.0855214230298591,0.00343546261116109,0.000159104867476287,0.103864121160897,0.548852944144327,0.96338384732084,0.211207356303925,0.289388464209799,0.00140456562409215,0.0806858456762114
14.1,1.0083804378865,1.03015190163597,36.5262587709202,0.214719070773078,0.214719070773083,8.57074295859777,0.118433394529287,0.0963811944716395,0.676490556169729,0.00116465292971639,0.00145725118860305,0.257048410763116,0.0856774571901966,0.00337415548765443,0.000155432507680633,0.118433394529287,0.579841581367124,0.946009644284563,0.225799370363091,0.296284268354225,0.00138815475253243,0.0806529061182411
14.2,1.00838043804118,1.03015190179494,37.8024592810463,0.20421510189075,0.204215101890755,8.32188331046927,0.135600316252698,0.0994081145419031,0.684400661847557,0.00110764060684269,0.00138298422985753,0.258221425787529,0.0858082230964409,0.0033146000718485,0.000151843404453888,0.135600316252698,0.609764800879093,0.928659786448583,0.243000109520485,0.304429306837223,0.00137788979951989,0.0806215727905955
14.3,1.0083804382017,1.030151901959,39.119142224633,0.194123197304794,0.194123197304799,8.08010291754479,0.155595438303501,0.103254354007142,0.692285028496347,0.00105449840761144,0.00131281217455767,0.259433990914548,0.0859135962034681,0.00325676808729664,0.000148335692233951,0.155595438303501,0.638431883989946,0.911422421012541,0.263039633729553,0.313935732796185,0.00137367608649915,0.0805917524575227
14.4,1.0083804383681,1.03015190212836,40.4752597619376,0.184435356481125,0.18443535648113,7.84542437813587,0.178592038211414,0.108250149736325,0.700147515150815,0.00100503839572063,0.00124656183162945,0.26068535847893,0.0859939503548842,0.00320005195692723,0.000144907662579908,0.178592038211414,0.66587290562949,0.894298117373755,0.286047605564312,0.325078087755413,0.00137613826454099,0.0805633911862848
14.5,1.00838043854,1.03015190230262,41.8707008594034,0.175151626745375,0.17515162674538,7.61806941419527,0.204851599694379,0.114523334928764,0.707983110727415,0.000959018616663678,0.00118410567855639,0.261974797494264,0.0860490943707313,0.00314423700284587,0.000141557478222357,0.204851599694379,0.691892253763571,0.877376803305362,0.312216609284935,0.338076310035006,0.00138565037173752,0.0805364216682839
14.6,1.00838043871683,1.03015190248114,43.3039368028187,0.166263427290179,0.166263427290184,7.39802184525308,0.234331905499159,0.12256206771025,0.715781619765479,0.000916255119419487,0.0011252796365505,0.263301436580404,0.0860791060558247,0.00309054604705246,0.000138283517906889,0.234331905499159,0.716553836513544,0.8606520273438,0.341791962143986,0.353104576461254,0.00140237641410594,0.0805107653849694
14.7,1.00838043889822,1.03015190266356,44.7741184537862,0.15776597034046,0.157765970340464,7.18537332042987,0.267151705322841,0.132678796607768,0.723538281439214,0.000876539756581354,0.00106993402922253,0.264664490707551,0.0860840257539715,0.00303912939768934,0.000135084054023163,0.267151705322841,0.739804328184828,0.844160014590813,0.374458453436202,0.370406772089643,0.00142714446098362,0.0804863843031623
14.8,1.00838043908396,1.03015190284973,46.2793741317642,0.149650871229681,0.149650871229685,6.98008897405097,0.303061817280291,0.14553450662793,0.731255961480322,0.00083971733059346,0.00101791739214097,0.266063161339782,0.08606441487481,0.0029885954409882,0.000131957513467562,0.303061817280291,0.761700534261356,0.827901186754807,0.410347875346079,0.390190528740726,0.00146032579486861,0.0804632117544905
14.9,1.00838043927373,1.03015190303932,47.8183988552483,0.141911751916955,0.141911751916959,6.78220519111988,0.342030134931405,0.161593406941233,0.738930422048902,0.000805599941781221,0.000969078781698864,0.267496640713422,0.0860204410266282,0.00293901252067779,0.000128902233344178,0.342030134931405,0.782237422630485,0.811895668712105,0.449379035512528,0.41263785826612,0.00150240411161706,0.080441191495415
15,1.00838043946737,1.03015190323225,49.388865174832,0.13454014804667,0.134540148046674,6.59166371226831,0.383662889710478,0.181699879587711,0.746555839265932,0.000774040609869215,0.000923275595464704,0.268964070595116,0.0859523810712642,0.00289096014417343,0.000125916672822588,0.383662889710478,0.801469986876543,0.796145930321994,0.490950155259667,0.437847240300213,0.0015540865715035,0.0804202911939455
15.1,1.00838043966453,1.03015190342818,50.9889053050268,0.127528618178323,0.127528618178326,6.40845207662932,0.427758893469278,0.206508238731731,0.754129173785922,0.000744874529940248,0.000880361134184245,0.270464624843515,0.0858605520082628,0.00284427371586006,0.000122999244026185,0.427758893469278,0.819424693535269,0.780662400587381,0.535111462907089,0.466033064471932,0.00161582815634643,0.0804004494174377
15.2,1.00838043986464,1.03015190362644,52.6156225956555,0.120868573258832,0.120868573258835,6.23248790132853,0.473861204717147,0.237004505063468,0.761647009785612,0.000717972871932475,0.000840200169461035,0.271997432273129,0.0857454367739464,0.00279883949184487,0.00012014849111745,0.473861204717147,0.836160841311443,0.765445740815946,0.581326773478899,0.497189803419055,0.00168804568552901,0.080381634302955
15.3,1.00838044006753,1.03015190382694,54.2664759445477,0.114552011924301,0.114552011924304,6.06371840935459,0.521646427249727,0.27400255297321,0.769107339185681,0.000693194007107056,0.000802653941474956,0.273561656274644,0.0856074787251194,0.00275453134713611,0.000117362891035712,0.521646427249727,0.851722950338601,0.750500640339963,0.629165143547195,0.531362968865218,0.00177118933487461,0.0803638083409884
15.4,1.00838044027324,1.03015190402985,55.9379808794674,0.108570415612978,0.10857041561298,5.90204196284172,0.570664871365506,0.318507574050351,0.776511042821364,0.000670427931694746,0.000767595364467533,0.275156455419908,0.0854473519578102,0.00271096693654637,0.000114641011370877,0.570664871365506,0.866174007567778,0.735825459420687,0.67838070587382,0.568673133367481,0.00186573844665894,0.0803469252316741
15.5,1.00838044048143,1.03015190423479,57.6266240740143,0.102915713460363,0.102915713460366,5.74736680834109,0.620548933696976,0.371311550029864,0.78385216349137,0.000649560136063928,0.000734899491131432,0.276780942364179,0.0852654415519943,0.00266843620344994,0.000111981426698751,0.620548933696976,0.879569701778448,0.721420132161283,0.728396814277936,0.608850422013993,0.00197160586369926,0.0803309742608483
15.6,1.0083804406918,1.03015190444146,59.3283798344714,0.0975797733387355,0.097579773338738,5.59958029413023,0.670905239867368,0.433220234556782,0.791124366808267,0.000630491293528026,0.000704448456381294,0.278434216881919,0.0850621652403891,0.00262730278670545,0.000109382756977171,0.670905239867368,0.891971841032533,0.707282015852726,0.778893709317124,0.652001339632264,0.00208929119513183,0.0803159114051711
15.7,1.00838044090414,1.0301519046497,61.0397023748395,0.0925545689554148,0.0925545689554172,5.45859167808244,0.721365289119587,0.504966566836845,0.798326154793976,0.000613109218551776,0.000676117326915123,0.280115419728802,0.0848380916462716,0.00258740382861517,0.000106843581294618,0.721365289119587,0.903435899442617,0.69341115488453,0.829516861496164,0.697983382755258,0.00221881146772485,0.0803017156008077
15.8,1.00838044111819,1.03015190485923,62.7547748075184,0.0878331707717413,0.0878331707717434,5.32425669387365,0.771659795663627,0.586516527764383,0.805458958207635,0.000597362158083369,0.000649814825891893,0.281823661168846,0.0845940828895952,0.00254836466224942,0.000104362698965729,0.771659795663627,0.914022353995579,0.679801816207145,0.879943407651495,0.746551608218326,0.0023599530818072,0.0802883755429752
15.9,1.00838044133371,1.03015190506985,64.4699655409297,0.0834074658735387,0.0834074658735406,5.19647855648927,0.821406619176729,0.678663177200812,0.812519320367785,0.000583140243511236,0.000625417275005369,0.283558067704385,0.0843306379192919,0.00251023112158243,0.000101938695249882,0.821406619176729,0.923788869467486,0.666453269730842,0.929781427774019,0.797684469821484,0.00251300537990418,0.0802758586446866
16,1.00838044155053,1.03015190528139,66.1784219428871,0.0792719925391259,0.0792719925391276,5.07511854924492,0.870456192578564,0.780383379424086,0.819502236481064,0.000570409108580896,0.000602848728740527,0.285317708263949,0.08404832059665,0.00247307812592345,9.95703739050556e-05,0.870456192578564,0.932787161927052,0.653360222888746,0.979006540055403,0.851019006282637,0.00267732619500716,0.0802641744862427
16.1,1.00838044176841,1.03015190549363,67.8751136983762,0.0754196597233135,0.0754196597233151,4.96005767581477,0.918517919972159,0.891766713538984,0.826404826318165,0.000559093120537602,0.000582006240222864,0.287101689148236,0.0837477251721623,0.0024368715579278,9.72564289139268e-05,0.918517919972159,0.941073753105081,0.640519563190078,1.02725658492302,0.906449768170441,0.00285301359784207,0.0802532986145407
16.2,1.00838044198711,1.03015190570635,69.5536006146068,0.0718451067810624,0.0718451067810637,4.85117577857252,0.965416769288809,1.01196351956179,0.833226415831201,0.000549147329978649,0.000562807817570934,0.288909116856784,0.0834295831024287,0.00240152753484841,9.4995645412366e-05,0.965416769288809,0.948698291698432,0.627927412785395,1.0742125399429,0.963838419565497,0.00304007112438099,0.0802432109228376
16.3,1.0083804422064,1.03015190591932,71.2064115281368,0.0685441795432288,0.0685441795432299,4.74835008431747,1.01106140558918,1.13944714022299,0.839967461799626,0.00054054938046542,0.00054518678408906,0.290739094386363,0.083094706035939,0.00236694259045014,9.27868744120383e-05,1.01106140558918,0.955705795872416,0.615579218707091,1.11991699622121,1.02289523251381,0.00323792870801153,0.080233925094226
16.4,1.00838044242607,1.03015190613235,72.8274960723635,0.0655110953772768,0.0655110953772777,4.65146236616619,1.05523912600805,1.27371882013227,0.846625161542127,0.000533245174005127,0.000529055250754411,0.292590721278426,0.0827437067378719,0.00233312155581226,9.06288709072813e-05,1.05523912600805,0.962147932025707,0.603471327336151,1.16427376986855,1.08338433994277,0.00344622894798539,0.0802254419346062
16.5,1.00838044264609,1.03015190634545,74.4074092516687,0.0627450966485587,0.0627450966485595,4.56041679298351,1.09798348661436,1.41255364579973,0.853195700565133,0.000527248743226763,0.000514375153155837,0.29446308062026,0.0823771473004396,0.0023003184087539,8.85205824002528e-05,1.09798348661436,0.968057399883758,0.591599264457172,1.20699627617801,1.14514377250037,0.00366490622345469,0.0802177445822281
16.6,1.00838044286623,1.03015190655842,75.939668400462,0.0602408718223415,0.060240871822342,4.47509303950834,1.13911965258235,1.55512441650959,0.859677457127801,0.000522515813711981,0.000501065074864995,0.296355273535942,0.0819957123086401,0.00226849410882363,8.64607938934377e-05,1.13911965258235,0.973483909295733,0.579959074253342,1.24808942717314,1.20794839558799,0.00389372106756574,0.080210845338385
16.7,1.0083804430862,1.03015190677093,77.414103515337,0.0579996052298508,0.0579996052298511,4.39542264344905,1.17868130436455,1.6998001347662,0.866070762511544,0.000519075677408961,0.000489097262911195,0.298266411074347,0.0816001424608951,0.00223757662028142,8.44485238213274e-05,1.17868130436455,0.978456167073017,0.568546620821353,1.28768431112256,1.27155795903316,0.00413242552270803,0.0802047696451348
16.8,1.00838044330578,1.03015190698278,78.8223398632236,0.0560191950288441,0.0560191950288442,4.32130870146539,1.21660819567217,1.84520144442826,0.872374298221038,0.000516921661051469,0.000478417881535248,0.300195594619784,0.0811911200019806,0.00220756933676678,8.24826723151415e-05,1.21660819567217,0.983013080466369,0.557357786503701,1.32555736906765,1.33577469844475,0.00438079549648731,0.0801995060094074
16.9,1.00838044352485,1.03015190719388,80.1551466538161,0.0542994402327628,0.0542994402327627,4.25267507123244,1.25286650860726,1.99013301872864,0.878586275866396,0.000516064746703692,0.000468985632139979,0.302141927460066,0.0807692768693121,0.00217845575863924,8.05621730769686e-05,1.25286650860726,0.987189318497997,0.546388495880778,1.36168540161354,1.40039845084278,0.00463874778997096,0.0801950665161594
17,1.00838044374341,1.03015190740427,81.4010085427776,0.0528449057746938,0.0528449057746934,4.18949439810368,1.28750982975963,2.133611207914,0.884704808029693,0.000516562568306016,0.000460792582200595,0.304104520449116,0.0803351826046652,0.00215015152238804,7.86860703933763e-05,1.28750982975963,0.991007664501031,0.535634739433252,1.39627059579787,1.46528273695632,0.00490676058719611,0.080191496849594
17.1,1.00838044396127,1.03015190761378,82.5512726783458,0.0516540670586706,0.05165406705867,4.13167565446427,1.32048871560881,2.27427973827138,0.890728575265304,0.000518414127463138,0.00045378895701864,0.306082475916237,0.0798895125477867,0.00212265161792997,7.68532780598596e-05,1.32048871560881,0.994505573247393,0.525092407076057,1.42917852977824,1.53020090226618,0.00518447366107368,0.0801887925142979
17.2,1.00838044417795,1.03015190782184,83.5930084412987,0.0507365217127751,0.0507365217127743,4.07925510196102,1.35187224609273,2.41186514019691,0.896658271489779,0.000521721059889266,0.000447994626544828,0.308074934435268,0.0794328726268349,0.0020959201422023,7.50629049018184e-05,1.35187224609273,0.997698900359922,0.514757657398546,1.46039460482355,1.59495651984045,0.00547184218238918,0.0801869673298294
17.3,1.00838044439327,1.0301519080283,84.5161982990119,0.0500939111462857,0.0500939111462846,4.03217624636274,1.38165548874205,2.54525716019142,0.902492678560097,0.000526512271563229,0.000443380689088056,0.31008100571527,0.0789658992732307,0.002069925654031,7.33139269285769e-05,1.38165548874205,1.00061814846556,0.504626443650279,1.49008130425987,1.659508127252,0.00577039510293422,0.0801860917552967
17.4,1.00838044460718,1.03015190823313,85.3091433413253,0.0497337853567316,0.0497337853567305,3.99045534855997,1.40986699838306,2.67390474358409,0.908230690929872,0.000532868828063499,0.000439952138340818,0.312099818296016,0.0784891390349853,0.0020447694174121,7.16054172423141e-05,1.40986699838306,1.00328555704901,0.494694758466671,1.51818687233878,1.72362678146376,0.00607975736800993,0.0801861677256168
17.5,1.00838044481974,1.0301519084365,85.9590764408675,0.0496676835199517,0.0496676835199504,3.95415832781813,1.4365549549258,2.79762573285595,0.913871097437953,0.000540906753143422,0.000437736529520773,0.314130512862502,0.078003068435,0.00202066118933614,6.99365142832221e-05,1.4365549549258,1.00571814994541,0.48495860536037,1.54472895952639,1.78714427681567,0.00640017075662648,0.080187219375227
17.6,1.00838044503075,1.03015190863818,86.4550959723336,0.0499003392063145,0.0499003392063133,3.9232661075607,1.46173561474068,2.91560454784068,0.919413082036179,0.000550682699407039,0.000436723113010563,0.316172209932267,0.0775082928157751,0.00199759500275565,6.83062448774513e-05,1.46173561474068,1.00794148862173,0.475414017350596,1.56979193312169,1.85007445920414,0.00673434723385018,0.0801893639811447
17.7,1.00838044523941,1.03015190883724,86.7860240375927,0.0504519281697459,0.0504519281697446,3.89796074286975,1.48545236876435,3.02800806387312,0.924856699928986,0.000562389167483732,0.000436983791659382,0.31822407679457,0.0770051522033729,0.00197555889135294,6.67138761367862e-05,1.48545236876435,1.00996084275608,0.466058223428671,1.5933915629213,1.91224399114865,0.0070824589470356,0.080192623052227
17.8,1.00838044544562,1.03015190903356,86.9403135179685,0.0513295546032314,0.0513295546032301,3.87825277313705,1.50773254390736,3.13424084627696,0.930200999368959,0.000576103492195125,0.000438521154061144,0.320285240993062,0.0764942070975555,0.0019546214905556,6.51584737521478e-05,1.50773254390736,1.01179879886446,0.456887247715899,1.61554459173063,1.97348219023723,0.0074447140691191,0.0801970194557368
17.9,1.00838044564939,1.03015190922727,86.9084623622187,0.052556427099471,0.0525564270994696,3.86437411610357,1.52860007107696,3.23419008445162,0.935446550555478,0.00059204881731769,0.000441423297562889,0.322354898987669,0.0759759514388588,0.00193451685179818,6.3639262455206e-05,1.52860007107696,1.01346424328445,0.447897726670687,1.63627922980061,2.03364966550591,0.00782174535440335,0.0802025920685022
18,1.00838044585065,1.03015190941834,86.6805028820127,0.0541527854998006,0.054152785499799,3.85651531850134,1.54808079972863,3.32767944851787,0.94059362744201,0.000610421188948791,0.000445762550214068,0.324432233421998,0.0754508800065629,0.00191505382030756,6.21554426268224e-05,1.54808079972863,1.01496816233467,0.43908623248302,1.65561763004195,2.09274296680083,0.00821713240135949,0.0802094901006807
18.1,1.00838044604907,1.0301519096064,86.2447497513738,0.0561279185438669,0.0561279185438648,3.85471431807951,1.56620765644018,3.41429829928798,0.945641411192922,0.00063131669552579,0.000451553070429732,0.326516375974153,0.074919490673898,0.0018963171399378,6.07061248228324e-05,1.56620765644018,1.01632928872381,0.430449100270145,1.67358350792713,2.15072357644546,0.00863369463552341,0.0802178343006564
18.2,1.00838044624441,1.03015190979121,85.5914190629536,0.0584987323350991,0.0584987323350994,3.85911516211746,1.58300563840605,3.4937458831661,0.950589348889624,0.000654902164462258,0.000458849448778463,0.328606484279135,0.0743821992634422,0.0018783379966174,5.92904863740501e-05,1.58300563840605,1.01756112846617,0.421982855823446,1.69020694806848,2.20741003844462,0.00907115295042615,0.0802276294041118
18.3,1.00838044643611,1.03015190997214,84.7289929008933,0.061319360195308,0.0613193601953695,3.8703799357735,1.59842281086288,3.5655842533592,0.955431911610212,0.000681705506157345,0.000467903499810043,0.330701722273408,0.0738380060247178,0.00186264266537701,5.790808548401e-05,1.59842281086288,1.01865369517638,0.413685284038799,1.7055146661987,2.2626965023015,0.00953086717070337,0.0802389415102478
18.4,1.00838044662404,1.03015191014911,83.6417516255327,0.0645946108390055,0.0645946108391726,3.88848434429215,1.61250917088028,3.62955723869086,0.960170163442414,0.000711776210186932,0.000478705724018418,0.332801245544246,0.073287786786141,0.00184877648670407,5.65579757147993e-05,1.61250917088028,1.01962812897914,0.405552501547911,1.71948550496198,2.31652881102073,0.0100164539224161,0.0802520104629885
18.5,1.00838044680796,1.03015191032183,82.3222329065136,0.0683461218868592,0.0683461218871862,3.91363827670141,1.62527993772944,3.68534664853919,0.964802919025935,0.000745326997008578,0.000491335778810562,0.334904212527553,0.0727317774533202,0.00183696066985322,5.52393828055184e-05,1.62527993772944,1.02049495004401,0.397581194172242,1.7320159553097,2.36894173120649,0.0105354120005753,0.0802673749834047
18.6,1.00838044698726,1.03015191048967,80.7840405012734,0.072620008277307,0.0726200082778254,3.94641055726563,1.63665069531728,3.73184502142416,0.969329550752279,0.000782850495668448,0.000506017422762564,0.337009786221291,0.0721699017859936,0.00182664242606782,5.39516959260541e-05,1.63665069531728,1.02125042282401,0.389768929633006,1.74318305225376,2.41977507745662,0.0110867291116894,0.0802849185480689
18.7,1.00838044716137,1.03015191065201,79.0403840440137,0.0774619270052055,0.0774619270059246,3.98736329496732,1.64653889161834,3.76795966225177,0.973749420578028,0.000824834098432157,0.000522971718476794,0.33911712953807,0.0716020893838039,0.00181728344723916,5.26943011886839e-05,1.64653889161834,1.02189107848088,0.382113259152045,1.7529905249005,2.46894782030093,0.0116728487007067,0.0803047906810278
18.8,1.00838044733008,1.03015191080863,77.0798755371089,0.0828889543409571,0.082888954341902,4.03663949122243,1.65497831296247,3.79351946109223,0.978061239205794,0.000871438364767777,0.000542251470095001,0.341225400063656,0.0710286343207692,0.00180924917721766,5.14663938771669e-05,1.65497831296247,1.02243009373816,0.374610704208726,1.76141710642374,2.5163796763003,0.0122967706475347,0.0803271920803856
18.9,1.00838044749299,1.03015191095913,74.9035997523587,0.0889322794083399,0.0889322794095332,4.09459060839042,1.66194160362747,3.80787263245074,0.982264057205762,0.000922988305116982,0.000563994002134802,0.343333758425435,0.0704496591570553,0.00180249703525996,5.02672641145635e-05,1.66194160362747,1.02287230914156,0.367258307886538,1.76796711520483,2.56200452144684,0.0129720557893768,0.0803532947114621
19,1.00838044764895,1.03015191110229,72.5772392735019,0.0956757042189482,0.0956757042203748,4.16242890978225,1.66696875811398,3.80715691773255,0.986359205114013,0.00098059176385343,0.000588731289635916,0.345441399373177,0.0698651156775597,0.00179758156851046,4.9096589390643e-05,1.66696875811398,1.0231850187871,0.360055785074641,1.77282972884098,2.6057357913562,0.0136970192985733,0.0803828684304644
19.1,1.00838044779779,1.03015191123793,70.0840772671839,0.103135919048584,0.103135919050236,4.24026864169395,1.67015164858496,3.79160526070489,0.990345105196904,0.00104435802119296,0.000616491900912653,0.347547474130956,0.0692751735040096,0.00179429564212458,4.79535530795061e-05,1.67015164858496,1.02338341012003,0.352999442571064,1.77594485759576,2.6474943613017,0.0144755252926223,0.0804161934174615
19.2,1.00838044793898,1.03015191136549,67.4351158575923,0.111352190392889,0.111352190394751,4.32859342059542,1.67139649693993,3.76007298931675,0.994221158055446,0.0011147322718332,0.000647473749040978,0.349651148564782,0.068679928978368,0.00179268834917121,4.68375047745272e-05,1.67139649693993,1.02346655938287,0.34608673364716,1.77725241173278,2.68720110655668,0.0153114378890217,0.0804535498525227
19.3,1.00838044807163,1.03015191148406,64.6639500073091,0.120381141292568,0.120381141294591,4.42826346198498,1.67028910793027,3.71148130558158,0.997985606867464,0.00119260195636779,0.000682098029009632,0.351751566002075,0.0680790856580383,0.00179326583749531,4.57479421706953e-05,1.67028910793027,1.0234082743245,0.339317259084822,1.77575807496226,2.72451449063525,0.0162199393003286,0.080496706227558
19.4,1.00838044819474,1.03015191159258,61.8097163070196,0.130283652045258,0.130283652047353,4.5402313545158,1.66633669358512,3.64476756926864,1.00163641091512,0.00127896299057365,0.000720840702955292,0.353847864241929,0.0674722507572414,0.0017966463624844,4.46843992897355e-05,1.66633669358512,1.02317616477426,0.332691146412722,1.77144756862605,2.75936825653068,0.017204338645752,0.0805458697412275
19.5,1.0083804483079,1.03015191169063,58.8775896502469,0.141094512480595,0.141094512482673,4.66488358080641,1.65952811901147,3.55877011783813,1.00517326932641,0.00137414650340771,0.000763842094235173,0.355939214963594,0.0668596219264254,0.00180276113190407,4.36461875260909e-05,1.65952811901147,1.02277582432049,0.326205295008137,1.76426591216336,2.79168471461548,0.0182684381454536,0.0806013124341972
19.6,1.00838044841044,1.03015191177752,55.8875097617087,0.152859855246391,0.152859855248344,4.80285273779641,1.64964285087682,3.45237033865058,1.00859512483221,0.00147877263957102,0.000811388445001344,0.358024775116939,0.0662411401241782,0.00181184004713679,4.26327150613067e-05,1.64964285087682,1.02219633313093,0.31985800768558,1.75400734436207,2.82134382299137,0.0194178667175609,0.0806635465550653
19.7,1.00838044850089,1.0301519118517,52.9073534767326,0.165638569436167,0.165638569437974,4.95531097675268,1.63555859615068,3.33064101598291,1.01188998599489,0.00159434774089327,0.000864214630152748,0.360103332419443,0.0656144317886416,0.00182641538663301,4.16437633226561e-05,1.63555859615068,1.02133637616313,0.313656391497174,1.73956732787664,2.84779891068293,0.0206640623472304,0.0807355236185576
19.8,1.00838044857852,1.03015191191241,49.9605221964511,0.179477708877313,0.179477708878944,5.12292985738223,1.61698970284322,3.19291063574643,1.01505600595764,0.00172155594691501,0.000922639288900421,0.362174017157643,0.0649792707402354,0.00184688331303486,4.06787674448299e-05,1.61698970284322,1.0201785058871,0.307599385036713,1.72011160588811,2.8706316028803,0.0220167161133124,0.0808194616017493
19.9,1.00838044864243,1.03015191195875,47.0794138841869,0.194421039523617,0.194421039525063,5.30655798994446,1.59330577593089,3.04256316072659,1.01809155367865,0.00186153577582868,0.000987202946428543,0.364235884632645,0.0643355641148704,0.00187147885870674,3.97372678244033e-05,1.59330577593089,1.01864597760355,0.301693059468644,1.69569793092652,2.88984694180843,0.0234797537634402,0.0809151575805482
20,1.0083804486917,1.03015191198986,44.2955166462742,0.210506776401815,0.210506776403094,5.50710455691184,1.56372955524385,2.88556853833752,1.02099732459828,0.00201567807127187,0.00105856626009491,0.366287991837305,0.0636837933905976,0.00189597042228586,3.88188306745306e-05,1.56372955524385,1.01662420991579,0.295948439214059,1.66590325635862,2.90522174500351,0.0250602085983557,0.0810237135132123
20.1,1.00838044872648,1.03015191200619,41.6259653908507,0.227766741171007,0.227766741172144,5.72536118022837,1.52786906106666,2.72551689115852,1.02377025270247,0.00218523349896626,0.00113734078716357,0.368329336050366,0.0630237356662387,0.00192352174485969,3.79230242282554e-05,1.52786906106666,1.01399921518438,0.290379290882929,1.63060139852706,2.91632069668229,0.0267662090866981,0.0811480325114843
20.2,1.00838044874722,1.03015191200855,39.0782754599433,0.246221315387715,0.246221315388729,5.96209730955767,1.48547487489421,2.56705680854053,1.02640676370487,0.00237163725008371,0.00122424008826943,0.370358856291305,0.0623552153531332,0.00195836187820115,3.7049463666128e-05,1.48547487489421,1.01061125046439,0.28500815273569,1.59013676710974,2.92237220293199,0.0286076197799298,0.0812938729128979
20.3,1.00838044875255,1.03015191199528,36.6560398136915,0.265876690157261,0.265876690158165,6.21797029264708,1.43685701987606,2.412636893952,1.0288954764461,0.00257636277854122,0.00132003234836084,0.37237526071337,0.0616765507095247,0.00200414677725376,3.61979257189862e-05,1.43685701987606,1.00624908986806,0.279872768193269,1.54378919912103,2.92336539566671,0.0305903778761553,0.0814605339849189
20.4,1.00838044874298,1.03015191196721,34.3671750687082,0.286734152066543,0.286734152067347,6.49360396082225,1.38246659881152,2.26448136881083,1.03123446407342,0.00280102034127753,0.00142551160637589,0.374377487786412,0.0609877786888395,0.00205702933679634,3.53681007004452e-05,1.38246659881152,1.00067517091674,0.275021123083695,1.49127342215834,2.91897864126082,0.0327220249439933,0.081649953601887
20.5,1.00838044871895,1.03015191192503,32.2178353355429,0.308773917620142,0.308773917620851,6.78947113252238,1.32335379962723,2.12335617176157,1.03341965191179,0.00304738017091889,0.0015415693458488,0.37636436111411,0.060288911246656,0.00211408625411594,3.45597464954594e-05,1.32335379962723,0.993564055730819,0.270532494614277,1.43238124993548,2.90888574008409,0.0350099468226453,0.0818641964403472
20.6,1.00838044868003,1.03015191186823,30.2143078009521,0.331960021890419,0.331960021891039,7.10591115568059,1.2608365655954,1.98964993504389,1.03543807967501,0.00331723746990133,0.00166916187578887,0.378334410057606,0.0595790891376372,0.00218337299454169,3.37727107002513e-05,1.2608365655954,0.984520318073552,0.266520950791048,1.36936571466504,2.89261470834311,0.0374565571962628,0.082109375738996
20.7,1.00838044862771,1.03015191179879,28.3565684330468,0.356237384978826,0.356237384979364,7.44309175694007,1.1963592426098,1.86354546964839,1.03727883366549,0.00361252905929997,0.00180931341924272,0.380286140976654,0.0588576638488674,0.00226664216010712,3.30069647960446e-05,1.1963592426098,0.973082094300736,0.263146613167516,1.30407503891263,2.8700409656262,0.0400621156685363,0.0823904404732244
20.8,1.00838044856281,1.03015191171772,26.6413094517731,0.381528382001591,0.381528382002055,7.80096396092137,1.13130652090001,1.74502466914838,1.03894354438686,0.00393549241288898,0.00196313272575491,0.382218367491941,0.058125452998807,0.00235812824437714,3.22624540993159e-05,1.13130652090001,0.9587275625025,0.260629167493657,1.23834994699374,2.84127456153966,0.0428256865997697,0.0827123276263006
20.9,1.00838044848666,1.03015191162662,25.0634731773465,0.407732984032405,0.407732984032801,8.17924047934869,1.06686892787431,1.63391980591235,1.04042113637761,0.00428830324105422,0.00213180631175803,0.384129507315726,0.0573828134491366,0.00246225926487103,3.15392131576355e-05,1.06686892787431,0.940917546350458,0.259245230708534,1.17344854379027,2.80664408603183,0.0457474265664216,0.0830795875685434
21,1.0083804484012,1.03015191152774,23.614397365142,0.434697123404145,0.434697123404481,8.57718584635685,1.00421260088805,1.52987189594422,1.0416927566965,0.00467372095961362,0.00231691625178307,0.386017319023836,0.0566299945514173,0.00258523076173518,3.0837548620864e-05,1.00421260088805,0.919041940146321,0.259391248343548,1.11023691433949,2.76655218203857,0.0488279583293098,0.0834972187489371
21.1,1.00838044830789,1.03015191142275,22.2900305495226,0.46230897122448,0.462308971224763,8.99405526787606,0.943704235413281,1.43260900884735,1.04275242072553,0.0050935100228771,0.00251944555837385,0.387880585845223,0.0558673298371015,0.00272856568624609,3.01578399621816e-05,0.943704235413281,0.89288073215679,0.261298540997823,1.04932457603303,2.72143658324366,0.0520669199059116,0.083970731031646
21.2,1.00838044820898,1.03015191131418,21.0865505403385,0.490399845457181,0.490399845457397,9.42870516319981,0.885872114440874,1.3417750824473,1.04359982865844,0.0055504524558098,0.00274086260539081,0.389717766325863,0.0550958904308695,0.00289135033574546,2.95006262203357e-05,0.885872114440874,0.862211274016278,0.265257107489742,0.990971626490766,2.67175628519329,0.0554622294211698,0.0845061293523585
21.3,1.00838044810659,1.0301519112043,19.9931560180232,0.518751333496697,0.51875133349653,9.87941699663937,0.830972138593015,1.25694244141862,1.04420876621708,0.00604715113109969,0.00298284167869895,0.391526345793551,0.054317452488617,0.00307539148665657,2.8866712456744e-05,0.830972138593015,0.827240749859032,0.271413450786273,0.935683364900948,2.61795556717865,0.0590129677484414,0.0851090385748653
21.4,1.00838044800364,1.0301519110964,19.0025627617593,0.54717250455184,0.547172504551181,10.344419560577,0.779064109030717,1.1777750659087,1.04456392737144,0.00658588052560816,0.00324680421808935,0.393304291582717,0.0535333584990802,0.00328582670342606,2.82571028679112e-05,0.779064109030717,0.788506081048003,0.279693980361912,0.883401545082385,2.56049225101153,0.062714402773986,0.0857859908931213
21.5,1.00838044790222,1.0301519109927,18.1083438859039,0.575496604426909,0.57549660442591,10.8220510940482,0.730177723500427,1.10398271387855,1.0446606865807,0.00716890515837526,0.0035340396610791,0.395050059656229,0.0527446645599754,0.00353045299761974,2.7673042739998e-05,0.730177723500427,0.74656472047676,0.28998317415026,0.834308988110431,2.49981974160786,0.0665634982731817,0.0865431279920299
21.6,1.00838044780524,1.03015191089622,17.3016875412934,0.603468878487451,0.603468878486535,11.3095533516979,0.684268727263606,1.03515504463162,1.04449503113167,0.0077996332965127,0.00384651838040422,0.396761407987836,0.0519532684131875,0.00381772806977285,2.71169765442396e-05,0.684268727263606,0.702473673099821,0.301975998891856,0.788245444830004,2.43635120128997,0.0705531909316666,0.0873867294647212
21.7,1.00838044771542,1.03015191080975,16.5763121740295,0.630854952699055,0.630854952698353,11.8041832969349,0.641232631457532,0.970961876876343,1.04404500490954,0.00848040797151665,0.00418599956335749,0.398435783861146,0.0511620401460361,0.0041401507323261,2.65914095274634e-05,0.641232631457532,0.657287212443184,0.315315765453039,0.745137520292944,2.37051412690605,0.0746775829632225,0.0883230753270086
21.8,1.00838044763518,1.03015191073566,15.9264435719975,0.657436262026281,0.657436262025786,12.3029913342208,0.600941488459064,0.911097359039104,1.04328791758614,0.00921338474799441,0.00455423134460224,0.40007047378689,0.0503738468372631,0.00450072025543156,2.6099219145231e-05,0.600941488459064,0.61199422689713,0.329653024115972,0.704830507888901,2.30266580821206,0.07892545874897,0.0893579488376788
21.9,1.00838044756664,1.03015191067595,15.3463541048268,0.683011965460246,0.683011965459891,12.8028655956889,0.563255821070944,0.855273985336389,1.04221759460574,0.0100011041119414,0.00495298193265144,0.401663137004457,0.0495907554565637,0.00491625139657772,2.5644422731399e-05,0.563255821070944,0.567444913223824,0.344680269976361,0.667150595367068,2.2331733358907,0.0832862141736418,0.090497245854466
22,1.0083804475115,1.03015191063205,14.8299596081368,0.707406396212251,0.707406396211995,13.3006130363328,0.528030951204208,0.803221524791019,1.04079538469824,0.0108446193495059,0.00538395811515853,0.403210389789326,0.0488171867160065,0.00536134263540886,2.52310371164124e-05,0.528030951204208,0.524309588673201,0.360146820728266,0.631958012648452,2.16234852153058,0.087743611556487,0.0917456116705954
22.1,1.00838044747251,1.03015191060678,14.3716864082947,0.730473183762864,0.730473183762676,13.7930479196705,0.495122593184485,0.754686791097951,1.03901268488095,0.0117458498246373,0.00584882143692778,0.404709489313151,0.0480554315066244,0.00585913469652696,2.48641293652022e-05,0.495122593184485,0.483073476476178,0.37585848916229,0.59908208632421,2.09049064281706,0.0922804136774331,0.0931076339741274
22.2,1.00838044745211,1.03015191060259,13.9660985412264,0.752101510548835,0.752101510548701,14.277070066677,0.464388729616381,0.709432024904783,1.03685837920568,0.0127062075600845,0.00634918001767821,0.406157565442606,0.0473077976766946,0.00642241905327897,2.45508815875131e-05,0.464388729616381,0.444051508925564,0.391670591685115,0.568408190553589,2.01781035202207,0.0968647428766447,0.0945823394996127
22.3,1.00838044745025,1.03015191061863,13.6079495143587,0.772221084781153,0.77222108478106,14.7497218692897,0.435689502215972,0.667231274115316,1.03429671997378,0.0137252464741344,0.00688647959975156,0.407550842018607,0.0465781635173012,0.00701030918838712,2.42975927922813e-05,0.435689502215972,0.407404468815715,0.407480845003447,0.539796407876111,1.94456773046914,0.101472497122011,0.0961716017756188
22.4,1.00838044746824,1.03015191065618,13.2936984347264,0.790797198713701,0.790797198713638,15.2091538238056,0.40893580107057,0.627940749067407,1.03133078251842,0.0148038982440627,0.00746165085149943,0.408887526536521,0.0458673116618286,0.00765903651587164,2.41098952158863e-05,0.40893580107057,0.373222352962857,0.423226301081459,0.513086719789812,1.87110356790695,0.106090886155777,0.0978810379523491
22.5,1.00838044750604,1.03015191071434,13.017080003345,0.80781270807542,0.807812708075379,15.6519057052659,0.383950967224913,0.591282326660424,1.02794068902088,0.0159416525406271,0.00807639654917053,0.410163203926783,0.0451779624645983,0.00835732602993904,2.40009923579512e-05,0.383950967224913,0.341545807938499,0.438816960962158,0.488131864468842,1.79770851053531,0.110700026149866,0.0997138771182285
22.6,1.00838044756372,1.03015191079292,12.7747018078759,0.823318356052597,0.823318356052572,16.0763660724997,0.360633065761939,0.557100711841348,1.02407790553459,0.017134563383479,0.00873127289504001,0.411373953511523,0.0445132973472209,0.00903364719764145,2.39742218809228e-05,0.360633065761939,0.312279476816137,0.454229359572349,0.464915166413904,1.72434259153854,0.115221880095545,0.101646822021077
22.7,1.00838044764035,1.03015191089041,12.5625311311484,0.837380348246444,0.837380348246428,16.4810616562212,0.338873457164207,0.525229970237731,1.01976262401444,0.0183822924689668,0.00942669714323622,0.412516966850247,0.043873130228759,0.00978550193512413,2.40379285097016e-05,0.338873457164207,0.285322349883366,0.469437958104989,0.443252305533986,1.65139027968671,0.11965306708695,0.103690629491236
22.8,1.00838044773557,1.03015191100618,12.3767673841699,0.850086078499525,0.850086078499516,16.8649139039858,0.318567516715315,0.495511220372453,1.01497247283949,0.0196803887713663,0.0101628129960794,0.413588707759499,0.0432585798521039,0.0105590614611667,2.42048532333325e-05,0.318567516715315,0.260552338371784,0.48442407829265,0.423015852142427,1.57909201099673,0.123964871575231,0.105844500063046
22.9,1.00838044784825,1.03015191113867,12.2140932228364,0.861534432494764,0.861534432494759,17.2272849195278,0.299619123821451,0.467799281187155,1.00968682268652,0.0210233106333123,0.0109391638229527,0.414585514923624,0.0426706604062337,0.0113320715154687,2.44802507526609e-05,0.299619123821451,0.237837460501619,0.499175465201159,0.404123669017367,1.50760608392309,0.128110869464315,0.108095400133319
23,1.00838044797719,1.03015191128636,12.071522523287,0.871830511182083,0.87183051118208,17.5679183180077,0.281939297950015,0.441960313683447,1.00389226760645,0.0224046298187353,0.0117547717761073,0.415504038454208,0.0421096470654356,0.0121103419532948,2.48706007946421e-05,0.281939297950015,0.217042280620883,0.51368429431034,0.386553954933182,1.43698137802069,0.132021046357992,0.110413998489996
23.1,1.00838044812008,1.03015191144639,11.9463149279846,0.881084228691795,0.881084228691793,17.8868846922407,0.265440323597338,0.417862798211652,0.997576833535881,0.0238163565424204,0.0126079490208737,0.416340743483122,0.0415756802727527,0.0128873025773034,2.53810006962549e-05,0.265440323597338,0.198024553066969,0.527945453823782,0.370151417479596,1.36750885815734,0.135677580536202,0.112807021784496
23.2,1.00838044827571,1.03015191161744,11.8362641417956,0.88939313386984,0.889393133869839,18.1845212631598,0.250048687477029,0.395396825893551,0.990735196381883,0.0252503049014932,0.0134965724635071,0.417092719957531,0.0410685211462784,0.0136696574075958,2.60170111039827e-05,0.250048687477029,0.180659159998711,0.541956652594771,0.354813199626463,1.29938439801234,0.139042148978958,0.115267033127902
23.3,1.00838044844217,1.03015191179733,11.7392882140387,0.89685606695674,0.89685606695674,18.461385704438,0.235690739194382,0.374452495939932,0.983369569994467,0.0266971998638397,0.0144178137787182,0.417756967809512,0.0405877891068911,0.0144608066290432,2.67847903536963e-05,0.235690739194382,0.164817621541744,0.555716933529918,0.340530121765693,1.23267453255108,0.142064338758633,0.117756405225121
23.4,1.00838044861675,1.03015191198309,11.6533394685381,0.903579008852152,0.903579008852151,18.7184555374678,0.222279476188021,0.354900257586651,0.975471260412563,0.028141915674807,0.0153668872824666,0.418330089793894,0.0401329227476663,0.0152574057618604,2.76931971587553e-05,0.222279476188021,0.15034598224292,0.569226828811921,0.327229534084365,1.1675334288971,0.144701928344179,0.120257965990244
23.5,1.00838044879813,1.03015191217334,11.5774302601997,0.909615898245341,0.909615898245341,18.9563698068171,0.209771593963672,0.336675771305994,0.967042094087627,0.0295756634413821,0.0163404777273792,0.418810481435201,0.0397035029674371,0.0160588419252301,2.87463559767142e-05,0.209771593963672,0.137166723255706,0.582487506298751,0.314805720071457,1.10416090876294,0.146916963757145,0.122765200089275
23.6,1.00838044898439,1.03015191236609,11.5101971717459,0.915041813209414,0.915041813209414,19.1760462363786,0.198107491458046,0.319690520162096,0.958091459514985,0.0309863418551175,0.0173337142657125,0.419195985242534,0.0392988744704131,0.0168699123348974,2.99507592758293e-05,0.198107491458046,0.125173155449682,0.595500807151555,0.303183805600357,1.04271276952633,0.148671064332254,0.125261836888188
23.7,1.00838044917335,1.03015191255904,11.4503825810721,0.919929190532084,0.919929190532084,19.3785149969185,0.18722870603317,0.303857791867512,0.948633384564899,0.0323605050006516,0.0183408434095684,0.419484631541983,0.0389183128470134,0.017699071295692,3.13151372744859e-05,0.18722870603317,0.114260607673581,0.608269269664513,0.29239414218594,0.983171477658907,0.149981449465147,0.127701287095083
23.8,1.00838044936293,1.03015191275022,11.3968444905037,0.924347799491597,0.924347799491597,19.5650137191667,0.177073420206833,0.289086026647578,0.938673059698511,0.0336806074043692,0.0193542133664018,0.419675170685275,0.0385610402573765,0.018548502128565,3.28520137336229e-05,0.177073420206833,0.104319389800957,0.620796403996417,0.282325854630953,0.92575213260681,0.15079071592445,0.130077653062297
23.9,1.00838044955232,1.03015191293891,11.3490384741178,0.928328577426367,0.928328577426367,19.7362045062241,0.167613117723209,0.275333091892534,0.928231360911647,0.0349376176350053,0.0203690379537916,0.419767042113086,0.0382265812126016,0.0194226976365581,3.45698734339939e-05,0.167613117723209,0.0952994221341654,0.633084546616608,0.272916792321577,0.870589573186996,0.151067206007808,0.132370998130815
24,1.00838044973961,1.03015191312333,11.3058164672218,0.931938904662927,0.931938904662927,19.8933521703406,0.158787780042626,0.262510169661745,0.91733119064338,0.036114055336627,0.0213769388530023,0.419758950007835,0.0379140776043366,0.0203275961507995,3.64829271885271e-05,0.158787780042626,0.0870945764587195,0.645137649307538,0.264117287666223,0.817797839547019,0.150786595629326,0.134557210868836
