T,PIF4m,PIF5m,PIF,phyB,PR,INT,IAA29m,ATHB2m,CDF1m,FKF1m,FKF1,CDF1,COm,CO,FTm,InducedC1,InducedC2,RepressedC1,PHYAm,phyAr,phyAfr,phyAmarker
0,0.155982645896279,0.221367512769501,15.3754024071641,0.290087654593301,0.290087654594434,3.17224712882342,0.264315039897494,0.129266572851908,0.753118714002625,0.0499220921288596,0.0430403106591828,0.125587300891197,0.44328496329498,0.0192280369210951,0.147073647445544,0.264315039897494,0.767450473189015,0.820853185747402,0.367305238967986,0.38480557460726,0.00737707620703675,0.0801524966451821
0.1,0.166500303817621,0.232034681852746,6.23338472131983,0.843747175498301,0.843747175499564,4.84523262840419,0.257879823701139,0.127613755668392,0.777386989071663,0.0623588100471452,0.0431694738989323,0.129066378728382,0.424166664329048,0.107427434733095,0.143603145805836,0.257879823701139,0.75319942186486,0.812799395475737,0.360250027628307,0.371178204680473,0.0336857291679458,0.0802633793051328
0.2,0.177294175670301,0.242927785847481,2.87971464399635,0.950624811520261,0.950624811520155,7.09733842902213,0.24303948165584,0.124786783013734,0.803546658143541,0.0742872592827367,0.0446199395762263,0.132663244569461,0.405062855420909,0.226058360753649,0.140526969359399,0.24303948165584,0.684447778391714,0.820835822439452,0.345617683368492,0.353319012312267,0.0571997838937646,0.0808023376122247
0.3,0.188364551728379,0.254056660346541,2.3972093475248,0.964541406683777,0.964541406684291,9.1497365418197,0.229141462273444,0.122145982025124,0.831153091516879,0.0831873491500056,0.0469553064094896,0.136375696513298,0.386925516687863,0.334982498524082,0.138032492927775,0.229141462273444,0.619417821228161,0.829315072640893,0.331910490746922,0.337062295567001,0.073583033776625,0.0818451867868936
0.4,0.199679006011567,0.265388080431623,2.42557723501858,0.966256561308939,0.966256561309166,10.9238174280123,0.216178894664831,0.11968455565689,0.859476128748541,0.0895332693601289,0.0497678250736204,0.140204730250994,0.369699435143425,0.433743171718044,0.136180854483961,0.216178894664831,0.56050294198852,0.837639649952815,0.319127184903013,0.322231916137469,0.0845899667093505,0.0832934155305905
0.5,0.211144181822339,0.276807274045396,2.53456752108603,0.966438141804962,0.966438141805097,12.4455176200018,0.204079308444559,0.117387247926177,0.88765464337653,0.093796089948487,0.0527546684014862,0.144150414385088,0.353327431452918,0.523180447444275,0.134938810240266,0.204079308444559,0.507177976776528,0.845802465176576,0.307211154999036,0.308585282578161,0.091666746959892,0.0850105550046838
0.6,0.222862270420841,0.288463915783207,2.6557635588204,0.966491466430011,0.966491466430063,13.7491369432963,0.192797102945612,0.115246670653328,0.914819342193869,0.0963809039792503,0.0556983547395555,0.14820917598411,0.337757309637721,0.603951928025233,0.134225034363671,0.192797102945612,0.45892842299268,0.853803434134609,0.296100646435216,0.295935826182662,0.0958705390093098,0.0868643717664358
0.7,0.234753060643167,0.300250824387013,2.78145100389011,0.966494398167393,0.966494398167458,14.8658691977906,0.182269758875437,0.113249923666507,0.940197164444753,0.0976318838354009,0.0584488936102821,0.152373028545379,0.322941770651122,0.676839959240512,0.133946511861701,0.182269758875437,0.415266353287575,0.861646773598429,0.285740681782582,0.284146924294697,0.0979837600316768,0.0887514535212473
0.8,0.246792183023798,0.312148836119077,2.90959015509254,0.966486992197688,0.96648699219789,15.8224513352254,0.172453709723444,0.111389438507578,0.963189428581542,0.0978357279105254,0.0609088062517506,0.156629654849852,0.308838231330845,0.742200156625487,0.134014645209087,0.172453709723444,0.375760225775845,0.869334518087697,0.276080719241267,0.273116545456428,0.0985838370934255,0.0905960684922561
0.9,0.259081570059076,0.324298032911805,3.03825933447049,0.966506827880795,0.966506827880875,16.6418113232999,0.16329636275714,0.109654541539566,0.9833851168525,0.0972330323051453,0.0630206515275373,0.160963582854942,0.295408497046238,0.800672444368065,0.134351743790295,0.16329636275714,0.340012942991437,0.876870277825964,0.267073884196151,0.262767482366143,0.098095255437779,0.0923484794980271
1,0.27150104391306,0.336537681487118,3.1702262974492,0.966498587274666,0.96649858727488,17.3436982898365,0.154753868212297,0.108036862902992,1.00054922208618,0.0960261229399636,0.0647575309670549,0.165357327697563,0.282618282859186,0.853304126936193,0.13489469653389,0.154753868212297,0.30766691307994,0.884256948941238,0.258676188519142,0.253038235537916,0.0968379668740753,0.0939782795278737
1.1,0.284086834363734,0.348924640690004,3.30267907649595,0.966504107320904,0.966504107320872,17.9449187178958,0.146783522665828,0.106528053726428,1.01461489047459,0.0943766138041173,0.0661149939225572,0.169791925556557,0.270436715505761,0.899642019366933,0.135591182630531,0.146783522665828,0.278398767685361,0.891497333779695,0.250846304283986,0.243878223707229,0.0950548672987106,0.0954670510659655
1.2,0.296810156586306,0.361425309080509,3.43712087864684,0.966507045312277,0.966507045312292,18.4599251202369,0.139349427040775,0.1051215170794,1.02562671690515,0.0924205693285389,0.0671043989478585,0.174248413301337,0.258835803871451,0.939732713859483,0.136394956108312,0.139349427040775,0.251916538479102,0.898594238014011,0.243545724686104,0.235245981325516,0.0929249198465469,0.0968043892367519
1.3,0.309693440779499,0.374072220204562,3.57418568742261,0.966498943608753,0.966498943609115,18.9010819272635,0.132419627070574,0.103811566167122,1.03371488918416,0.0902671296564865,0.0677484043247234,0.178708125791008,0.247789940638442,0.975250704001038,0.137271352453137,0.132419627070574,0.227956485708329,0.905550307425793,0.236738582395497,0.227106170007891,0.090584177442166,0.0979860499939324
1.4,0.322705739520478,0.386827339237751,3.71123225000725,0.966500584444441,0.966500584444604,19.2789579256174,0.12595317697496,0.102589533900711,1.03906445864618,0.0880046062713998,0.0680770745891938,0.18315327321935,0.23727546755434,1.00727632679415,0.138197398255754,0.12595317697496,0.206276587143568,0.912368604462959,0.230391573307893,0.219429811662787,0.0881238135619865,0.099014553845508
1.5,0.335880754508337,0.399738608103556,3.84958906537164,0.966504137110719,0.966504137110745,19.6026413360981,0.119917924517627,0.101449164870101,1.04188899689481,0.0857064169807678,0.0681246736311304,0.187567335859993,0.227270260534428,1.03419457126299,0.139151962668201,0.119917924517627,0.18665973372514,0.919051867812161,0.224473571012787,0.21219089613929,0.0856122789741785,0.0998953025357486
1.6,0.349204589208113,0.412788075263442,3.98991964398996,0.966504005038521,0.966504005038533,19.8798482190658,0.114286000367163,0.100385255581927,1.04241620765453,0.0834322337887711,0.0679278161047268,0.191935173207942,0.217753481434107,1.05559921385783,0.140113404133216,0.114286000367163,0.168911132709071,0.925602699328302,0.218955764480164,0.205367235308913,0.0830901832475661,0.100637845401299
1.7,0.362711144630614,0.426020614474559,4.13227778757176,0.96650330331413,0.966503303314144,20.1172262136317,0.109032461976706,0.0993932818472689,1.04087136809264,0.081226177674123,0.0675236224739999,0.196242970063052,0.208705240584854,1.0735356595068,0.141066699364955,0.109032461976706,0.152854120593104,0.932023589897651,0.21381092117519,0.198935870534157,0.0806021768691197,0.101250149912563
1.8,0.37632969866856,0.439343396562351,4.27614516059484,0.966503193276233,0.966503193276241,20.3205611003041,0.104132215844876,0.0984684914634086,1.0374714759027,0.0791238805995708,0.0669484492426426,0.200478252792472,0.200106382934271,1.08842220865998,0.142001483186449,0.104132215844876,0.138326806801068,0.938317059901249,0.209014121679214,0.192877920693884,0.0781632896541901,0.101744346923363
1.9,0.390106280100085,0.452819415659763,4.42143007860284,0.966503417336316,0.966503417336316,20.4947475427317,0.0995614035251013,0.0976063046832425,1.03242568021497,0.077155620720859,0.0662373019281605,0.204629889167498,0.191938514364863,1.10031473028756,0.142910481212318,0.0995614035251013,0.125183621588517,0.944485600735536,0.20454153379014,0.187172468960903,0.0758032052379607,0.102127744204163
2,0.404099317929693,0.466524352019386,4.5686370620407,0.966503614903978,0.966503614903975,20.6439801779439,0.0952976951456558,0.0968024305795503,1.02592758656705,0.0753446480837693,0.0654233630250139,0.208688056255962,0.184183838684609,1.1092767510374,0.143787879897879,0.0952976951456558,0.113292747661407,0.950531654678221,0.200371504934023,0.181801785167324,0.0735286961573769,0.102411351477903
2.1,0.418312923219874,0.480459631973418,4.71817207522512,0.966503616382633,0.966503616382632,20.771840690056,0.0913203123629487,0.0960528831527818,1.01815392708679,0.073708192235409,0.0645376073769238,0.212644191838028,0.1768251014515,1.11543532515749,0.144628843589282,0.0913203123629487,0.10253506567123,0.956457609091936,0.196483335870721,0.176748362594451,0.0713521620040302,0.102605356848394
2.2,0.432756676137167,0.494632479535887,4.8701891027488,0.966503579053288,0.96650357905329,20.8809956912281,0.0876112318501971,0.0953542254662652,1.00924924813133,0.0722555124716527,0.0636060492630131,0.216491842684703,0.169845954807492,1.11904392155022,0.145430088867014,0.0876112318501971,0.0928123060080608,0.962265743902273,0.192858150862331,0.171995801154351,0.0692758510765721,0.102719797336942
2.3,0.447456331061669,0.509072231876078,5.02490995405433,0.966503552047545,0.966503552047547,20.974327909386,0.0841518184142796,0.0947028978364295,0.999365019486839,0.0709979470218072,0.0626556749529674,0.220224080133844,0.163229850487143,1.12031824564158,0.146188020744353,0.0841518184142796,0.0840215014020357,0.967958361945115,0.189478020824699,0.167528193369447,0.0673023705872677,0.102763175340895
2.4,0.462427662223459,0.523794121292788,5.18262805355701,0.966503515426424,0.966503515426425,21.0544592693609,0.0809242908332952,0.0940955018795731,0.988642977700661,0.0699458046264862,0.0617116585478169,0.223834557677635,0.156960576638997,1.11944594741509,0.146899656387436,0.0809242908332952,0.0760663159611541,0.973537728016298,0.186326219667724,0.163330303150876,0.065432473846956,0.1027437275818
2.5,0.477722694490976,0.538859408846114,5.34360419333997,0.966503500778863,0.966503500778864,21.1227479474366,0.0779148406516421,0.0935294119919424,0.97717844394286,0.0691009746776376,0.0607912739730445,0.227319844691756,0.151023334147247,1.11664800658827,0.147564619819887,0.0779148406516421,0.068880798379447,0.97900594232606,0.183387083133345,0.159387442078833,0.0636660140327028,0.102668609593731
2.6,0.493351636752609,0.554276417674738,5.50806848568415,0.966503517905049,0.966503517905049,21.1818633054115,0.0751055759811585,0.0930012093442374,0.965114245865977,0.0684738505948685,0.059919939120696,0.230673523993425,0.145401912415235,1.11212008155057,0.148179767912523,0.0751055759811585,0.0623676057852,0.984365272490269,0.180646851797757,0.155686294746411,0.0619935290425064,0.102545537712587
2.7,0.509289021713483,0.570004739573961,5.67593059683637,0.966503525327768,0.966503525327767,21.2320671498249,0.0724868585864352,0.0925090650998943,0.952495452716589,0.0680605531101735,0.0591060372575964,0.233895093417117,0.140083648391685,1.10601663527092,0.148746763606893,0.0724868585864352,0.0564911640772665,0.989617608909013,0.178091993026701,0.152213455076877,0.0604122857327661,0.102380803012006
2.8,0.525556807943592,0.586067470474578,5.84742084362441,0.966503538034669,0.966503538034668,21.275559569926,0.0700422796527816,0.0920498481425844,0.939447588490949,0.0678684704407497,0.0583720120406098,0.236979216999712,0.135052863984523,1.09853988074003,0.149263446274674,0.0700422796527816,0.0511654834843604,0.99476515728664,0.17570923194653,0.148955500312131,0.0589257545365641,0.102179572838502
2.9,0.542163751071877,0.60247279801124,6.02250467773099,0.966503547008395,0.966503547008395,21.3126906755916,0.0677627784588683,0.0916218367012393,0.926010799060968,0.0678960550428592,0.0577250034977274,0.239925475340741,0.130297561994431,1.08981715647399,0.149731132514858,0.0677627784588683,0.0463569421243024,0.999809746309581,0.173487998635697,0.145900868148916,0.0575214676542891,0.101947335543558
3,0.559118499841692,0.619227083238383,6.20125352110668,0.966503548138673,0.966503548138673,21.3446023873697,0.0656359901167378,0.0912226759084215,0.912263315428588,0.0681452574158427,0.05717904007112,0.242731290288547,0.125804025517481,1.08001310983667,0.150149681551941,0.0656359901167378,0.0420087410477997,1.00475337969434,0.171417530918188,0.143037883401052,0.0561949398845162,0.101688601605365
3.1,0.576430129388166,0.636338543697047,6.38376903563432,0.96650354477036,0.96650354477036,21.3720466712436,0.0636517441524538,0.0908504306491649,0.898260644146899,0.0686177889122132,0.0567439365753486,0.245395237389933,0.12155991640385,1.06926540788268,0.150519533203206,0.0636517441524538,0.0380780410179249,1.00959791892199,0.169486422968101,0.140354758782149,0.0549505573604676,0.101407210714306
3.2,0.594107910516771,0.65381652646052,6.57014360356971,0.966503542287635,0.966503542287635,21.3954550026154,0.0618014387514042,0.0905034660829851,0.884041258457238,0.0693145500010424,0.0564263848314739,0.24791680288336,0.117553809432075,1.05769310722082,0.150841661244575,0.0618014387514042,0.0345324218097653,1.01434513177892,0.167686355488399,0.137841196383811,0.0537794274687505,0.10110645175214
3.3,0.612147064565746,0.671651592549404,6.7603472749827,0.966503539066969,0.966503539066969,21.4156312483207,0.0600747226026738,0.0901798125183742,0.869663474292679,0.070237772169308,0.0562368506279956,0.250294365130254,0.113773343552726,1.04543628051276,0.151116399896089,0.0600747226026738,0.0313276053643123,1.01899688236882,0.166008745516567,0.135487122109496,0.0526776693263935,0.100789486442101
3.4,0.630502096252994,0.689785270615732,6.9540457866804,0.966503537384945,0.966503537384945,21.4327384658498,0.0584653937081831,0.0898782938039106,0.855146159765682,0.0713913093521419,0.0561788455663734,0.252528100182739,0.110209102403785,1.03258393384664,0.151344901800438,0.0584653937081831,0.0284444504930694,1.02355473136834,0.16444409508622,0.133283020338918,0.0516445811233003,0.100461217842587
3.5,0.649179771843595,0.708222780682354,7.15130249220746,0.966503537895271,0.966503537895271,21.4475218539135,0.0569632126237594,0.0895969617501401,0.840545267216868,0.0727766206783426,0.0562623070103044,0.254616576578368,0.106848680496688,1.01927497185146,0.151527642504793,0.0569632126237594,0.0258398668193961,1.02802054750583,0.162985618574575,0.131219906429887,0.0506758068727674,0.100123532486529
3.6,0.668039508049644,0.726793315765501,7.35074824560039,0.966503538528203,0.966503538528203,21.460109720568,0.0555627878045349,0.0893347947896844,0.825876372319825,0.0744005360662417,0.0564911020239733,0.256559752337765,0.103683563878518,1.00558489944007,0.151665469648063,0.0555627878045349,0.0234981817964929,1.03239579719833,0.161626415435165,0.129289305034682,0.0497682820972912,0.0997788796487935
3.7,0.687021210405298,0.745421979902715,7.55181769480428,0.966503539200865,0.966503539200865,21.470897283648,0.054256526546941,0.0890903506908264,0.811172716804658,0.0762670461405617,0.0568715896260071,0.258357041429879,0.100703423107294,0.991618567411664,0.151759132731498,0.054256526546941,0.021391488978674,1.03668213473676,0.16035880717817,0.127482864957402,0.0489180408832926,0.0994299722421447
3.8,0.706029447464665,0.763996219758794,7.75351450689896,0.966503540063162,0.966503540063162,21.4802247455944,0.0530374349554888,0.0888623016591085,0.79646389926218,0.0783817723129384,0.0574100540186353,0.260008054036481,0.0978985959642195,0.977470462795335,0.151809425695269,0.0530374349554888,0.019494749721138,1.04088117676293,0.159177209200248,0.125793182257678,0.0481222591126352,0.0990785507895402
3.9,0.724835237065939,0.782254394778773,7.95333226227434,0.966503540464471,0.966503540464471,21.4881298621064,0.0519013411292968,0.0886498592099103,0.781759496028632,0.0807559150411418,0.058110946894956,0.261513206733701,0.0952621393081248,0.963192072711063,0.151817308371516,0.0519013411292968,0.0177975700242536,1.04499432946004,0.158076087016308,0.124213208088925,0.0473778093220149,0.0987262566954155
4,0.743370121423828,0.800112394299243,8.15060891004293,0.966503540301969,0.966503540301969,21.4949906089478,0.0508408190463545,0.0884516129658933,0.767091607320472,0.0833938248207944,0.0589805403557196,0.262871962824442,0.0927838904271087,0.948885624012805,0.151783540687081,0.0508408190463545,0.0162728921577681,1.04902323516406,0.157049214766452,0.122735702274829,0.0466812005650552,0.0983746190616127
4.1,0.761515070535038,0.817467093181897,8.34364758638545,0.966503540151899,0.966503540151899,21.5008251586064,0.0498523768301242,0.0882669048148193,0.752467268633168,0.0863109048533469,0.0600250746837046,0.26408384572999,0.0904580380421696,0.934585145172852,0.151709287106912,0.0498523768301242,0.0149121370034158,1.05296935585402,0.15609206039778,0.121354564970166,0.0460293682479217,0.0980246730793708
4.2,0.779150457093186,0.834187856352288,8.53107459256466,0.966503539969044,0.966503539969044,21.5058341536974,0.0489304189578932,0.0880946743174677,0.73790650073962,0.0895161145171827,0.0612503894033233,0.265148557125373,0.0882763556792612,0.920362451771117,0.151595464415366,0.0489304189578932,0.01369716581017,1.05683422969642,0.155200169787208,0.120063934507207,0.0454191390433404,0.0976772185553949
4.3,0.79616025465897,0.850155690747183,8.71167041601877,0.966503539751141,0.966503539751141,21.5101613101093,0.0480701823546017,0.0879340201878306,0.723424919298768,0.0930216768557839,0.0626632452516508,0.266065248060727,0.0862316805940594,0.906272835033558,0.151442996140568,0.0480701823546017,0.0126132293701306,1.06061937921858,0.154366009141889,0.118855825957928,0.0448506543468438,0.0973363666014446
4.4,0.812434571052879,0.86527485060849,8.88443165421915,0.966503539651119,0.966503539651119,21.5138302685109,0.0472685844476107,0.0877843624485016,0.709028999754913,0.0968461626586447,0.0642720053974518,0.266832119966012,0.0843189610131671,0.892338757759161,0.151252850212891,0.0472685844476107,0.0116525538074824,1.06432629048151,0.153587381681516,0.117726253467543,0.0443195303731351,0.0970009606396778
4.5,0.827854482724081,0.87941988021514,9.04797514910156,0.966503539701901,0.966503539701901,21.5170109014519,0.0465204155640364,0.0876447144453135,0.694736510647255,0.100999839279037,0.0660827175579218,0.267448757033827,0.0825304325296604,0.878624827117236,0.151025972727572,0.0465204155640364,0.0107986843238271,1.06795649023992,0.152860998612616,0.116670553751544,0.0438228466133217,0.0966711294095493
4.6,0.842401409800982,0.892602814829868,9.20206167112346,0.966503539729067,0.966503539729067,21.5197043183434,0.0458234040896364,0.0875146510983636,0.680551675985538,0.105507533817065,0.0681069695413437,0.267912753170821,0.0808623187036914,0.865135486308944,0.150763348013748,0.0458234040896364,0.0100462270184432,1.07151148969165,0.152183773561286,0.115684327672051,0.0433579401071032,0.0963469675724529
4.7,0.855971919892462,0.904724372364316,9.34556366373887,0.966503539773108,0.966503539773108,21.522016937059,0.0451733255547201,0.0873933740937629,0.66648729806068,0.110383757246514,0.0703521828884721,0.268223041779493,0.0793081425643957,0.851915571398948,0.150465933319055,0.0451733255547201,0.0093826281750081,1.07499280197496,0.151553043058035,0.114763600619498,0.0429222000673236,0.0960283109749203
4.8,0.86851626701318,0.915749774349223,9.47791606401094,0.966503539832485,0.966503539832485,21.5240172854841,0.0445667525982014,0.0872802375423204,0.652552925707724,0.115647429180629,0.0728280077701057,0.268377790612811,0.0778626880903927,0.838993761650435,0.150134924054978,0.0445667525982014,0.00879802264240501,1.07840196197851,0.150966566537782,0.113904822512635,0.0425130678799713,0.0957147366486211
4.9,0.880097025425656,0.925776446274221,9.59973083959739,0.966503539861279,0.966503539861279,21.5257079419167,0.0440017222786364,0.0871748756412632,0.638752308821776,0.121325710789318,0.0755485681524533,0.268373603510169,0.0765231698348234,0.826369291170907,0.149772116368053,0.0440017222786364,0.00828731653872018,1.08174056074785,0.150422226483333,0.11310463692941,0.0421282249022752,0.0954058384497954
5,0.89062896642376,0.934728850300871,9.71007101994244,0.966503539856046,0.966503539856046,21.5271733964379,0.0434744189424445,0.0870765682123671,0.625096459625823,0.127435277226192,0.0785221699615412,0.268209128399928,0.0752836798311513,0.814078547714797,0.149378478425437,0.0434744189424445,0.00783944959588454,1.08501011153613,0.149908059199668,0.112352205481695,0.0417718361207166,0.0951103911476451
5.1,0.900186911332961,0.942705776420365,9.80980586204731,0.966503539843192,0.966503539843192,21.528425785414,0.0429828821337185,0.0869849493011857,0.61158947525224,0.134001001549025,0.0817638070140286,0.267880049394743,0.0741417347487617,0.802123117130319,0.14895608368179,0.0429828821337185,0.00744928281298579,1.08821216935411,0.14942823916049,0.111649213993592,0.0414382763321537,0.0948224646326463
5.2,0.908803575585211,0.949761612328639,9.8993149256264,0.966503539832732,0.966503539832732,21.5294944399267,0.0425246803342502,0.0868995630869254,0.59823716521934,0.141045955511274,0.0852866700269061,0.267382914797154,0.0730939454215903,0.790513129620594,0.148506691318779,0.0425246803342502,0.00711018015844214,1.09134828300921,0.148980978719061,0.110992856782957,0.041125971404072,0.0945417393361545
5.3,0.916473688277756,0.955908987509427,9.97853862995382,0.966503539817145,0.966503539817145,21.5304240923554,0.0420969870522462,0.086819878259969,0.585046811295591,0.148590847468267,0.0891023868054577,0.26671487825096,0.0721362079000482,0.779266292365316,0.148031812590086,0.0420969870522462,0.00681428012217376,1.09441998378025,0.148564808786553,0.110380672356254,0.0408334647286018,0.0942677327939025
5.4,0.923315808657391,0.961273471687037,10.0488850129874,0.966503539808599,0.966503539808599,21.5312077536045,0.0416986724899481,0.0867456857612001,0.572019905851468,0.156654021196508,0.0932285497727386,0.26586874309463,0.0712681451672386,0.768373820490927,0.147534252413867,0.0416986724899481,0.00655942192979525,1.09742869736213,0.14817857883205,0.109810543408565,0.0405594172225185,0.0939997996460002
5.5,0.92933746185739,0.965883345170131,10.1104399570131,0.966503539808039,0.966503539808039,21.5318850715304,0.0413270152511542,0.0866764745058277,0.559163302362721,0.165257669157766,0.0976772537882383,0.264841621467929,0.0704857986137022,0.757850991257439,0.147015572391191,0.0413270152511542,0.00633804033003313,1.10037597205675,0.147821456882546,0.109280696823581,0.0403026073272425,0.0937371316369347
5.6,0.934597983573939,0.969803111781128,10.1638862116475,0.966503539812297,0.966503539812297,21.5324681429589,0.0409803616792634,0.0866119353627099,0.546480409030852,0.174413396573226,0.102462606898669,0.263627282960512,0.0697879286832932,0.747699229590376,0.146478216165105,0.0409803616792634,0.00614633815970113,1.1032632059475,0.147491395283313,0.108788409583817,0.0400620057510969,0.093479938483071
5.7,0.939165246937979,0.973100462963986,10.2099987927759,0.966503539814689,0.966503539814689,21.5329627695091,0.0406573326209287,0.0865518109807297,0.533973780220235,0.184128398592456,0.107598881500982,0.262218542521828,0.0691740615613373,0.737916882072078,0.145924864253357,0.0406573326209287,0.00598151702560961,1.1060917441651,0.147177164054382,0.108323289121491,0.0398371635735571,0.0932355796073508
5.8,0.943082820883364,0.975834015705953,10.2492900545307,0.966503539818535,0.966503539818535,21.5333926738671,0.0403557674724746,0.0864956966024385,0.521648400981553,0.194422424867968,0.11309988212318,0.260610932751811,0.0686415435357829,0.728511058650177,0.145357522843571,0.0403557674724746,0.00583793525628473,1.10886308258482,0.146884423176023,0.107889264588736,0.0396269421037193,0.0929984969256326
5.9,0.946393539685454,0.978040179396874,10.2821912290913,0.966503539824397,0.966503539824396,21.5337622131054,0.0400745822788705,0.0864433896068889,0.509506814476877,0.205259205715625,0.118969826865233,0.258794566588765,0.068191780109668,0.719482033904678,0.144779264863423,0.0400745822788705,0.00571394557610015,1.11157839532335,0.146612112680208,0.107484672535978,0.0394306630642931,0.0927683868278008
6,0.949158150181126,0.979780734819484,10.309389473013,0.966503539828071,0.966503539828071,21.5340794938007,0.0398123317858196,0.0863946200329292,0.497551915069961,0.216641260652031,0.125221432587162,0.25676224061288,0.067824269523842,0.710829671880446,0.14419273419073,0.0398123317858196,0.00560652050260413,1.11423902336059,0.146359365764482,0.107108087937199,0.0392477718112652,0.0925448793195941
6.1,0.951433935562738,0.981110234316998,10.3315147069871,0.966503539825952,0.966503539825952,21.5343497895162,0.0395677571093235,0.0863491528167135,0.485786262862072,0.228557636664591,0.131864759181694,0.254505649895818,0.0675393156243308,0.702553164155373,0.143600772782034,0.0395677571093235,0.00551333150461454,1.11684624085745,0.146125508791966,0.106758324189939,0.0390778373339001,0.0923275380226054
6.2,0.95325478711644,0.982062081223773,10.3489331314101,0.966503539821683,0.966503539821683,21.5345818203775,0.039339610883854,0.0863067544943006,0.474212335484501,0.240986713237775,0.138899704891841,0.252018622502562,0.0673384598614735,0.694656621312777,0.14300641490518,0.039339610883854,0.00543202573990292,1.11940124163797,0.145910061291361,0.106434433115294,0.0389205522547397,0.0921158601742819
6.3,0.954650307868567,0.982664176963907,10.3619587657348,0.966503539819977,0.966503539819977,21.5347833318723,0.0391267366868584,0.0862672085791034,0.462832357211986,0.253901213216274,0.146323372760049,0.249295106784831,0.0672238281883482,0.687144555898219,0.142412822367249,0.0391267366868584,0.00536056911597096,1.12190517850811,0.145710819777622,0.106133742737684,0.0387746237971591,0.0919103968100907
6.4,0.955671569604799,0.982959099319382,10.3711346186327,0.966503539818174,0.966503539818174,21.534954381643,0.0389282176726593,0.0862303440932913,0.451647995284553,0.267272302863051,0.154139739675583,0.246326142840402,0.0671973910928426,0.68001547872821,0.141823235447727,0.0389282176726593,0.00529786675304533,1.12435920391238,0.145521302922664,0.105849241069504,0.0386362951196961,0.0917142462950398
6.5,0.956353127978377,0.98297567936542,10.3768257004217,0.966503539816865,0.966503539816865,21.5350978892702,0.0387431239818784,0.086195987256573,0.440660715716809,0.28107306668267,0.162345845459717,0.243105757112305,0.0672622043837223,0.6732724152136,0.141241071554265,0.0387431239818784,0.0052426751958413,1.12676442016453,0.145344948437374,0.105584114108098,0.0385075620850115,0.0915247549469589
6.6,0.956706880976395,0.982728933367354,10.379179222341,0.96650353981542,0.96650353981542,21.5352235454743,0.0385703586182355,0.0861639325246506,0.429871528609932,0.295311368474448,0.17093108101025,0.2396367606379,0.0674231170428599,0.666928244077394,0.140670030374086,0.0385703586182355,0.00519284045881356,1.12912190596387,0.145181001921653,0.105337295630766,0.0383880061103082,0.0913417662949877
6.7,0.956766022734979,0.982241655255495,10.3785306559002,0.966503539815139,0.966503539815139,21.5353301063832,0.0384092323985478,0.086134051267038,0.419281355480661,0.309945236686851,0.179889373864465,0.235911838347649,0.0676840697920555,0.660984449880287,0.140113757140641,0.0384092323985478,0.00514801914231049,1.13143268774249,0.14502881557003,0.105107869187334,0.0382772821411581,0.0911651080927614
6.8,0.956551571951582,0.981527973583425,10.3750945116877,0.966503539816856,0.966503539816856,21.5354188767531,0.0382590261183978,0.0861062090070297,0.408890749533935,0.324947299928274,0.189209908682944,0.231927949889987,0.0680501522809561,0.655447303338623,0.139576099061853,0.0382590261183978,0.00510760625573012,1.13369776148485,0.144887848171664,0.104895068100162,0.0381751186515022,0.0909945923184102
6.9,0.956076035538961,0.980600445979726,10.3690205408595,0.966503539818088,0.966503539818088,21.5354955816203,0.0381188425309532,0.0860802379895763,0.398701539954135,0.340309699163533,0.198886673816907,0.227690634591893,0.0685291306216857,0.650334010310642,0.139061512987924,0.0381188425309532,0.00506995402364349,1.1359181611668,0.144757665110342,0.104698275464135,0.0380813176436509,0.0908300151745597
7,0.955351740004599,0.979464965862796,10.3604319169118,0.966503539819028,0.966503539819028,21.5355612024422,0.0379880552864916,0.0860560210913394,0.388714101851775,0.356007290137481,0.208905970230719,0.223200223219847,0.0691278944396239,0.645654943360502,0.138574245595013,0.0379880552864916,0.00503463653127001,1.13809483044103,0.144636641301898,0.1045152196098,0.0379944416003869,0.0906715039378673
7.1,0.954386578704581,0.978123362304304,10.3494057458248,0.966503539819487,0.966503539819487,21.5356166547816,0.0378660797715705,0.0860334489888695,0.378928749817085,0.372016426669169,0.219252787562652,0.218458876175695,0.0698542704735644,0.641422711642563,0.138118751859836,0.0378660797715705,0.00500129373796132,1.1402286881351,0.144522223165017,0.104342338569951,0.0379120786843663,0.090519446904998
7.2,0.953192763274734,0.976585096338976,10.3360576429246,0.966503539819618,0.966503539819619,21.5356638201851,0.0377522874132324,0.0860124042606953,0.369345546794058,0.388333728370785,0.22991910241663,0.213474158308057,0.0707186932748651,0.637657066728523,0.137700212682258,0.0377522874132324,0.00496921104719306,1.14232066738389,0.14441559159233,0.104181267432966,0.037835563176789,0.0903732464602241
7.3,0.951783187607185,0.974861668987407,10.3205046823738,0.966503539819857,0.966503539819857,21.5357046595345,0.037646065227595,0.0859927724627153,0.359964268486253,0.404965815924072,0.240899510303569,0.208256777760571,0.0717332789311177,0.63438185162231,0.137324260583757,0.037646065227595,0.00493761425981609,1.14437169189838,0.144316252751837,0.104031312801318,0.0377644996145574,0.090232765557685
7.4,0.950156696234175,0.972947090939948,10.3027234392877,0.966503539819646,0.966503539819646,21.5357395751617,0.0375469548923989,0.0859744679222291,0.35078474997763,0.421898252659908,0.252177456003266,0.202814736292002,0.0729090629590292,0.631616961789722,0.136996121195836,0.0375469548923989,0.00490635126765783,1.14638261170995,0.144223779598774,0.103891875668019,0.0376985257649525,0.0900978620209732
7.5,0.948316053429629,0.970841170866168,10.2827302242835,0.966503539818932,0.966503539818932,21.5357693182683,0.037454487156009,0.08595740301464,0.341806437471105,0.439129714909457,0.263742286116589,0.197159992264404,0.0742596664845304,0.62938858022639,0.136721794855923,0.037454487156009,0.0048750982001063,1.14835427917736,0.144137811875609,0.103762451416617,0.0376373126256336,0.0899683885431343
7.6,0.94627551165092,0.968556423259163,10.2606954507316,0.966503539818493,0.966503539818493,21.5357953011976,0.0373681340621799,0.0859414792390399,0.333028061159349,0.456666212627724,0.275597826558973,0.191308701897301,0.0758044539866891,0.627735820908592,0.136509284399306,0.0373681340621799,0.00484322957954509,1.15028756812781,0.144058056112047,0.103642629821195,0.0375805644246391,0.0898441926866667
7.7,0.944031428144504,0.966086675920341,10.2365602476008,0.96650353981819,0.96650353981819,21.5358176107741,0.037287529069604,0.0859266281976884,0.3244486871705,0.474511723870703,0.28773128120784,0.185276238365147,0.077558817814917,0.626688614055812,0.136364979546674,0.037287529069604,0.00481064487581224,1.15218327924947,0.143983469794626,0.103530746748626,0.0375276698261884,0.0897250903094929
7.8,0.941583992900659,0.963430283586181,10.2103199603583,0.966503539818263,0.966503539818263,21.5358364773671,0.0372123042814871,0.0859127812931736,0.316066939692447,0.492675120259947,0.30013623022515,0.179080874994155,0.0795413624362282,0.626284059177237,0.136296330518435,0.0372123042814871,0.00477715729914744,1.15404221005027,0.14391309965871,0.103425269577898,0.0374780603279447,0.0896108928706295
7.9,0.938936803499667,0.960587134373206,10.1820204520516,0.966503539818054,0.966503539818054,21.535853402737,0.0371419975520268,0.0858998522056513,0.307882938529061,0.511109123031576,0.312808901286584,0.172739582397097,0.0817810417736682,0.626584380209753,0.136315652476028,0.0371419975520268,0.00474229216266602,1.1558651732533,0.143847340835173,0.103326878153017,0.0374317485874336,0.0895014484443493
8,0.936087418609049,0.957553362779967,10.1516313498404,0.966503539817808,0.966503539817808,21.5358683326118,0.0370763050714217,0.0858877843494655,0.299894999471722,0.529822554986836,0.325744375481578,0.166274244257777,0.0843002630699793,0.627635232060995,0.136431664624387,0.0370763050714217,0.00470595682262435,1.15765292897949,0.143785936687754,0.103235159175874,0.0373884732870485,0.0893965765689195
8.1,0.933032133824022,0.954324022618991,10.1191101273721,0.966503539817761,0.966503539817761,21.5358810861392,0.0370149536672157,0.0858765268806453,0.29210130248272,0.548823589605581,0.338938505485214,0.159708514835265,0.0871234290172558,0.629486779447022,0.136653767762875,0.0370149536672157,0.00466810197870202,1.15940621903378,0.143728678654483,0.103149762812596,0.0373479983391665,0.089296091042524
8.2,0.929766587340164,0.950893425998333,10.084410231717,0.966503539818029,0.966503539818029,21.5358915371702,0.0369576846095384,0.0858660316541724,0.284500103254485,0.568112553891894,0.352388158821017,0.153067420432202,0.0902780210708735,0.632196370113085,0.136992586764818,0.0369576846095384,0.0046286787200622,1.16112577125335,0.143675406247686,0.103070402693546,0.0373101128861488,0.0891997999232633
8.3,0.926285490477135,0.947254245880381,10.0474717203681,0.966503539818496,0.966503539818497,21.5359001396873,0.0369041999905389,0.0858562431550113,0.277089590108908,0.5876771323923,0.366087348816108,0.146373803045862,0.0937975586059451,0.635840543319571,0.137463271554105,0.0369041999905389,0.0045875004967852,1.16281231451407,0.143626007053982,0.102996855913319,0.0372746313003402,0.0891075055291547
8.4,0.922582879015783,0.943397248571983,10.0082214917198,0.966503539818683,0.966503539818684,21.5359083343787,0.0368541227504839,0.0858470909906492,0.269867945014616,0.607485007995707,0.380025279513311,0.139646113795575,0.0977239297353393,0.640523354418575,0.138087658813668,0.0368541227504839,0.00454413938697845,1.16446658979659,0.143578903626825,0.102927116052183,0.0372412356648252,0.089019372831914
8.5,0.918650055605697,0.939313483716611,9.96657139823401,0.966503539818848,0.966503539818849,21.5359152201851,0.0368073239274714,0.0858385513515495,0.262832844063963,0.62754410864562,0.394202351163128,0.13291647721531,0.102088309871326,0.646308225005401,0.138876574976672,0.0368073239274714,0.00449877531483232,1.16608925959309,0.143533705942626,0.102860630903556,0.0372097519024505,0.0889352836678304
8.6,0.914477550610131,0.934992197275124,9.92242004455532,0.966503539818937,0.966503539818937,21.5359207262497,0.036763610794924,0.0858305884405546,0.25598193350858,0.647845193414558,0.408614907306336,0.126213476339998,0.106929345959062,0.653282888376773,0.139846701126018,0.036763610794924,0.00445138676260308,1.16768099424082,0.143491185735605,0.10279827114579,0.0371801471040027,0.0888548429864169
8.7,0.910054559024583,0.930421430839739,9.87565227115982,0.966503539818883,0.966503539818883,21.5359247010529,0.0367228164168518,0.0858231712921743,0.249312693059744,0.668378339638854,0.423259614842115,0.119567096185699,0.112287934643986,0.661540739621191,0.141015730025169,0.0367228164168518,0.00440198316790148,1.16924244713038,0.143451248852967,0.102739855292208,0.0371523184440058,0.0887778725177592
8.8,0.905419674570432,0.925647371976564,9.82661100172642,0.966503539818908,0.966503539818908,21.5359284408576,0.0366845845976219,0.0858162332797297,0.24282310478267,0.689104274857465,0.438115467441672,0.11298490497215,0.118191639444099,0.671226444961795,0.142423615109617,0.0366845845976219,0.00435019886641098,1.17077430262946,0.143413838659682,0.102685252434522,0.0371261872280003,0.0887041908220397
8.9,0.900559337949277,0.920655555791287,9.77515277126734,0.966503539818925,0.966503539818925,21.5359316303008,0.0366488003366037,0.0858097531677552,0.236510314206272,0.710011760150277,0.453179808361129,0.106499730906881,0.124685882070113,0.682444647952646,0.144090037507144,0.0366488003366037,0.00429610587522229,1.17227718015636,0.14337893603849,0.102634382242826,0.0371016988925427,0.0886336132895371
9,0.895468797157874,0.915442178227849,9.72121468144965,0.966503539818893,0.966503539818893,21.5359341789205,0.0366153314313235,0.0858037064571981,0.230371434043177,0.731083143597061,0.4684467063719,0.100141042374149,0.131815218643921,0.695314772072127,0.146039938083804,0.0366153314313235,0.00423972598858591,1.17375169176352,0.143346559389897,0.102587214965602,0.0370788230052061,0.0885659521406267
9.1,0.890148737563198,0.910010153823996,9.66478305894494,0.966503539818802,0.966503539818802,21.535936119631,0.0365840427618063,0.0857980680750865,0.224403499759574,0.752296264504139,0.483908151152997,0.0939365300562682,0.139624374761141,0.709967991200762,0.148302106016202,0.0365840427618063,0.00418105774956884,1.17519843895429,0.14331676463218,0.102543771429717,0.03705755326458,0.0885010164257804
9.2,0.884598288822759,0.904357247535169,9.60588825477994,0.966503539818682,0.966503539818682,21.5359376191169,0.0365547619008505,0.085792805834708,0.218604009286923,0.7736182768664,0.499548572108822,0.0879021592371233,0.148117436365713,0.726529387238717,0.150916707582305,0.0365547619008505,0.00412009048278994,1.17661801280473,0.143289645201382,0.102504123040423,0.0370379075002699,0.0884386120255664
9.3,0.878815034886747,0.898476104227893,9.54460444863336,0.966503539818606,0.966503539818606,21.535938977067,0.0365272793805953,0.0857878804861137,0.212970920104749,0.795005692585077,0.515344873238115,0.082042228947234,0.157258053952457,0.745118014855695,0.153935239890494,0.0365272793805953,0.00405680441672092,1.17801099394066,0.143265332051314,0.102468391781358,0.0370199276728981,0.0883785416506497
9.4,0.87280175116655,0.892374114598014,9.48091782869551,0.966503539818551,0.966503539818551,21.5359401106409,0.0365015282446111,0.0857832797342033,0.207500684295856,0.816433491760599,0.531289919885773,0.0763892104222744,0.16710698769276,0.765890515207493,0.157389364071614,0.0365015282446111,0.00399125306216617,1.17937793703638,0.143239661949253,0.102431468779481,0.0370017046796572,0.0883219398528277
9.5,0.866559497184961,0.886053047438191,9.41486174159322,0.966503539818539,0.966503539818539,21.535941083025,0.0364773999603121,0.0857789833613411,0.202190263125739,0.837865277072028,0.547368458714295,0.070962902322738,0.177681087910891,0.788996400534389,0.16132285936234,0.0364773999603121,0.00392347875289766,1.18071938670749,0.14321542977599,0.10239673368384,0.0369845092402177,0.0882678051187057
9.6,0.86008965288851,0.879515054120957,9.34647684969093,0.966503539818598,0.966503539818598,21.5359419476126,0.0364547986886602,0.0857749735093383,0.197036533137101,0.85926207237665,0.563564216585477,0.0657824719266111,0.188994868162411,0.814591236427318,0.165782202922928,0.0364547986886602,0.00385353754458885,1.18203587282563,0.143192697596362,0.102364238989537,0.0369683729731974,0.0882159865689017
9.7,0.853343107758973,0.872697855645721,9.27523009094631,0.966503539818635,0.966503539818635,21.535942714186,0.036433571496488,0.0857712215656084,0.192037049543042,0.880594016612516,0.579850341984686,0.0608397515219171,0.200890323358432,0.84267595409452,0.170819714198481,0.036433571496488,0.003781455672846,1.18332792807239,0.143171464100235,0.102333964756484,0.0369533056226044,0.0881663612488
9.8,0.846315689756127,0.865596469138045,9.20110594199036,0.966503539818669,0.966503539818669,21.5359434124301,0.0364136394261258,0.0857677127925397,0.187188612483095,0.901818401246927,0.596207357172513,0.0561493909843042,0.213356551739584,0.873398641197393,0.176487649431369,0.0364136394261258,0.00370731133024781,1.18459605497095,0.14315174877178,0.102305921232877,0.0369393334378046,0.0881188081879754
9.9,0.838990217296221,0.858189290968704,9.12394376238974,0.966503539818692,0.966503539818692,21.5359440533642,0.036394917905024,0.0857644313716198,0.182488137646157,0.922893006758756,0.612612256967171,0.0517184032570467,0.226335668464781,0.906871283172914,0.182841787694053,0.036394917905024,0.00363118500826979,1.18584074590571,0.143133591889469,0.102280148855192,0.0369264991735222,0.0880732084001933
10,0.831362212873331,0.850473690439017,9.0436349341511,0.966503539818703,0.966503539818703,21.5359446432931,0.0363773200440199,0.0857613610873369,0.177932626700495,0.943779183494369,0.629041196645297,0.0475486984427716,0.239732802655939,0.943109968984696,0.189927241783439,0.0363773200440199,0.003553128374319,1.18706249009136,0.143117054526077,0.102256718248188,0.0369148620898391,0.0880294448834098
10.1,0.823444664531343,0.842472440233661,8.96016493453673,0.966503539818719,0.966503539818719,21.5359451865717,0.0363607590878026,0.0857584857958373,0.173519141319923,0.964441905117103,0.645470113165352,0.0436381839108754,0.253422322575861,0.982031926780389,0.197776554617472,0.0363607590878026,0.00347316156291071,1.18826177395253,0.143102218548679,0.102235730224907,0.0369044979521955,0.0879874026197715
10.2,0.815214638774215,0.834157387597082,8.87328825845232,0.966503539818717,0.966503539818717,21.5359456593906,0.0363451693969385,0.0857557931788061,0.169244554493929,0.984835550613902,0.661871012667972,0.0399850462167429,0.26729324638391,1.02370232129767,0.206450108641507,0.0363451693969385,0.0033913839973196,1.18943905287586,0.143089186618656,0.102217315786672,0.0368954990313895,0.0879469685756157
10.3,0.806663169816358,0.825520782210883,8.78283219747803,0.966503539818692,0.966503539818692,21.5359460342731,0.0363304868405554,0.085753271235535,0.165105782923771,1.0049171907478,0.678215439738392,0.0365837497272381,0.281206806622656,1.06810362624171,0.215998363983604,0.0363304868405554,0.00330787082879138,1.1905947776072,0.143076916307958,0.102200048319933,0.036887071846548,0.0879082695442484
10.4,0.797864436410785,0.816654444425856,8.68971495287343,0.966503539818675,0.966503539818675,21.5359463892155,0.0363166418582774,0.0857509067739924,0.16110034531454,1.02462298534422,0.694476863379904,0.0334343768298216,0.295136572828203,1.11503228427463,0.226398905233261,0.0363166418582774,0.00322279573605888,1.19172937474371,0.143063922362408,0.102181900000278,0.0368780806344104,0.0878715288827281
10.5,0.788817601148304,0.807561257732188,8.59384482943512,0.966503539818661,0.966503539818661,21.5359466867367,0.0363035830215574,0.0857486901363342,0.15722517568156,1.0439061690327,0.710624300123945,0.030526933633871,0.30892372955074,1.16441726766602,0.237696345866227,0.0363035830215574,0.00313625144709513,1.19284327000265,0.143051781124548,0.102165014424154,0.0368697593608899,0.087836351602096
10.6,0.779546235162829,0.798273670419499,8.49544086717419,0.966503539818657,0.966503539818657,21.5359469127742,0.036291262222295,0.0857466122283019,0.153477369342661,1.06271317223551,0.726626322740211,0.027851215891945,0.322430916155231,1.21611982122124,0.249914379998585,0.036291262222295,0.00304836256468709,1.19393687359391,0.143040464573634,0.102149352093539,0.0368621008162202,0.0878026762332135
10.7,0.770029872579969,0.788763394849074,8.39442304498586,0.96650353981866,0.96650353981866,21.5359470806637,0.0362796292588428,0.0857446634714162,0.149853697147647,1.08102418122942,0.74245493226695,0.0253982883490295,0.33559337297163,1.26997140566697,0.263041221620087,0.0362796292588428,0.00295929857197643,1.19501057777869,0.14302995234607,0.102134885807356,0.0368551041293792,0.0877704459711401
10.8,0.760200562889581,0.778937247676695,8.29036822475535,0.966503539818658,0.966503539818658,21.5359472269007,0.0362686322589678,0.0857428338880279,0.146350579771742,1.09885410621763,0.758085457509567,0.023160190656934,0.348414518628092,1.32578006159962,0.277032218201673,0.0362686322589678,0.00286927044661547,1.19606475730404,0.143020231735409,0.102121600661481,0.0368487747680891,0.0877396086751336
10.9,0.7500848545877,0.768829914711934,8.18358825078857,0.966503539818661,0.966503539818661,21.5359473407138,0.0362582386552336,0.0857411172055399,0.142965078056536,1.11615338597763,0.773484383144974,0.0211217054163243,0.360761814742715,1.38331407135068,0.291886939359368,0.0362582386552336,0.00277844707844965,1.19709978227713,0.143011297692351,0.102109494048736,0.0368431245388161,0.0877101168686499
11,0.739668153761683,0.758419796617747,8.07410000769944,0.96650353981867,0.96650353981867,21.5359474313457,0.0362484151465618,0.0857395069355153,0.139693946906304,1.13290275228425,0.788620977914284,0.0192682224236922,0.372561782769548,1.44231756731792,0.307575531642074,0.0362484151465618,0.00268703511832018,1.19811600586605,0.143003152824744,0.102098575658892,0.036838171586771,0.0876819277393431
11.1,0.728964495224629,0.747733462840784,7.96137248919564,0.966503539818677,0.966503539818677,21.5359475003172,0.0362391105140251,0.0857379933852709,0.136535978057694,1.14894988191062,0.80346374689546,0.0175961784866036,0.383868576930205,1.50270606848897,0.324025272974447,0.0362391105140251,0.0025951209833262,1.19911379542849,0.142995807397586,0.102088867478667,0.0368339403959085,0.0876550031390655
11.2,0.717954744468638,0.736742942319969,7.84537079151566,0.966503539818682,0.966503539818682,21.5359475587945,0.0362302996413786,0.0857365715482445,0.13348798057301,1.16427413582464,0.81798102441255,0.0160886361700152,0.394626323645911,1.56418003486073,0.341186251808847,0.0362302996413786,0.00250293328390421,1.20009347895761,0.14298927933302,0.10208040379173,0.0368304617889276,0.0876293095838676
11.3,0.706626693181063,0.725432362842934,7.72587875454719,0.966503539818682,0.966503539818682,21.5359476163212,0.0362219549538666,0.085735235984604,0.130547388757536,1.17881479235631,0.832140589347125,0.0147311286785267,0.404823319342587,1.6264755992323,0.358988753488763,0.0362219549538666,0.0024106725571322,1.20105537982877,0.142982647025511,0.102071700399797,0.0368267636515801,0.0876046369217661
11.4,0.695021012729427,0.713854029234985,7.60328535711251,0.966503539818679,0.966503539818679,21.535947672852,0.036214046292274,0.0857339807953179,0.127711400416192,1.1925509073692,0.845910517238276,0.0135128491470651,0.414459653254122,1.68941623551144,0.377368131253486,0.036214046292274,0.00231851985802949,1.20199981746188,0.142976193806039,0.102063220367061,0.0368231559730548,0.0875810088761431
11.5,0.683224576463977,0.702119526854746,7.47852799712238,0.966503539818678,0.966503539818678,21.5359477200929,0.0362065421321773,0.0857327998410617,0.124976960257236,1.20549990107456,0.859259104081011,0.0124258527977246,0.423544211046019,1.75289656994236,0.396263906873041,0.0362065421321773,0.00222664301461175,1.20292710578283,0.142970119746961,0.102055292122475,0.0368198582057068,0.0875584364293595
11.6,0.671238857510871,0.690231074095014,7.35146018785125,0.966503539818677,0.966503539818676,21.5359477662767,0.0361994228772463,0.0857316891332218,0.122341700555188,1.21759860359671,0.872152938881501,0.0114549203859906,0.432104465033804,1.81664093403531,0.41557777889756,0.0361994228772463,0.00213525282652244,1.2038375357952,0.142964393088765,0.102047869345263,0.03681684095238,0.0875368893793955
11.7,0.659108721597205,0.678246569674705,7.22244901601272,0.966503539818674,0.966503539818674,21.5359478119161,0.0361926678497218,0.0857306444939336,0.119803020568738,1.22881967002455,0.884558789955651,0.0105874783641511,0.44017689296158,1.88043965733892,0.435214717987844,0.0361926678497218,0.00204454806610318,1.2047313926365,0.142958984912988,0.102040910228136,0.0368140760228538,0.0875163412664199
11.8,0.646699439888688,0.665981235647941,7.09089175469878,0.966503539818672,0.966503539818672,21.5359478547789,0.0361862510951483,0.0857296607926315,0.117358225009179,1.23918054347489,0.896462218149709,0.00981805309615748,0.447722522837466,1.94425460682047,0.455151864859038,0.0361862510951483,0.00195471714358605,1.20560896360586,0.142953869142214,0.102034377477281,0.0368115364338424,0.0874967693727891
11.9,0.634062749393442,0.653501414489191,6.95724310636477,0.96650353981867,0.96650353981867,21.5359478934917,0.0361801567686088,0.0857287347308754,0.115004759673749,1.24866177691068,0.907830061469128,0.00913407856047241,0.454797717299145,2.0078822268606,0.475280877830251,0.0361801567686088,0.00186596513331491,1.20647051303873,0.142949022540079,0.102028238312366,0.0368091964089953,0.0874781547230479
12,0.621192364104226,0.640794765913065,6.82166122322192,0.966503539818671,0.966503539818671,21.5359479251331,0.0361743688583801,0.0857278629823869,0.112740054067977,1.25726158535467,0.918635491299189,0.00852537527344944,0.461440108082535,2.0711785921844,0.495513227653282,0.0361743688583801,0.00177849572314522,1.20731629908785,0.142944424711267,0.102022464466541,0.036807031378897,0.0874604820839289
12.1,0.60810006626775,0.627875695097777,6.68403380049562,0.966503539818672,0.966503539818672,21.535947950914,0.0361688702295299,0.0857270420775481,0.11056216738676,1.26490709639505,0.928851584751583,0.00798481856400987,0.46766233265251,2.13403094229723,0.515790630282111,0.0361688702295299,0.00169247132006961,1.2081465827234,0.142940058101509,0.102017032186436,0.0368050179810673,0.087443739964353
12.2,0.594813571018244,0.614781871046513,6.54405157780949,0.966503539818673,0.966503539818673,21.5359479750925,0.0361636434309646,0.0857262685370387,0.108469658274908,1.27147031877666,0.938451247679727,0.00750764032576291,0.473460052766026,2.19635067260266,0.536076640935282,0.0361636434309646,0.00160802271654015,1.20896162480949,0.142935895459172,0.102011884239416,0.0368031360671823,0.0874278489846893
12.3,0.581318915666627,0.601490247422664,6.401778592949,0.966503539818674,0.966503539818674,21.5359479933121,0.0361586776206386,0.0857255399956756,0.1064602046775,1.27694246020363,0.947410035682789,0.00708552242484794,0.478879031219952,2.25803283062528,0.556284271700239,0.0361586776206386,0.00152534722525638,1.20976165806158,0.142931857115362,0.102006800467756,0.0368013755419174,0.0874124178222551
12.4,0.567618353853367,0.58800145488819,6.25707912247575,0.966503539818674,0.966503539818674,21.5359480043207,0.0361539616062728,0.0857248540730443,0.104531990779801,1.28125875190125,0.95570331922245,0.00671253235225204,0.483947725088743,2.31899681906458,0.576348730047022,0.0361539616062728,0.00144461006155867,1.21054691522701,0.142927980703425,0.10200191205684,0.0367997091932845,0.0873977128020101
12.5,0.553864924674607,0.574505569014834,6.11175173092852,0.966503539818675,0.966503539818675,21.5359480140669,0.0361494786867419,0.0857242074723872,0.102682174855585,1.28453247957409,0.963302733013141,0.00638338745160346,0.488662424345393,2.37914472234227,0.596253679974892,0.0361494786867419,0.00136591506102072,1.21131764576406,0.142924254733586,0.101997197248557,0.0367981193349503,0.0873837071249541
12.6,0.540062702843978,0.56100550641333,5.96561498527998,0.966503539818675,0.966503539818675,21.5359480209717,0.0361452208105265,0.0857235984052525,0.100909150509833,1.28668894478685,0.970184820732628,0.00609356029820193,0.493054694851008,2.43842113402443,0.615938165758229,0.0361452208105265,0.00128941831928716,1.2120740668677,0.142920670227371,0.101992637799092,0.0367965895403049,0.0873703758504338
12.7,0.526272412695579,0.547575356914264,5.8191924669594,0.966503539818675,0.966503539818675,21.5359480260314,0.0361411788636942,0.0857230249283017,0.0992109955747668,1.28771654988965,0.976325105165435,0.00583920641406136,0.497145115700779,2.49677211808127,0.635360457789801,0.0361411788636942,0.00121525024059893,1.21281639706359,0.142917220717598,0.101988218978925,0.0367951046424626,0.0873576958961431
12.8,0.51246232782099,0.534165560964453,5.67247958036042,0.966503539818674,0.966503539818674,21.5359480296394,0.0361373422368525,0.0857224848730441,0.0975856779840912,1.28764249165897,0.981709835734799,0.00561627983193266,0.500951001370152,2.55413663945267,0.654487013865085,0.0361373422368525,0.00114351097510279,1.21354485942346,0.142913902248386,0.101983929572835,0.0367936507342611,0.0873456460381227
12.9,0.498546830079962,0.520654268794141,5.52516951096671,0.966503539818674,0.966503539818674,21.535948031868,0.0361336999106559,0.085721976030217,0.096031122195272,1.28651850207966,0.986331980612888,0.00542088382133806,0.5044877677347,2.61045377150836,0.673290742350599,0.0361336999106559,0.00107427955408203,1.21425967714253,0.14291071337515,0.101979761879893,0.0367922151682619,0.0873342069107603
13,0.484590306183416,0.507118415002222,5.37789646919527,0.966503539818674,0.966503539818674,21.5359480342395,0.0361302456890242,0.0857214970382352,0.0945454981235949,1.28435614337009,0.990170538295656,0.00525106197839109,0.507774404540121,2.66569820980304,0.691744208500608,0.0361302456890242,0.00100765805445017,1.21496105202279,0.142907655164601,0.101975711713472,0.0367907865567502,0.0873233610067908
13.1,0.470588895029922,0.493543557978922,5.23090491144853,0.966503539818674,0.966503539818674,21.5359480378305,0.0361269725974606,0.0857210464321867,0.0931269118646544,1.2811960687461,0.993212682671809,0.00510488102778346,0.510827617623085,2.71984225784617,0.709826906474401,0.0361269725974606,0.000943724324695425,1.21564918750467,0.142904731194748,0.101971778401237,0.036789354771735,0.0873130926772957
13.2,0.456618583359566,0.480030439935354,5.08399344495409,0.966503539818673,0.966503539818674,21.5359480408111,0.0361238697127836,0.0857206221570436,0.0917747092214967,1.27685219240805,0.99544611526505,0.00497880002950317,0.513662246494518,2.77283982860693,0.727507617815487,0.0361238697127836,0.000882475478238322,1.2163243107073,0.142901881379509,0.101967972302333,0.0367879518739654,0.087303267102643
13.3,0.442686845217532,0.466580786744451,4.93729206261691,0.966503539818673,0.966503539818674,21.5359480437271,0.0361209305800148,0.085720222906419,0.0904873476387823,1.27132497565374,0.996861179356771,0.00487150811897406,0.516293520291728,2.82467389125145,0.744771637580642,0.0361209305800148,0.000823951098074509,1.21698662203011,0.142899093581423,0.101964302128757,0.0367865830812451,0.0872938344224857
13.4,0.42880393686301,0.453200242192876,4.79088864148497,0.966503539818674,0.966503539818674,21.5359480469614,0.0361181491676294,0.085719847479225,0.0892634188484547,1.2646028215317,0.997449844040785,0.00478208027448374,0.518735973676765,2.87533367053227,0.761607690777147,0.0361181491676294,0.000768174030573444,1.21763631937184,0.142896414028741,0.101960773762029,0.0367852203255353,0.0872848487877158
13.5,0.414999991090726,0.439921236150587,4.64500124178988,0.966503539818674,0.966503539818674,21.5359480504363,0.036115518909411,0.0857194946202585,0.0881016342524592,1.25667027930341,0.997203991969271,0.00470931772549678,0.521002989862015,2.92480849290372,0.77800388772267,0.036115518909411,0.000715142271209724,1.21827360409708,0.142893848472738,0.101957401481208,0.036783863386468,0.0872762875857412
13.6,0.40135647828029,0.42684065359322,4.5009336215371,0.966503539818674,0.966503539818674,21.5359480538217,0.036113030969474,0.0857191627142263,0.0870001645780511,1.24765924520598,0.996108687397115,0.00465000398075806,0.523105479184718,2.9730747857385,0.793938067355269,0.036113030969474,0.000664828857825268,1.21889869240623,0.14289140469798,0.101954203133953,0.0367825135990431,0.0872681291880817
13.7,0.387895323153723,0.413980732998304,4.35862341058637,0.966503539818674,0.966503539818674,21.5359480568865,0.036110680397909,0.0857188508460907,0.0859580585134629,1.23751130886552,0.994160765960658,0.00460429101364314,0.525055847258962,3.02013949525295,0.809408657455255,0.036110680397909,0.000617203517438096,1.2195117758205,0.142889092522319,0.101951200136517,0.0367811738536291,0.087260352950369
13.8,0.374664945820691,0.401397003731619,4.21854463135856,0.966503539818674,0.966503539818674,21.5359480592262,0.0361084613542434,0.0857185579782831,0.0849741419022918,1.22623975923125,0.991354409738829,0.00457151979367382,0.52686491584544,3.06600639590069,0.824410728323944,0.0361084613542434,0.00057221586916811,1.22011305184397,0.1428869237969,0.101948417473748,0.0367798485959625,0.0872529392123465
13.9,0.361658416552813,0.389070577358378,4.08099415330854,0.966503539818674,0.966503539818674,21.535948060584,0.0361063679749767,0.0857182830897076,0.0840472705810187,1.21387622217406,0.987685608931137,0.00455087809280846,0.528542484754192,3.11068063902533,0.838939283018456,0.0361063679749767,0.000529806300801739,1.2207027181459,0.142884912406153,0.101945883699089,0.0367785438271484,0.0872458692978696
14,0.34835335166551,0.376310406791603,3.94322209651453,0.966503539818674,0.966503539818674,21.5359480614609,0.0361043934652709,0.0857180250081756,0.0831761715361424,1.20052142386009,0.983156798757274,0.00454060473249918,0.530096932717316,3.15415939080832,0.852981993548097,0.0361043934652709,0.00048991111943977,1.22128097877855,0.142883074267799,0.101943630934581,0.0367772671036598,0.0872391255149056
14.1,0.332822435267445,0.360647931982424,3.79065107242142,0.966503539818674,0.966503539818674,21.5359480622303,0.0361025310247505,0.0857177826774763,0.0823591890492313,1.18636352955289,0.977787351181557,0.00454023563383326,0.531536671083575,3.19644826991221,0.866524491275868,0.0361025310247505,0.000452385484586507,1.22184804411347,0.142881427332848,0.101941694870858,0.0367760275373383,0.0872326911555335
14.2,0.313962106976404,0.340832444678924,3.6045482638441,0.966503539818674,0.966503539818674,21.5359480629841,0.0361007728080418,0.0857175550209483,0.0815946344946791,1.17157818815834,0.97161390675638,0.00454956926034137,0.53286976651467,3.23755783447754,0.879529656730234,0.0361007728080418,0.000416969849193896,1.22240414067149,0.142879800669418,0.101939734326082,0.0367748507962703,0.0872265488393489
14.3,0.292814207630133,0.31846620582358,3.38325195965974,0.966503539818674,0.966503539818674,21.5359480636616,0.0360991110975956,0.0857173410055772,0.0808829611548596,1.1558292680681,0.964663302903752,0.00456883142134567,0.534103707530716,3.27750096045531,0.891938030455504,0.0360991110975956,0.000383398604992524,1.22294949549697,0.142878284620334,0.101937928280638,0.0367737437345079,0.0872206844195182
14.4,0.271381312303658,0.296248451269115,3.14850094606086,0.966503539818674,0.966503539818674,21.5359480642107,0.0360975406508328,0.085717139811583,0.0802248357080471,1.13882684388898,0.956926274151981,0.00459804201345898,0.535245286310158,3.31629040659703,0.903695186629835,0.0360975406508328,0.000351581676019612,1.22348430595334,0.142876880756811,0.101936278335444,0.0367727218962942,0.0872150839453984
14.5,0.250774300926276,0.275500474179084,2.9218103560789,0.966503539818674,0.966503539818674,21.5359480646638,0.0360960573248393,0.0857169507280091,0.0796191356872274,1.12078251996666,0.94838147330316,0.00463685782482294,0.536300736174742,3.35394261371999,0.914807633993687,0.0360960573248393,0.000321496900380395,1.22400875588257,0.142875583878477,0.101934772114429,0.036771803073067,0.0872097343740575
14.6,0.231250972485808,0.25636558724875,2.70909263678203,0.966503539818674,0.966503539818674,21.535948065059,0.0360946602865569,0.085716773342323,0.0790638555720163,1.10209445561578,0.9390407804446,0.00468490730986434,0.537275874601172,3.39047383329109,0.925286352023062,0.0360946602865569,0.000293334305017021,1.22452298780639,0.142874388113413,0.101933395420149,0.0367710068241597,0.0872046236232053
14.7,0.21291071739525,0.238829377184009,2.50932892055138,0.966503539818674,0.966503539818674,21.5359480654049,0.0360933492853885,0.0857166073158006,0.0785572733311575,1.08303520969484,0.928958014661351,0.00474196151693822,0.538176120577375,3.42589830912683,0.935133337523396,0.0360933492853885,0.000267300272494452,1.22502713495926,0.142873286918148,0.101932132233793,0.0367703544768018,0.0871997405711934
14.8,0.195899221326459,0.222983160925725,2.3245392358894,0.966503539818674,0.966503539818674,21.5359480657014,0.0360921198284455,0.0857164519906215,0.0781001410571618,1.06330807132745,0.918176512331248,0.00480802765627637,0.539006370612159,3.46023367766341,0.94438135193534,0.0360921198284455,0.000243279226220431,1.22552138069439,0.142872264742244,0.101930973297532,0.0367696932832428,0.0871950782028175
14.9,0.180279856283105,0.208807997131789,2.1558238589643,0.966503539818674,0.966503539818674,21.5359480659539,0.0360909678692155,0.0857163067541019,0.0776929954608122,1.04272616592573,0.906719423252911,0.00488313303967443,0.539771342803749,3.49349738278907,0.953062134094462,0.0360909678692155,0.000221183991412161,1.22600590325558,0.142871315737138,0.101929896851432,0.0367690910999928,0.0871906265485655
15,0.166037567932508,0.196203655524253,2.00355135257791,0.966503539818674,0.966503539818674,21.5359480661686,0.0360898892365316,0.0857161710067012,0.077335846545132,1.0213061572182,0.894589607904967,0.00496736680371051,0.540475296231024,3.52570713645314,0.961208162329247,0.0360898892365316,0.000200905236291466,1.22648088217118,0.142870430768137,0.101928882006228,0.0367685623946462,0.0871863775863145
15.1,0.153092315341518,0.185006645804777,1.8665201910554,0.966503539818674,0.966503539818674,21.5359480663519,0.0360888799354106,0.0857160441834046,0.0770275178268336,0.99934598848844,0.881801105083138,0.00506076867969653,0.541122102193749,3.55688666347935,0.968850311780476,0.0360888799354106,0.000182335531262619,1.22694649480128,0.142869599110409,0.101927906997087,0.0367681040242208,0.087182324601261
15.2,0.141351559256851,0.175058772538071,1.74331474973316,0.966503539818673,0.966503539818673,21.5359480665088,0.0360879363120207,0.0857159257632778,0.0767667283982757,0.977119251154138,0.868397285933309,0.00516344311328672,0.541715317313778,3.5870577057045,0.976014483275439,0.0360879363120207,0.000165382589335779,1.22740291404939,0.142868809237499,0.101926948371732,0.0367677118696342,0.0871784618883328
15.3,0.130716652837756,0.166206390668809,1.6325053832839,0.966503539818613,0.966503539818613,21.5359480666434,0.0360870547118588,0.08571581523678,0.0765532800545427,0.954680454241528,0.854421815982913,0.00527539411603797,0.542258277381764,3.61623984379375,0.982725451912835,0.0360870547118588,0.0001499477291881,1.22785031258816,0.142868048821332,0.101925980990443,0.0367673808357034,0.0871747847521895
15.4,0.121089097237092,0.158319058006077,1.53278922600388,0.966503539764617,0.966503539764617,21.5359480666147,0.0360862315221917,0.0857157121197843,0.0763882546893729,0.931830715692732,0.839921627308151,0.00539656287919428,0.54275389275304,3.64444965603278,0.989005427004061,0.0360862315221917,0.000135923168173916,1.2282888620549,0.142867340492526,0.101925142081076,0.0367670252275702,0.087171274418813
15.5,0.11238348454552,0.151293853668232,1.44319451201453,0.966503539412541,0.966503539412541,21.5359480657725,0.0360854630086137,0.0857156159350449,0.0762716548551227,0.908666796752298,0.824929892149832,0.00552713706515947,0.543204744360052,3.67170633563598,0.994877024171205,0.0360854630086137,0.00012318376331275,1.22871873508118,0.142866674921866,0.101924424241775,0.0367666277508459,0.0871679262705514
15.6,0.1045071166799,0.145003886003907,1.36248555063137,0.966503380166019,0.966503380166019,21.5359476403046,0.0360847456270226,0.0857155262049327,0.0762037085474876,0.885182596293966,0.809489467462783,0.0056671542987596,0.543613810920053,3.69789215792869,1.00036196479002,0.0360847456270226,0.000111626322514789,1.2291401023425,0.14286604362291,0.101923825927105,0.0367661664736491,0.0871647360056622
15.7,0.0973910345863692,0.139386197105943,1.28994936380968,0.966502170883148,0.966502170883148,21.5359444088234,0.0360840762796751,0.0857154425399731,0.0761839635466488,0.861596256062729,0.793635528944988,0.00581689006036893,0.543983468068015,3.72226123797759,1.00547357895458,0.0360840762796751,0.000101151824560502,1.22955312737945,0.142865444189384,0.101923375475276,0.0367656031650745,0.0871616974284902
15.8,0.0909473703151688,0.134328551669962,1.22447908783669,0.966496404796454,0.966496404796454,21.5359347838427,0.0360834514214948,0.0857153644738677,0.0762126218431053,0.837933284809724,0.777408379283401,0.00597642714905481,0.544317580609648,3.74309452252784,1.01023295330847,0.0360834514214948,9.16509254842394e-05,1.2299579805399,0.142864876526386,0.101925281505248,0.0367628961917746,0.0871587875851561
15.9,0.0851190658963207,0.129787670016295,1.16553678461107,0.96628222915678,0.96628222915678,21.5357474341889,0.0360828679747952,0.0857152916375373,0.0762906171602918,0.814253011592102,0.76085019947485,0.00614575799604179,0.544681996428639,3.66924385447608,1.01464101480038,0.0360828679747952,8.30159850671064e-05,1.23035482420225,0.142864351081015,0.102050315666436,0.0366469417686437,0.0871550772015801
16,0.0798496169722402,0.125710416932516,1.11557933062319,0.958274924520889,0.95827492452089,21.5288112202692,0.0360823234852268,0.0857152237095089,0.0764394583855212,0.790065300586616,0.743966232461469,0.00632408685938596,0.547209065221955,1.59496598528012,1.01763062123145,0.0360823234852268,7.51848158464135e-05,1.23074381273691,0.142863864974624,0.103732995771333,0.0350803488848681,0.0871414475360732
16.1,0.0750821605166473,0.122039816867797,1.09793892275064,0.910748918191037,0.910748918191037,21.4472904796343,0.0360818154580035,0.0857151603648759,0.0768447170346973,0.761707595379252,0.726518857639902,0.00650552848628447,0.558264376211208,0.054189523472578,1.00013826421853,0.0360818154580035,6.80910219449227e-05,1.23112510007825,0.142863411343195,0.111749689260491,0.0280261662010282,0.0870543010971784
16.2,0.0707679169350205,0.118731512189234,1.11236692350438,0.850633249291559,0.850633249291559,21.2185762557162,0.0360813415828303,0.0857151013050361,0.0776899269822179,0.727528413736993,0.708075322409702,0.00668806156021578,0.570920165965471,0.0325717243923946,0.976186890699982,0.0360813415828303,6.16743280464322e-05,1.23149883707424,0.142862988460856,0.120783028327629,0.0213326137280108,0.0868656987378643
16.3,0.0668624110160815,0.115746071363897,1.1370051209839,0.793693759845072,0.793693759845072,20.8592764767031,0.0360808996614029,0.0857150462480773,0.0789794795760401,0.690029470599248,0.688313757035737,0.00687808874988734,0.583036469119069,0.032241421377791,0.952796315051495,0.0360808996614029,5.58770778110744e-05,1.23186517203617,0.142862594282882,0.12925144678902,0.0162328051364012,0.0866211387375175
16.4,0.0633258211575797,0.113049158031399,1.16570945202479,0.740541562546192,0.740541562546185,20.398339418704,0.0360804876186335,0.0857149949292715,0.0806905086916557,0.651201940824327,0.667179044504056,0.00708222454890476,0.594600869497422,0.0320124550361425,0.929966526060663,0.0360804876186335,5.0645295040202e-05,1.23222425062385,0.142862226950774,0.137169569209252,0.0123869264917964,0.0863503937066833
16.5,0.0601247704929569,0.110613870495893,1.19737935754691,0.690950456781391,0.690950456781367,19.8606670024864,0.0360801035227845,0.0857149471018801,0.0828014682989905,0.612386117742419,0.644786080892938,0.00730590387286231,0.605653039608389,0.0317444284302304,0.907684021352257,0.0360801035227845,4.59305903440566e-05,1.23257621560408,0.142861884725696,0.144593153194,0.00948924311963823,0.0860711735519753
16.6,0.0572238314621037,0.108409273831971,1.23196836927678,0.644681084829733,0.644681084829712,19.2666936422814,0.0360797456068341,0.0857149025390434,0.0852873123191327,0.574422058310273,0.621351307072096,0.00755346191474912,0.616228920497986,0.0314612825017503,0.885935591036595,0.0360797456068341,4.16913770390717e-05,1.2329212063993,0.142861566007446,0.151574802050137,0.00730256839964008,0.0857932352259247
16.7,0.0545956179508646,0.106414014359862,1.26946247987036,0.601512592542125,0.60151259254211,18.6330674396451,0.036079412271222,0.0857148610335785,0.0881228653623952,0.537814044852462,0.597132334718107,0.00782815836684583,0.626359798041181,0.0311622066577377,0.864708408079838,0.036079412271222,3.78931729293301e-05,1.2332593589642,0.14286126935266,0.158155589033925,0.00565005225342246,0.0855221235244201
16.8,0.0522113386915377,0.104603875797998,1.3098704198035,0.561236896292567,0.561236896292609,17.9739267896817,0.0360791020607207,0.0857148223945809,0.0912846650070495,0.502905437376829,0.5723888618936,0.00813256475273704,0.636073517705512,0.0308516745055418,0.843989918486223,0.0360791020607207,3.45079461857598e-05,1.23359080625194,0.142860993463495,0.164366835117565,0.00440766139294798,0.0852596853279721
16.9,0.0500473547246144,0.102960609649945,1.35322132019668,0.523656365050514,0.523656365050687,17.301499024166,0.0360788136498368,0.0857147864453143,0.0947507192937912,0.469925823380424,0.547376853137206,0.00846874191613821,0.645395239751821,0.0305332609019938,0.823767795205818,0.0360788136498368,3.15137451523196e-05,1.23391567856677,0.142860737209683,0.170236912384715,0.00347611345804118,0.0850072495125428
17,0.0480870477070107,0.101473742195185,1.39958513761683,0.488591022943601,0.488591022943945,16.6248371862224,0.0360785459517768,0.0857147530346776,0.0985011733866016,0.438930872289276,0.522338779785957,0.00883794361358222,0.654345604453342,0.0302093626124288,0.804030106783629,0.0360785459517768,2.89000639455624e-05,1.23423410138036,0.142860499644555,0.175791076452022,0.00277824275311916,0.0847654972858543
17.1,0.0463093867983453,0.100125623383185,1.44904356578281,0.455874649589003,0.45587464958952,15.950939589146,0.0360782981465949,0.0857147220381801,0.102517846786476,0.409907545008648,0.497483100340719,0.00924100397063122,0.662941903792986,0.0298841640206847,0.784765266460299,0.0360782981465949,2.66704661142181e-05,1.23454619500804,0.142860280039467,0.181051395789067,0.00225547725754224,0.0845345854455069
17.2,0.0446985365053678,0.0989048450385443,1.50166282452015,0.425348928645052,0.425348928645722,15.2858754682973,0.0360780696531946,0.0857146933535231,0.106783296931424,0.382827170943781,0.472992785953535,0.0096785904949292,0.671199563253034,0.0295582811970938,0.765961893933019,0.0360780696531946,2.48422172114411e-05,1.23485207546354,0.142860077935405,0.186037087160417,0.00186442773286494,0.0843144373225155
17.3,0.0432406780183368,0.0978011082315263,1.55748861660015,0.396874012926006,0.396874012926793,14.6334988982659,0.0360778605654438,0.0857146669397372,0.111283920877168,0.35760894738982,0.449000790531009,0.0101510274545834,0.679129657883441,0.0292328762828036,0.747609103332788,0.0360778605654438,2.34721445660799e-05,1.23515184696119,0.142859893218716,0.190765019428213,0.00157301653551306,0.084104718392633
17.4,0.0419222023982101,0.0968038075026024,1.61654856106762,0.370317328386684,0.370317328387534,13.9969853048364,0.0360776713535299,0.0857146427889572,0.116008335054966,0.334169053090968,0.425617336748654,0.0106585967161175,0.686741612773904,0.0289103956238372,0.729696218447375,0.0360776713535299,2.26398400319023e-05,1.23544560735415,0.142859726229666,0.195250402753236,0.00135706039101685,0.0839050098541278
17.5,0.0407272855826534,0.0959012212183174,1.67890846052317,0.345524346920038,0.345524346920874,13.3818918691699,0.0360775015556306,0.0857146208099088,0.120939875644762,0.312461339862371,0.403017093735351,0.0112018721937295,0.69404994314629,0.0285919181479345,0.71221195690041,0.0360775015556306,2.23694367364771e-05,1.23573347054137,0.142859577915778,0.199507205131533,0.00119813311179675,0.0837149179947426
17.6,0.0396513188304523,0.0950904736788075,1.74457200156633,0.32241384460572,0.322413844606532,12.7864928745817,0.0360773557683585,0.0857146013478333,0.126074635927032,0.292347441845301,0.38117077348745,0.011780600083323,0.701052142214361,0.0282771060678171,0.69514712946448,0.0360773557683585,2.29993931942361e-05,1.23601546915744,0.142859450048836,0.203548341084275,0.00108190030138913,0.0835340548306743
17.7,0.0386794292464156,0.09436039399875,1.81359122078009,0.300839835433023,0.300839835433784,12.2154094052074,0.036077233896616,0.0857145843442437,0.13139791721151,0.273765596218174,0.360228212430963,0.0123952348820875,0.70776074001672,0.0279674292080457,0.67849068896354,0.036077233896616,2.45757035046192e-05,1.23629171081036,0.142859345532586,0.207385745069871,0.000997269725347237,0.0833620227491754
17.8,0.0378030257273724,0.0937044082321648,1.88598293510094,0.280703238543226,0.280703238543921,11.6691198203081,0.0360771415844102,0.0857145702232952,0.136901838616318,0.256617333033548,0.340216339140769,0.0130458203887466,0.714177412205681,0.0276627556483149,0.662232988941108,0.0360771415844102,2.75102780217958e-05,1.23656221564293,0.142859268826779,0.211030296964781,0.000936344678096909,0.0831983676295701
17.9,0.0370159115353664,0.0931175404884026,1.96174872924178,0.261925186441532,0.261925186442163,11.1464404440668,0.0360770875843397,0.0857145596687643,0.142581186341069,0.240793459128021,0.321110968848469,0.013732251180526,0.720299166686986,0.0273621838109429,0.646365001513677,0.0360770875843397,3.24145374483571e-05,1.23682695710463,0.14285922656434,0.214492113705508,0.0008932836170823,0.0830426492055685
18,0.0363068069121282,0.0925914311084203,2.04092237444567,0.244383814533086,0.244383814533664,10.6497288776952,0.0360770741192992,0.0857145528189094,0.148425076590188,0.226207753664744,0.302996753312295,0.014454740912629,0.726132943299605,0.0270664575010578,0.630876383944553,0.0360770741192992,3.94808942160289e-05,1.23708600680158,0.142859228345177,0.217780689176439,0.000863714806244826,0.0828944682401218
18.1,0.0356739576917882,0.0921247310164551,2.12344672161993,0.22803480120281,0.228034801203334,10.1763156129762,0.0360771301879889,0.0857145520165385,0.154432325077007,0.21277661931138,0.285785856812375,0.0152132857013924,0.731668245473768,0.0267742972937919,0.615759366289244,0.0360771301879889,5.06347381872721e-05,1.23733904757404,0.142859287789706,0.220904989735713,0.000844275890646088,0.0827534736574375
18.2,0.0351078674778208,0.0917102665560196,2.20934430350103,0.212771372610357,0.212771372610838,9.72731296364423,0.0360772602785573,0.0857145575892156,0.160594038941206,0.200405694814127,0.269524690580371,0.0160079865827962,0.736908526384183,0.0264858678447895,0.601004066931146,0.0360772602785573,6.62138160370508e-05,1.23758611695183,0.142859424169533,0.223873525720804,0.000832239618347087,0.082619358876627
18.3,0.0346043249319462,0.0913455114204095,2.29858897030594,0.198520151663021,0.198520151663471,9.30213451150171,0.0360774907698534,0.0857145716585534,0.166903901772347,0.189015304787089,0.254195054946408,0.0168388944262328,0.741849667014068,0.0262011409564618,0.586601794745613,0.0360774907698534,8.79730232437911e-05,1.23782694034266,0.142859664652175,0.226694255145394,0.000825603502314017,0.0824917990904734
18.4,0.0341626051142703,0.0910313246868434,2.39112517693218,0.185225394835663,0.185225394836083,8.89949361152442,0.0360778649379663,0.0857145977288663,0.173356017970285,0.178538955821531,0.239748998870708,0.0177060372234619,0.746483481846481,0.0259203387684163,0.572544524427173,0.0360778649379663,0.000118760850118316,1.23806100392436,0.142860047568917,0.22937466585962,0.000822883377582793,0.0823704633227829
18.5,0.0337777505752404,0.0907637646333744,2.48694579070164,0.172819852990656,0.172819852991051,8.51884017024462,0.0360784336322834,0.0857146399231366,0.179945573224572,0.168904636294935,0.226166203287822,0.0186095571558231,0.750805153319967,0.0256430555518186,0.558823872450236,0.0360784336322834,0.000161884379364134,1.23828768728167,0.142860623274504,0.231921816078001,0.000823057659093353,0.0822550413006477
18.6,0.0334461115594758,0.0905399061254551,2.58603731731061,0.161246519952221,0.161246519952592,8.15931984265348,0.036079264333641,0.0857147037249115,0.186668494577875,0.160049121540375,0.213412079657435,0.0195496194944445,0.754807763637319,0.0253688607473661,0.545431869981902,0.036079264333641,0.000221715522178258,1.23850613476306,0.142861460729925,0.234342389458213,0.000825389430225736,0.0821452326780863
18.7,0.0331640117090834,0.0903569371023086,2.68838488314713,0.150447802285715,0.150447802286062,7.82017715936846,0.0360804468954262,0.0857147964548061,0.193517027336059,0.151912314578357,0.201456874793505,0.0205262398512839,0.758483663544725,0.0250977454570224,0.532360562684566,0.0360804468954262,0.00030400265529962,1.23871517682311,0.142862657946809,0.236642789009817,0.000829200108894541,0.0820407693186214
18.8,0.0329278461828859,0.0902117792031387,2.7939715388148,0.140372590658008,0.140372590658337,7.50061220520221,0.0360821093409594,0.0857149285654024,0.200483655960188,0.144441456231841,0.19026738116043,0.0215394434296065,0.761824095261167,0.0248289780340921,0.519602313135745,0.0360821093409594,0.000416857436681176,1.23891310457077,0.142864336422961,0.238829036932354,0.000834125778221171,0.0819413930858961
18.9,0.0327341002182874,0.0901014446840276,2.90275256220417,0.130972504424178,0.130972504424516,7.19979619798247,0.036084423054058,0.0857151140795154,0.20756357944945,0.137583491630907,0.17981003581672,0.022589326151449,0.764820776782356,0.0245594396159044,0.507149633925994,0.036084423054058,0.000570995433291703,1.23909759372751,0.142866668862642,0.240906934422026,0.000839715619141098,0.081846868272357
19,0.0325822780135688,0.0900267588367083,3.01459968760121,0.122202071728688,0.122202071729026,6.91686615343607,0.0360876131183019,0.0857153714606347,0.214749819222903,0.131290136780085,0.170049926137571,0.0236758875035112,0.767464466379374,0.0242919777083458,0.494995196979941,0.0360876131183019,0.000780257241570875,1.23926555878449,0.142869881037598,0.242881968165921,0.000845706634516301,0.0817569629543937
19.1,0.0324691342758073,0.0899847362351298,3.12939301896876,0.114018898867268,0.114018898867594,6.6509504322833,0.0360919705589702,0.0857157246385367,0.222036935083459,0.125515059074734,0.160951480391626,0.0247991586881703,0.769746119773859,0.0240278480668616,0.48313185463243,0.0360919705589702,0.0010622380726585,1.23941297650706,0.142874258781956,0.244759360593577,0.000851895069408738,0.0816714558259633
19.2,0.0323927948962175,0.0899740429512952,3.24703487213458,0.10638373158506,0.106383731585363,6.40118059924424,0.0360978763264162,0.0857162050238581,0.229418134639394,0.120217129577348,0.152478959598982,0.0259591086099627,0.771656069557606,0.0237663477414157,0.471552645581161,0.0360978763264162,0.00143950633032076,1.2395345456273,0.142880192364388,0.246544104939491,0.000858149315481958,0.0815901270226836
19.3,0.0323538510660669,0.0899964402196631,3.3674709142573,0.0992598559327666,0.099259855933047,6.16671074497276,0.036105818707036,0.0857168530023348,0.236886120209215,0.115358777228009,0.144597227603074,0.027155662472039,0.773184545345369,0.0235036130111956,0.460250763426109,0.036105818707036,0.00194031296706498,1.23962344261198,0.142888278344357,0.248241104994547,0.000864304909443053,0.0815127757409563
19.4,0.0323511447930736,0.0900511667633923,3.4906603126911,0.0926130133785116,0.0926130133787719,5.94672078992507,0.0361164216498425,0.0857177203610273,0.24443590759552,0.110902723501921,0.137272000579667,0.0283887815828202,0.774322714266115,0.0232351573114423,0.44921955368561,0.0361164216498425,0.00259977559577698,1.23967092842254,0.142899149522013,0.249854957554036,0.000870309028336544,0.0814392047516795
19.5,0.0323801588059576,0.0901330010708998,3.61651570091359,0.0864111507903364,0.0864111507905794,5.74041573459115,0.0361304690226849,0.0857188724124322,0.252058304758666,0.106819676298925,0.130470085406797,0.0296582891041999,0.77506046245118,0.0229628604253244,0.438452507612826,0.0361304690226849,0.00346063443183792,1.23966602094427,0.142913455938354,0.251389930087776,0.000876233792968301,0.0813692210031
19.6,0.0324370442345263,0.0902377631825352,3.74485451834089,0.0806245521465421,0.0806245521467693,5.54703017006346,0.0361489573950869,0.0857203925813756,0.259748769838578,0.103077291971769,0.124159471996617,0.0309640797751862,0.775389851782715,0.0226974049886136,0.427943317369522,0.0361489573950869,0.00457509336535818,1.23959478110222,0.142932170079335,0.252850288049601,0.000882089532887737,0.0813026452392328
19.7,0.0325232518921014,0.0903682012146595,3.87552938047,0.0752253159589368,0.0752253159591496,5.36582622019057,0.0361731111628938,0.0857223839173714,0.267499232799684,0.0996501980892517,0.118309408527549,0.0323059301938378,0.775302036938636,0.0224327851323308,0.417685803555127,0.0361731111628938,0.00600427755011148,1.23944016630237,0.142957023500345,0.254240710243492,0.000887612692931731,0.081239320043046
19.8,0.0326406958157314,0.0905275563315944,4.00839986469532,0.0701876148713722,0.0701876148715715,5.19609795834998,0.0362044304420579,0.0857249733185558,0.275303606153521,0.0965130791467307,0.112890450053317,0.0336836218524948,0.774789618987909,0.0221625800620529,0.407673949657784,0.0362044304420579,0.00781961272770037,1.23918142238235,0.142989039657385,0.255564857163082,0.000893015918225692,0.0811790789255917
19.9,0.0327876101255633,0.0907138565471676,4.14338951168654,0.0654872945359439,0.065487294536131,5.03717212025828,0.0362447579727318,0.0857283177433035,0.283160569758573,0.0936366286086838,0.107874378929303,0.0350970074626928,0.77384803562712,0.0218871387027217,0.397901874916381,0.0362447579727318,0.0101031149330739,1.23879334151198,0.143029689888816,0.256826498996409,0.000898397062501462,0.081121770680668
20,0.03296049850428,0.0909229032674545,4.28038569870367,0.0611017516408248,0.0611017516410011,4.88840642314369,0.0362963181322518,0.0857326081423453,0.291062284744587,0.0910035220505625,0.103234304276311,0.0365457730858024,0.772470424057753,0.0216134535515446,0.388363834502578,0.0362963181322518,0.0129461754793185,1.23824603056954,0.143082139363946,0.258030517307996,0.000903510142352903,0.0810672541619721
20.1,0.0331597814235563,0.0911556653216135,4.41927607498205,0.0570099201819206,0.0570099201820868,4.74918982963917,0.0363617461746821,0.0857380725532101,0.299004703599512,0.0885931190315363,0.0989446997496222,0.038029649265768,0.770652733483477,0.0213367419234457,0.379054216668126,0.0363617461746821,0.0164480975190629,1.23750482948165,0.143148664133926,0.259180742858049,0.000908403287218086,0.0810153965256266
20.2,0.0333872117613631,0.0914148705100456,4.559938066518,0.0531921177963664,0.053192117796523,4.61894222024533,0.0364441463758223,0.0857449819666593,0.306984517625744,0.0863860398669596,0.0949814073046305,0.0395483497781576,0.768392254460871,0.0210522470024257,0.36996754491039,0.0364441463758223,0.020714555110357,1.23653000602978,0.143231789855057,0.260280908825132,0.000913137491672427,0.0809660740049829
20.3,0.0336417134145843,0.0916993399199934,4.70226455608172,0.0496301108061756,0.0496301108063228,4.4971168226656,0.0365472163921061,0.0857536631077721,0.314999136161465,0.0843649459880164,0.091321738282313,0.0411015703419343,0.765687500132234,0.020773801682003,0.361098507428331,0.0365472163921061,0.0258539291549709,1.23527634566012,0.143335327587935,0.26133546463205,0.000917702056098258,0.0809191626923885
20.4,0.0339213495657745,0.0920067634793473,4.84614305088837,0.0463074929398955,0.0463074929400335,4.38321114369487,0.0366755363491283,0.0857645276905922,0.323046860865928,0.0825144955080109,0.0879448782230994,0.0426889922196218,0.762539224324436,0.0204876162083649,0.352441961285088,0.0366755363491283,0.031972249153509,1.23369202188747,0.143464507715219,0.262349668302675,0.000922045030932723,0.0808745349500515
20.5,0.0342260667295071,0.0923373430681216,4.99146476406824,0.0432068809901611,0.04320688099029,4.27669972899635,0.0368332714345228,0.0857779488471418,0.331125705292522,0.0808182705129887,0.0848290421396731,0.0443103074493064,0.758947055877082,0.0201963976129595,0.343992676038964,0.0368332714345228,0.0391730885190268,1.23172934714083,0.143623142291574,0.263327391353931,0.000926194115606486,0.0808320910812301
20.6,0.0345569336435523,0.0926926677812972,5.13813827535442,0.0403145257042866,0.0403145257044068,4.17714682487122,0.0370264911283854,0.085794487213159,0.339236388490733,0.0792642065219838,0.0819563253517421,0.0459651867169609,0.754914846373837,0.0199038039255294,0.33574581004303,0.0370264911283854,0.0475446880234955,1.22932941757985,0.143816168229973,0.264273086116824,0.000930148305322273,0.0807917309455714
20.7,0.0349131005557153,0.0930718313141449,5.28606079772753,0.0376152628935225,0.0376152628936346,4.08408332102384,0.037260654954649,0.0858146476885272,0.347378966083705,0.0778374498485404,0.0793073158799071,0.0476533398090584,0.750445634009885,0.0196087391993628,0.327696380586499,0.037260654954649,0.0571717716502307,1.22643994959748,0.144051343685019,0.265193680389588,0.000933950570572853,0.0807533345121514
20.8,0.0352932021508691,0.0934731728375164,5.43513958263195,0.035097020932346,0.0350970209324505,3.99711948744882,0.0375430998436463,0.0858391281679484,0.355556605784658,0.0765250834697496,0.0768659356990179,0.0493745113177915,0.745547432334305,0.0193094801872528,0.319839758699888,0.0375430998436463,0.0681075226889976,1.2230033480577,0.144334561914616,0.266093809249078,0.000937602985052175,0.0807168151697291
20.9,0.0356981906425935,0.0938980831376529,5.58529847285244,0.0327470996478528,0.0327470996479502,3.91585188391084,0.0378809845442883,0.0858686190772651,0.363772815248222,0.0753159385429977,0.0746155520366994,0.0511284232878869,0.740226181254242,0.019007758823018,0.312171261390598,0.0378809845442883,0.0803942029574961,1.21896924255933,0.144673026809942,0.266979046181563,0.000941124238652913,0.0806820836014132
21,0.0361294674564382,0.0943484938750115,5.73647527995534,0.0305545085355589,0.0305545085356498,3.83992280557238,0.038282661161711,0.0859039405668757,0.372033481256935,0.0742006634174229,0.0725414431049494,0.0529148197354593,0.734490303021325,0.0187057099910007,0.30468641467083,0.038282661161711,0.0940440335048154,1.21428836747274,0.145075244222494,0.267856430711804,0.000944538474324471,0.08064904946386
21.1,0.0365862529795336,0.0948233952883097,5.88861879557039,0.0285088220370238,0.0285088220371086,3.76899305403339,0.0387571457596404,0.0859460094318136,0.380345639690497,0.0731679405603434,0.0706295743209968,0.0547335666210577,0.728351009984056,0.0184009365427161,0.297380843359953,0.0387571457596404,0.109034561605566,1.20892450080309,0.145550544578127,0.268733632770057,0.000947873820414778,0.0806176257872294
21.2,0.0370682918149055,0.0953224692131163,6.04167950958542,0.0265998049188936,0.0265998049189728,3.70272817063808,0.0393135600130995,0.0859957508832284,0.388716598214725,0.0722071610712976,0.068866122949372,0.0565845144430937,0.721819437192361,0.0180919668009501,0.29025019224072,0.0393135600130995,0.125342588494009,1.20284002959864,0.146108160115144,0.269617300270139,0.000951160316711571,0.0805877373705045
21.3,0.0375764010859126,0.095846751293174,6.19564354523264,0.024819552489366,0.0248195524894399,3.64086412114192,0.0399631906495659,0.0860544109454187,0.397162878627491,0.0713096266943187,0.0672398953099578,0.0584677449788209,0.714910361489111,0.0177817902221132,0.283290471079489,0.0399631906495659,0.142853287222672,1.19603434420635,0.146758030208191,0.270515784125701,0.000954423566174627,0.0805593078728081
21.4,0.0381106736587721,0.0963963853584239,6.35046495754914,0.0231580384089038,0.0231580384089727,3.58307319483035,0.040715374851535,0.0861229527772309,0.405693248280805,0.0704650593308079,0.0657372944705509,0.0603831401039676,0.707635073295274,0.0174702573516148,0.276497362489818,0.040715374851535,0.161533047150322,1.18847557689996,0.147508567160524,0.271443347462216,0.000957627503250515,0.0805322444185808
21.5,0.0386711808528799,0.096971416854388,6.50613930245456,0.0216079751141578,0.0216079751142222,3.52911095672622,0.0415818753658587,0.0862027440027199,0.414323035216729,0.0696646665524023,0.0643477381890167,0.062330970398381,0.700010574904212,0.0171567587810817,0.269866995973698,0.0415818753658587,0.181250767669808,1.18017945539836,0.148372668104395,0.272405039303087,0.000960852560471915,0.0805064955562031
21.6,0.0392580419117175,0.0975719624107346,6.66265659357152,0.0201617113771003,0.0201617113771603,3.47872181523327,0.0425741373248467,0.0862950953771173,0.423066877283751,0.0688994838353275,0.063060250254999,0.0643114456528577,0.692053043165173,0.0168409766306373,0.263395439759249,0.0425741373248467,0.201887964476447,1.17115475561422,0.149362293090972,0.273410336431371,0.000964134986606851,0.0804819989872624
21.7,0.0398716073461027,0.0981984413552036,6.82001572424237,0.0188118931930978,0.0188118931931538,3.43166008464466,0.0437037132695553,0.0864013941301641,0.431944078330871,0.0681608845947614,0.0618641425405641,0.0663248891310734,0.683778257688489,0.0165237923394213,0.257078829598072,0.0437037132695553,0.223328182922027,1.16141768388961,0.150490054369191,0.2744691446657,0.000967513945976835,0.0804586968882331
21.8,0.0405123609117199,0.0988514118887066,6.97824524035402,0.0175528634209038,0.017552863420956,3.38773258266202,0.0449835137069033,0.0865233114096866,0.440981281351249,0.0674412857581284,0.0607505512912046,0.0683719409166611,0.67520472258932,0.0162066006547116,0.250913597699269,0.0449835137069033,0.245406243528462,1.15101681381681,0.151769216385759,0.275591798860285,0.000971031518456867,0.0804365359104763
21.9,0.0411984747379855,0.0995535628501323,7.13773963027184,0.016377482158205,0.0163774821582537,3.34670040558994,0.0464256823323536,0.0866623327129456,0.450197218245792,0.0667322623433638,0.0597090348808876,0.0704530104198443,0.666348777248603,0.0158893787549343,0.244895923313174,0.0464256823323536,0.268008641300904,1.13996949717147,0.153213695785153,0.276789062904912,0.000974732699475436,0.08041546718024
22,0.0420130397801032,0.10040870755255,7.3003643918797,0.0152814033532887,0.0152814033533342,3.30841304830368,0.0480458600474356,0.0868206886855789,0.459623893276252,0.0660276628611245,0.0587321529437053,0.0725693085746672,0.657230320160151,0.0155716150635111,0.239022526242709,0.0480458600474356,0.290995117043376,1.12833920363641,0.154838061409621,0.278072129724941,0.00097866540001452,0.080395446298659
22.1,0.0429728194814462,0.10143756224465,7.4665473815936,0.0142579927215348,0.0142579927215772,3.27264725847327,0.0498568086442219,0.0869999750405384,0.4692829746591,0.0653193465711655,0.0578100035878797,0.0747213350913549,0.647866371299907,0.0152537859583506,0.233289673838747,0.0498568086442219,0.314238061800837,1.11615292805684,0.156700276917334,0.279474796052876,0.000982808399233632,0.080376375369833
22.2,0.044284514581359,0.102892375558278,7.64255211267534,0.0133032724388864,0.013303272438926,3.23926547192326,0.0518847394534723,0.0872038224368081,0.479215653100404,0.0646012237809082,0.0569355856205543,0.0769106695663789,0.638275708200294,0.0149364897628051,0.227694197464505,0.0518847394534723,0.337682138254779,1.10345332019438,0.15880413026086,0.281002843067175,0.0009872358102969,0.0803582353359737
22.3,0.0460304411533021,0.104867160020483,7.83260748859052,0.012412294959865,0.012412294959902,3.20809891319231,0.0541560390533429,0.0874357749796471,0.489449857526123,0.0638680103792335,0.0561009676521901,0.079138523683723,0.628476688516977,0.0146196692280231,0.222232727732359,0.0541560390533429,0.361259343714441,1.0902723146241,0.161172549021413,0.282672072218308,0.000991993499327326,0.0803409865396301
22.4,0.048277204630442,0.107419453482135,8.04513854542495,0.0115811033587288,0.0115811033587633,3.17901145769683,0.0567189045238709,0.0877023004464635,0.500008982301708,0.0631188862687943,0.055299633864786,0.0814066852077089,0.618488189903682,0.0143023585180387,0.216902134779144,0.0567189045238709,0.384999511576146,1.07662398981602,0.163831436834486,0.284499919603708,0.000997126330886091,0.0803245906463853
22.5,0.0510529631958603,0.110564766227083,8.28649001908625,0.0108056309785443,0.0108056309785765,3.15186354491763,0.0596380003123496,0.0880123060332123,0.510950105086173,0.0623442909324882,0.0545247100208731,0.0837170169348924,0.6083269360372,0.0139868646139412,0.211699274959519,0.0596380003123496,0.408929556499717,1.06252071948175,0.166808171416457,0.286504676747448,0.00100268069971364,0.0803090126819874
22.6,0.0543680244614631,0.114292456472601,8.5637341322671,0.0100820524826891,0.0100820524827191,3.12652365453644,0.0629893220114458,0.0883763343933535,0.522330375830947,0.0615356287847959,0.0537696791258113,0.0860715691934321,0.598009545630173,0.0136752725330846,0.2066210683491,0.0629893220114458,0.433103366150005,1.04796917468154,0.170167944891798,0.288711980987956,0.00100871238441037,0.0802942134661497
22.7,0.0582184736503954,0.118583912354402,8.88174631958359,0.00940706157784965,0.00940706157787765,3.10287767348282,0.0669043640960074,0.0888141082903076,0.534178561915293,0.0606952425109559,0.0530288680990794,0.0884730269200607,0.587552938174208,0.0133645082159779,0.201664591320046,0.0669043640960074,0.457569207895459,1.03298285272907,0.174060625920978,0.291163185060863,0.00101529667503363,0.0802801398556715
22.8,0.0626177250566198,0.123440563287271,9.24589473422902,0.00877717446579337,0.0087771744658195,3.08080554684304,0.0715016490322433,0.0893441845746736,0.546541438815276,0.0598193688690187,0.0522964354548657,0.0909238700688893,0.576973536658588,0.0130548596044247,0.19682686668717,0.0715016490322433,0.482347617594663,1.01758196083599,0.178631345709994,0.293905215208264,0.00102253184219041,0.0802667547791836
22.9,0.0675683569303897,0.128859017832418,9.65956221245816,0.00818949181052265,0.00818949181054703,3.06020685281175,0.0769677750874405,0.0899980964017526,0.559469752887561,0.0589063566020531,0.0515676604370544,0.0934272678694703,0.566286570512182,0.0127466192546854,0.192105089327903,0.0769677750874405,0.507418612120056,1.00180459641839,0.184074082082371,0.29699812310133,0.00103054200915997,0.0802540215487159
23,0.0730748067739081,0.134837840848938,10.1260931173314,0.00764123438709809,0.00764123438712084,3.04098531963601,0.0835237032012189,0.0908199627101345,0.573016781902658,0.0579551874355803,0.0508382762772613,0.0959866495901005,0.555506503895408,0.0124407579241527,0.187496505171256,0.0835237032012189,0.532703091646007,0.985705150236732,0.190603764179829,0.300522350910953,0.00103948700590142,0.0802419109599728
23.1,0.0791409614507013,0.141375244056784,10.6487845985236,0.00712961155886004,0.00712961155888127,3.02304426651312,0.0913845724410276,0.0918514499554538,0.58723544680855,0.0569647272716707,0.0501039456765558,0.0986054046469749,0.544647935865559,0.0121381146165274,0.182998353267364,0.0913845724410276,0.55813376560694,0.969334947503203,0.198473000987739,0.304570124470972,0.00104955197452898,0.0802303944282793
23.2,0.0857562684956692,0.148454509004969,11.2297238133888,0.00665234604530782,0.00665234604532762,3.00630451425393,0.100864638746729,0.0931774637652862,0.60216611363142,0.0559390701812517,0.0493620627876465,0.101287737305396,0.533723842736238,0.0118380971815247,0.178608057981181,0.100864638746729,0.583545452943645,0.952769554753945,0.20795725131776,0.309262149185927,0.00106097938569394,0.0802194448875736
23.3,0.0929174096059507,0.156066289325361,11.8716289594538,0.00620689493687725,0.00620689493689573,2.99067783039203,0.112227209564773,0.0948609428691336,0.617855265445305,0.0548796786776168,0.0486091351058826,0.104037431945559,0.522748041324387,0.0115408056996497,0.174322948150376,0.112227209564773,0.608823534330203,0.936071878294829,0.21936088526182,0.31473596858148,0.00107405352210643,0.0802090376963952
23.4,0.100595638370397,0.164174462730077,12.5751397351962,0.00579141283269984,0.00579141283271708,2.97609982150536,0.125845386779028,0.0970599829739192,0.634377555593264,0.05378557457371,0.0478438700381586,0.106859588666923,0.511730926236754,0.0112466527765777,0.170140615354419,0.125845386779028,0.633770879638631,0.919315370116215,0.233009704874473,0.321157039060009,0.00108912817211773,0.0801991467342818
23.5,0.108778645325966,0.172760265330035,13.3422222331269,0.00540368109615312,0.00540368109616921,2.96249074483211,0.142016581172099,0.0998724312587602,0.65178480357303,0.0526582054689114,0.0470635736814032,0.109758440567528,0.500685215971413,0.010955744688901,0.166058480384563,0.142016581172099,0.658246323912582,0.902566012506765,0.24923016085364,0.32871271391136,0.00110662579951144,0.0801897482843419
23.6,0.11741874490708,0.181767540167159,14.1718450887496,0.00504393805630569,0.0050439380563207,2.94980020031635,0.161057140888762,0.103558636772238,0.670085826308506,0.0515094551254483,0.0462685784826314,0.112739550865037,0.489621298073979,0.0106671420930823,0.16207426225323,0.161057140888762,0.682094333322573,0.885874874595434,0.268360728591078,0.337614289605609,0.00112704556166364,0.0801808190511397
23.7,0.126491447776126,0.19116459137429,15.064957343644,0.00471181939720709,0.0047118193972211,2.93795937045998,0.183280161560369,0.108268813350147,0.68932556558391,0.0503429441743501,0.0454572180316385,0.11580763575667,0.478550879265689,0.0103807826262532,0.158185487324616,0.183280161560369,0.705160635841629,0.869305513886444,0.290663953545074,0.348090756406419,0.00115116692345365,0.0801723381992989
23.8,0.135964388972269,0.200918862495055,16.0182281956251,0.00457389845711245,0.00457389845710931,2.9270527243289,0.208881672821346,0.114348686182323,0.709526910858661,0.0491676517954865,0.0446310036410843,0.1189683461607,0.46748182497735,0.0101034938212695,0.154389942178222,0.208881672821346,0.72733763835402,0.852892145354111,0.316351114326511,0.360385003885633,0.00118328537760492,0.080164286968517
23.9,0.145804838085981,0.210994434310988,16.9653816394413,0.0130173352511124,0.0130173352510501,2.92320284949625,0.237807852165348,0.122132680364228,0.730765213673742,0.0480596516847695,0.0437930234003808,0.122227286086102,0.45636560955538,0.0100253566043454,0.150685422361153,0.237807852165348,0.74853127315974,0.836664599255574,0.345210511327006,0.374571203758745,0.00137533887817643,0.0801566748019359
24,0.156003692338262,0.221387702888041,15.3777890762051,0.290077416876678,0.290077416876466,3.17233946532573,0.264383879996913,0.129312561192912,0.753136756529148,0.0499212609598068,0.0430382468321651,0.125590930024451,0.443275670004705,0.0192272580525689,0.147070853733249,0.264383879996913,0.767555159192428,0.820777045195553,0.367293160828913,0.38453950904885,0.00736825336374195,0.0801521935222888
