T,PIF4m,PIF5m,PIF,phyB,PR,INT,IAA29m,ATHB2m,CDF1m,FKF1m,FKF1,CDF1,COm,CO,FTm,InducedC1,InducedC2,RepressedC1,PHYAm,phyAr,phyAfr,phyAmarker
0,1.00838046198161,1.03015192467055,120.673941177956,0.287486910012537,0.287486910231516,3.04707639120094,1.92277421340625,5.41515869610325,0.401162800647923,1.78369649281408,1.44151218250343,0.00796854151297482,0.985346172257563,0.0397416393416759,0.0867776546094949,1.92277421340625,1.03340599363408,0.148919544383952,2.02646971901576,3.77787680661958,0.0745465404877514,0.0811255406897249
0.1,1.00838046198161,1.03015192467055,43.6076449179647,0.843299981165966,0.84329998120364,4.73437531850285,1.90981596725471,5.31261747893683,0.402438818831189,1.7898892823473,1.43749765438435,0.00813130290000254,0.956289397422272,0.238258765846844,0.086128653521971,1.90981596725471,1.03264462702944,0.146045829862658,2.01349989043809,3.49786952965725,0.32590582499492,0.087952152868535
0.2,1.00838046198161,1.03015192467055,16.2763862587273,0.950597255443923,0.950597255448985,7.00178256349442,1.8118508705162,4.9678905943254,0.402708336777376,1.79153489726794,1.4345854569896,0.00836311144888667,0.926009988062262,0.511464463404786,0.0924011134492205,1.8118508705162,1.01421703590574,0.145966172625545,1.92422647373305,3.20447530627461,0.539607743854159,0.103343840643139
0.3,1.00838046198161,1.03015192467055,11.7077021053092,0.964515140471007,0.964515140471295,9.06789271810504,1.69364869511658,4.63793265758269,0.40195129420024,1.78423989417244,1.43175811790602,0.00859300306539762,0.897919888520804,0.768533907462591,0.10615808180492,1.69364869511658,0.946907225115757,0.159980292580011,1.80457332208798,2.945380222021,0.678028086659799,0.121087468910446
0.4,1.00838046198161,1.03015192467055,11.0265242548242,0.966263973571737,0.966263973571646,10.8536786165749,1.5825120878953,4.33019134060791,0.400250263323076,1.76762161125301,1.42804670429329,0.00878605360312158,0.871882454724798,1.00781461942932,0.125589296950588,1.5825120878953,0.867018546311331,0.179250382727601,1.69267430154342,2.71487584011052,0.761030919811726,0.139054747881898
0.5,1.00838046198161,1.03015192467055,10.92992431426,0.96647184712623,0.966471847126135,12.3853824535321,1.47873227755547,4.04324907804311,0.397724633838983,1.74192045858213,1.42260752124565,0.0089329458691155,0.847750236036295,1.23053704481386,0.148885696253328,1.47873227755547,0.790020558550997,0.199297639834188,1.58808325569054,2.50838681601833,0.804472840112379,0.156607166928165
0.6,1.00838046198161,1.03015192467055,10.9101733854976,0.966507966196916,0.96650796619695,13.6976608927842,1.38189352863564,3.77569828034517,0.394508376407068,1.70781900195462,1.41475680279184,0.00903829499745352,0.825386882588744,1.43788552880462,0.174609549118567,1.38189352863564,0.718457049903986,0.219371036773732,1.49041851726929,2.32228456545211,0.819952358624709,0.173494914155368
0.7,1.00838046198161,1.03015192467055,10.9123958913625,0.966502511059198,0.966502511059162,14.8217918957284,1.29153762289381,3.5262360474797,0.390734154127149,1.66633470860189,1.40398998291088,0.00911353902119154,0.804665403956312,1.63099200861412,0.201784787313559,1.29153762289381,0.652689106058084,0.239264319013864,1.39932894219821,2.15363280995092,0.816179067641281,0.18958358574074
0.8,1.00838046198161,1.03015192467055,10.9129253432867,0.966502743983121,0.966502743983099,15.7846959061761,1.20724053784802,3.29363894781409,0.38652444841293,1.61869255162099,1.38998681244364,0.00917256218770931,0.785466938968717,1.81069137070457,0.229784241658627,1.20724053784802,0.592576933725515,0.258888965995522,1.31440980989237,2.00012589490786,0.799303966637653,0.204815834315238
0.9,1.00838046198161,1.03015192467055,10.9090489518733,0.966505750784383,0.966505750784446,16.6093914202123,1.12860080372367,3.07676745073767,0.381987331287951,1.56620988838554,1.37260782781998,0.00922910662200923,0.767680205808967,1.97810277302429,0.258193562960362,1.12860080372367,0.537804633151399,0.278202898023162,1.23523605144654,1.85991133579769,0.773704992769304,0.219166256654224
1,1.00838046198161,1.03015192467055,10.9100158373716,0.966503848951056,0.966503848951072,17.3157764217783,1.05523922019511,2.87455886825952,0.377213367346587,1.51020767031367,1.351860565787,0.00929466221500545,0.751200428982725,2.13421799109177,0.286717257199341,1.05523922019511,0.487985773664996,0.297186509320933,1.16141623135091,1.73150316463188,0.742402705324588,0.232620621668284
1.1,1.00838046198161,1.03015192467055,10.9109921900896,0.966503224227002,0.966503224227019,17.9208818774882,0.98680213035116,2.68602049181204,0.372276445252875,1.45192441451714,1.32788511318024,0.0093780107997706,0.73592946820206,2.27972429189478,0.315148480226445,0.98680213035116,0.442727052227302,0.315830080435166,1.09258117163092,1.61355126966836,0.707955457712019,0.245166885278845
1.2,1.00838046198161,1.03015192467055,10.911387747641,0.966503719430658,0.966503719430681,18.4392272740052,0.922959779689872,2.51022838160007,0.367235946758132,1.392463944649,1.3009287323469,0.00948549100117661,0.721775725119771,2.41522826968972,0.343334760349966,0.922959779689872,0.401643470678803,0.33413041644516,1.02839419945427,1.50496126242349,0.672044667131223,0.256798586417776
1.3,1.00838046198161,1.03015192467055,10.9113462667219,0.966504183104128,0.966504183104136,18.8822153974991,0.86341665763757,2.34635638371381,0.362135575639163,1.33271225366533,1.27133782533809,0.00962091189267545,0.708657282990517,2.54136086680576,0.371173782810977,0.86341665763757,0.364386334658791,0.352088814553181,0.968543463171357,1.40481971982274,0.635785864183083,0.26751244359141
1.4,1.00838046198161,1.03015192467055,10.9112160246132,0.966503952379785,0.966503952379727,19.2603256056776,0.807888331365368,2.19360984892109,0.357012600898413,1.27345808863924,1.23948050143256,0.00978682827888728,0.696495389122279,2.65875951648872,0.398576300955018,0.807888331365368,0.330620531899947,0.369707599321297,0.912738540558963,1.31234710496314,0.599926694641779,0.277306724776348
1.5,1.00838046198161,1.03015192467055,10.9109827585204,0.966501793658062,0.966501793657865,19.5854534425726,0.75607389122926,2.05114717218797,0.351914502022894,1.21563546564781,1.20568674567449,0.00998779732635752,0.68520658016363,2.76804463248481,0.425431934306544,0.75607389122926,0.29999130728722,0.386987398947303,0.860705974740388,1.22685337215937,0.565010596265859,0.286175770292985
1.6,1.00838046198161,1.03015192467055,10.9122280460988,0.966499956362692,0.966499956362314,19.8614352896459,0.707774237567527,1.91841559817416,0.346842206902455,1.15934379662969,1.17042702799393,0.0102199032480331,0.674736456986312,2.86985482343567,0.451728653233835,0.707774237567527,0.272278281853106,0.403935871982465,0.812196247089425,1.14775206708765,0.531343688538476,0.294122237620439
1.7,1.00838046198161,1.03015192467055,10.9150553860362,0.966497363439431,0.966497363438804,20.0997401098221,0.662693333697282,1.79458742319729,0.341840034887714,1.10547390323867,1.13404365825598,0.0104870792947712,0.665002949283172,2.96481639776704,0.477362677124038,0.662693333697282,0.2471323579272,0.420554187504277,0.766964932769746,1.07447140394223,0.499207488262482,0.301152480553284
1.8,1.00838046198161,1.03015192467055,10.9170165686769,0.96649606687343,0.966496066872682,20.3038185107194,0.620645228513383,1.67914528168493,0.336911401928324,1.05408647477647,1.09693313993689,0.0107860420069949,0.655955747759852,3.05335733988533,0.502323426783037,0.620645228513383,0.224357873863432,0.436848809335909,0.724796964688029,1.00655513619134,0.468693096322736,0.307270306017052
1.9,1.00838046198161,1.03015192467055,10.9164087048263,0.96649757621459,0.966497576213998,20.4785755895162,0.581423434272718,1.57151403522588,0.33206682150691,1.00539269448303,1.05948768187081,0.0111147461861669,0.647538596633124,3.13595614620347,0.526583636056338,0.581423434272718,0.203730082253164,0.452825345647475,0.685469146799705,0.943515138247703,0.439944067145525,0.312480416065894
2,1.00838046198161,1.03015192467055,10.913951232502,0.966501161627844,0.96650116162761,20.6301411026472,0.544808642560089,1.47108250198147,0.327323355366924,0.95971566393264,1.02205546989909,0.0114726585786807,0.639691602090023,3.21309646756212,0.550099774372772,0.544808642560089,0.185006555029134,0.468488336238374,0.648809608157633,0.885047437793517,0.41284244539778,0.316794130412351
2.1,1.00838046198161,1.03015192467055,10.9125287696313,0.966503143424325,0.966503143424289,20.7587689586648,0.510677402870182,1.37750923052247,0.322671042969995,0.916727849390488,0.984885505988631,0.011855597196159,0.632382840637065,3.2849501044075,0.572889337314159,0.510677402870182,0.168082002296963,0.483844774168141,0.614616580668912,0.830732511153165,0.387444287210673,0.320221005272049
2.2,1.00838046198161,1.03015192467055,10.9114732610751,0.966504151333289,0.966504151333351,20.8704524554067,0.478809051385175,1.29017920903827,0.318125860088473,0.876749094731348,0.948356042134866,0.0122625680595082,0.625551971481152,3.3520234067333,0.594911985358811,0.478809051385175,0.152711726116595,0.498899534927138,0.582741709541268,0.780301309819295,0.363633237367146,0.322788177214584
2.3,1.00838046198161,1.03015192467055,10.9107944256639,0.966504760895514,0.966504760895636,20.9654179592805,0.44910017244402,1.20880660136602,0.313680765080161,0.839509264714807,0.912558839731897,0.0126900047223943,0.619173315342019,3.4144819866916,0.616187499707658,0.44910017244402,0.138817739146275,0.513658460943397,0.553014867013484,0.733425296047142,0.341373772991928,0.324515041913502
2.4,1.00838046198161,1.03015192467055,10.9108363139221,0.966504535239393,0.966504535239491,21.0470436789836,0.421378501157226,1.13291243123729,0.309340554516138,0.805045924660176,0.877780405910916,0.0131355929531327,0.613200760668532,3.472678799156,0.636702313988881,0.421378501157226,0.126224449976384,0.528127149059985,0.525300776449143,0.689863836226532,0.320571625561954,0.325434884647809
2.5,1.00838046198161,1.03015192467055,10.9113240504131,0.966503817482769,0.966503817482796,21.1172048962955,0.395513024720148,1.06213314207489,0.305105031983688,0.773292443738324,0.844165511698635,0.0135963270242473,0.607600703101131,3.52687860047722,0.656460855773507,0.395513024720148,0.114812316878438,0.542311001141044,0.499480273540103,0.649406894131853,0.301154626918901,0.325590940378964
2.6,1.00838046198161,1.03015192467055,10.9115833993735,0.966503456876862,0.966503456876853,21.1767958615278,0.371399572435595,0.996180281586047,0.300970735327365,0.744113747747373,0.81176690398491,0.0140687507897789,0.602347674391046,3.57728856420247,0.675479276991824,0.371399572435595,0.104498288350249,0.556215294931437,0.475425251219654,0.611825825045731,0.283045793072416,0.325021509300666
2.7,1.00838046198161,1.03015192467055,10.911803876649,0.966503304799582,0.966503304799558,21.2284493757261,0.348883545354718,0.934624381293475,0.296939768465446,0.717481615627452,0.780817006097582,0.0145502383687352,0.597400849180813,3.62421752509383,0.693752241591775,0.348883545354718,0.0951314177907017,0.569845634100368,0.452980824505971,0.576831426036145,0.266175883472678,0.323751862995116
2.8,1.00838046198161,1.03015192467055,10.9119640625878,0.966503165873827,0.96650316587379,21.2720985822218,0.327902113236811,0.877292264401734,0.293005465180536,0.693162604949714,0.751224647684919,0.0150389809521928,0.592747891452079,3.66779885865422,0.711309166259707,0.327902113236811,0.0866779685594651,0.583206826830706,0.432045298155447,0.544252597722056,0.250467539264106,0.321833141185078
2.9,1.00838046198161,1.03015192467055,10.9119466868636,0.966503237127966,0.966503237127936,21.3096900666704,0.308320988077905,0.823811249502622,0.2891677285948,0.67108513215423,0.723149986016947,0.0155320885707557,0.588354177608409,3.70830074187663,0.728153238223321,0.308320988077905,0.0790141484657477,0.596304339406682,0.412560937003759,0.514015179925024,0.23583892114487,0.319337859643919
3,1.00838046198161,1.03015192467055,10.9117989782627,0.966503451308467,0.966503451308459,21.3421120929538,0.290046662588199,0.773922462177635,0.28542327290806,0.651125339565505,0.696619425594138,0.0160271754469016,0.584197861903348,3.74591123272154,0.744301525175321,0.290046662588199,0.0720656681903285,0.60914324732511,0.394373838785972,0.48583294819826,0.222217991240535,0.316291771881553
3.1,1.00838046198161,1.03015192467055,10.911727571694,0.966503549622111,0.966503549622112,21.3696056026634,0.273012232115844,0.727441244596504,0.281766997877437,0.633144295540635,0.671576712097608,0.0165221311711582,0.580265461724624,3.78076461200011,0.759779632973921,0.273012232115844,0.0657896332932706,0.621728363941448,0.37737963592807,0.459526605070955,0.209532108714006,0.312742842314426
3.2,1.00838046198161,1.03015192467055,10.9116610100057,0.96650360041326,0.966503600413266,21.3934997366069,0.257105785362537,0.684057382259434,0.278196830063211,0.617025500509346,0.648104693234387,0.01701438810186,0.576529341142451,3.81308638543673,0.774598805863505,0.257105785362537,0.060090179950872,0.634064947269573,0.361579472408687,0.435130646767776,0.197734283690606,0.308774980342994
3.3,1.00838046198161,1.03015192467055,10.9116164441885,0.966503634440734,0.966503634440743,21.4137541660374,0.242280119998292,0.643641048950279,0.274706202018441,0.60272597576996,0.626121590146772,0.0175006738501458,0.572982839231173,3.84296915819157,0.788788509384886,0.242280119998292,0.054943837041596,0.646157492066169,0.346832886011283,0.412392638736538,0.186743100347983,0.304423853897527
3.4,1.00838046198161,1.03015192467055,10.9116165430056,0.966503619778526,0.966503619778534,21.4311692620835,0.228446459928605,0.605946550471557,0.271291462101814,0.590134284367198,0.605644295309349,0.0179784421182229,0.569605693613436,3.87059126969576,0.802366989425019,0.228446459928605,0.0502813784877926,0.658011008328921,0.333047204652962,0.391156981596393,0.176488761145303,0.299741411737707
3.5,1.00838046198161,1.03015192467055,10.911654763813,0.966503564537783,0.966503564537785,21.4462278023985,0.21553438880225,0.57077931426637,0.267948187086268,0.579153649122385,0.586655057460952,0.0184452498978694,0.566383983098317,3.89609477302782,0.815356357946573,0.21553438880225,0.046052816548153,0.669630227208521,0.320220806179456,0.371435856212524,0.166957059426928,0.294780672263375
3.6,1.00838046198161,1.03015192467055,10.9116736041616,0.966503538116917,0.966503538116917,21.4589797298836,0.203499602873311,0.538017460007158,0.264671037778259,0.569702668223983,0.56908999240707,0.0188989501330447,0.56331292301815,3.91957066598425,0.827783842770937,0.203499602873311,0.042235185404259,0.681019465220548,0.308261758332641,0.353075026499853,0.158078649354892,0.289593592925557
3.7,1.00838046198161,1.03015192467055,10.9116912137148,0.966503524569224,0.966503524569222,21.4700376894605,0.192262930991198,0.507442057121701,0.261455751421695,0.561683833933959,0.552944278430739,0.019336880144147,0.560375433926111,3.94117767138668,0.839670149981641,0.192262930991198,0.0387697126377902,0.692183607107694,0.297089611212848,0.335941415235865,0.149791195689484,0.284232266068212
3.8,1.00838046198161,1.03015192467055,10.9117045856385,0.966503517803041,0.966503517803039,21.4795190991576,0.181781224518522,0.478934346973507,0.258297538596897,0.555027166585809,0.538164928828947,0.0197574976717739,0.557566902097368,3.9610089639119,0.851041633741836,0.181781224518522,0.0356328164100423,0.703126864756194,0.286675548576096,0.319991217105792,0.142074154777763,0.278727998240779
3.9,1.00838046198161,1.03015192467055,10.91170537036,0.966503522881493,0.966503522881491,21.4876252732416,0.172004183577811,0.452355700296551,0.255191616429788,0.54965539873044,0.524706366749754,0.0201589396390355,0.554880278664742,3.97916999090242,0.86192370938044,0.172004183577811,0.0327942305147116,0.713853597993383,0.276979022873489,0.305160589317566,0.134897059070755,0.27311771194374
4,1.00838046198161,1.03015192467055,10.9116892715106,0.966503541408623,0.966503541408624,21.4945508574825,0.162882968795843,0.427571531682639,0.252133302021031,0.545495075612598,0.512523368034102,0.0205393855200433,0.552308984541803,3.99576438712927,0.872341611726993,0.162882968795843,0.0302247834862409,0.72436812302944,0.267925963240909,0.291328430089388,0.128201082546399,0.267454377789732
4.1,1.00838046198161,1.03015192467055,10.9116784660309,0.966503555431479,0.966503555431481,21.5005247126411,0.154372199341727,0.404456765302441,0.249118612586965,0.542492189713675,0.501580251143541,0.0208970705988676,0.549847420658675,4.01089470302793,0.882318534205604,0.154372199341727,0.0278966394666598,0.73467459078842,0.259479324502671,0.278435847009055,0.121958953088604,0.261763495428764
4.2,1.00838046198161,1.03015192467055,10.9116741362527,0.966503557955853,0.966503557955854,21.5056298991737,0.14643304420899,0.382904614535541,0.246142940257436,0.540585701550729,0.491822740661657,0.0212305236929666,0.547492401714911,4.02464792809686,0.891880597565683,0.14643304420899,0.025789784038977,0.744777100228991,0.251627459947802,0.266466035433953,0.116165175692282,0.256046185827582
4.3,1.00838046198161,1.03015192467055,10.9116756738898,0.966503551404258,0.96650355140426,21.5099948481531,0.139027025740528,0.362809197700025,0.243202316969973,0.539724407964103,0.483206930545989,0.0215381895238801,0.545240628954147,4.03711364371064,0.901052055370793,0.139027025740528,0.0238830766438014,0.754679669093321,0.244300797872789,0.255306203276269,0.110764589397862,0.250359169181551
4.4,1.00838046198161,1.03015192467055,10.9116764499644,0.966503547645615,0.966503547645615,21.5137480173494,0.13211750686644,0.344069709910644,0.240293113964585,0.539863016313633,0.475692404151228,0.0218185193415788,0.543089296410624,4.0483797007913,0.909856430411776,0.13211750686644,0.0221563867734452,0.764386240389605,0.237452682667519,0.244881532682847,0.105721681925929,0.244737169703643
4.5,1.00838046198161,1.03015192467055,10.9116828244465,0.966503540718812,0.966503540718812,21.516938432201,0.125673719761116,0.326601675516417,0.237411475802422,0.54096137950094,0.469229351046756,0.0220702154616768,0.541037707265447,4.05852329122512,0.918318441127459,0.125673719761116,0.0205954686910075,0.773900656707474,0.231077050026705,0.235184992830684,0.101032181795092,0.239167342212561
4.6,1.00838046198161,1.03015192467055,10.9116884883419,0.96650353429262,0.96650353429262,21.5196806428744,0.119661958102202,0.310312380528252,0.234554431720769,0.542975733729293,0.463782357693891,0.0222919851717385,0.539083635156658,4.06762780913237,0.926461158274622,0.119661958102202,0.0191820116585744,0.783226737001373,0.225142311933319,0.226166928580436,0.0966721733876887,0.233666753044077
4.7,1.00838046198161,1.03015192467055,10.9116914293233,0.966503531895157,0.966503531895156,21.5220250733104,0.114054421930486,0.295125525288532,0.231718849342271,0.545873272268048,0.459308937906481,0.0224826281878132,0.53722703625324,4.07576739006325,0.934308102990655,0.114054421930486,0.0179032400018364,0.792368188066941,0.219599756454883,0.217749088043346,0.0926045617909868,0.228272536237839
4.8,1.00838046198161,1.03015192467055,10.9116899313933,0.966503535602411,0.966503535602411,21.5240213757376,0.108824580420698,0.280968304511994,0.228901950935553,0.549623113094839,0.455769824223662,0.0226410658168673,0.535468015013829,4.08301447152149,0.941882441342396,0.108824580420698,0.0167470011710278,0.801328652515859,0.214413590901072,0.209874783371862,0.088802174328896,0.223006669482636
4.9,1.00838046198161,1.03015192467055,10.9116894918276,0.966503537493309,0.966503537493308,21.5257387338707,0.103945377049156,0.267766410786571,0.226101463168007,0.554192017944969,0.453131622815953,0.0227664696973825,0.533805834846313,4.08944201935883,0.949207069157977,0.103945377049156,0.0156999882013445,0.8101117257833,0.20960136251927,0.202575736116878,0.0852776127909114,0.217827636068412
5,1.00838046198161,1.03015192467055,10.911687552367,0.966503539824823,0.966503539824823,21.5272052816714,0.0993943828436256,0.255458382570233,0.223315159990625,0.559556257891297,0.45135847044088,0.0228579558612285,0.532241649119483,4.09511675587847,0.95630458353245,0.0993943828436256,0.0147529103527791,0.818720906450188,0.205111170343222,0.195768559431068,0.0819916928996171,0.212776588533804
5.1,1.00838046198161,1.03015192467055,10.9116851100341,0.966503541997782,0.966503541997782,21.5284610538413,0.0951491159337424,0.243982574663265,0.220541337149942,0.565688746575667,0.450417892156162,0.0229149552234335,0.530775809208811,4.1001046891017,0.963197298812816,0.0951491159337424,0.013895876192389,0.827159638368766,0.200914836543889,0.189409186878426,0.0789229202202398,0.207866440045584
5.2,1.00838046198161,1.03015192467055,10.9116836606529,0.96650354319048,0.966503543190481,21.529540077314,0.091188668268267,0.233281686199773,0.217778627346996,0.572564127888804,0.45027924919488,0.0229370603119561,0.529408858290372,4.10446935838659,0.96990725744907,0.091188668268267,0.0131199780195931,0.835431296889172,0.196996088842964,0.18347281129344,0.0760589927314024,0.203097125985742
5.3,1.00838046198161,1.03015192467055,10.9116845725866,0.966503541475141,0.966503541475141,21.5304597419526,0.0874947307257409,0.223305613410377,0.215025855777628,0.580162827367944,0.450913406921014,0.022923894746363,0.528142235808887,4.10827095212708,0.976456257895823,0.0874947307257409,0.0124182634950906,0.843539181359744,0.193355716591095,0.177962225622045,0.073400781892736,0.19844998350813
5.4,1.00838046198161,1.03015192467055,10.9116837344611,0.96650354163605,0.96650354163605,21.5312607158103,0.0840473204448979,0.213999568136754,0.212282114096059,0.588461672629078,0.4522918646821,0.0228752244655671,0.526975293990202,4.11156910005501,0.982865278402469,0.0840473204448979,0.0117818531007417,0.851486551969458,0.189957714888775,0.172820701799162,0.0709207498978516,0.193946457769203
5.5,1.00838046198161,1.03015192467055,10.9116835920396,0.96650354128498,0.96650354128498,21.5319486388862,0.0808312538438773,0.205322073705513,0.209546908918637,0.597444399869371,0.454389186118501,0.0227910027320534,0.52590984108727,4.11441907962749,0.989155576857367,0.0808312538438773,0.0112057396239977,0.85927657117763,0.186780485149515,0.168014816442162,0.068602482221231,0.189592290155462
5.6,1.00838046198161,1.03015192467055,10.9116845477358,0.966503540399578,0.966503540399578,21.5325325310495,0.0778318457825675,0.197233008684791,0.206820023165719,0.607095241449292,0.457181213734743,0.0226713074615869,0.524947119154428,4.11687426958118,0.995347925201107,0.0778318457825675,0.0106849474946096,0.866912343052268,0.183821880345505,0.163541796029041,0.0664450201531835,0.185375627870841
5.7,1.00838046198161,1.03015192467055,10.9116860002684,0.966503539308849,0.966503539308849,21.5330315510712,0.0750338803163969,0.189690751155718,0.204101364535433,0.617395431295716,0.460644375260885,0.0225164342351286,0.524087171883203,4.11898664065672,1.00146233308438,0.0750338803163969,0.0102136873053466,0.874396929470838,0.181068485587532,0.159381112245637,0.0644384517688294,0.181294810043426
5.8,1.00838046198161,1.03015192467055,10.9116868451858,0.966503538547122,0.966503538547121,21.533467347197,0.072422596604338,0.182654916879084,0.201391053484522,0.628325605576176,0.464756219419583,0.0223268593767786,0.523329494150334,4.12080623895092,1.00751826758966,0.072422596604338,0.00978620126284119,0.881733337879881,0.178497423276363,0.155497326366334,0.0625653462649458,0.177356734943035
5.9,1.00838046198161,1.03015192467055,10.9116872878194,0.966503538325102,0.966503538325102,21.5338363501673,0.0699872599655623,0.17609627720681,0.198689741903685,0.639874498179343,0.469497356527557,0.0221031062184175,0.522675384745157,4.1223793145673,1.01353544908505,0.0699872599655623,0.00939982549447401,0.888924476959117,0.17609215923496,0.151864991481131,0.0608133116026285,0.173562595583979
6,1.00838046198161,1.03015192467055,10.9116868986506,0.966503539064127,0.966503539064127,21.5341407996079,0.0677171406313063,0.169985591233427,0.195998239741267,0.652029240700782,0.474849241845373,0.0218458971804158,0.522125291141729,4.12375040254921,1.01953296639711,0.0677171406313063,0.00905154849629016,0.895973206812267,0.173863792381154,0.148501499456165,0.0591915955192727,0.16989505501431
6.1,1.00838046198161,1.03015192467055,10.9116869651335,0.966503539260631,0.966503539260631,21.534410005091,0.065597794646514,0.164283293435734,0.193316547317994,0.664770318997262,0.480790780064015,0.0215563580801613,0.521676101014299,4.12496311934381,1.02552894505275,0.065597794646514,0.00873511992806662,0.902882396767549,0.171785612206368,0.145365627313252,0.0576798367803731,0.166362130206385
6.2,1.00838046198161,1.03015192467055,10.9116868200452,0.966503539556669,0.966503539556669,21.5346380834889,0.0636211142654057,0.158967372105744,0.190646067917403,0.678087742364559,0.487306631225585,0.0212355071769903,0.521328298122651,4.12605728095479,1.03154175846826,0.0636211142654057,0.00844905239692061,0.909654776538683,0.169844381215346,0.142437038891421,0.0562682250142838,0.162962803513625
6.3,1.00838046198161,1.03015192467055,10.9116864464471,0.966503539851964,0.966503539851964,21.534828133067,0.0617781973983011,0.154013590164154,0.187988037997508,0.691969571831554,0.494381317839898,0.0208846176845144,0.521080885355623,4.12707094755492,1.0375891686351,0.0617781973983011,0.00819094435304661,0.916293041823161,0.16802686191283,0.1396953980297,0.0549469498493592,0.159696057289448
6.4,1.00838046198161,1.03015192467055,10.9116859934148,0.966503540122204,0.966503540122204,21.5349883074659,0.0600593729751839,0.149395565514971,0.185343494636372,0.706399149698366,0.501997942201664,0.0205050845926771,0.520931449770679,4.12803964664755,1.04368819136565,0.0600593729751839,0.00795766951689708,0.922799861130101,0.166339757051405,0.13715145886939,0.0537211339696894,0.156551329347153
6.5,1.00838046198161,1.03015192467055,10.9116856763068,0.966503540346675,0.966503540346675,21.5351273383973,0.0584553191308555,0.145087866239299,0.182713546491195,0.721358725900094,0.510139957900688,0.0200984535518598,0.520876928203143,4.12899655268164,1.04985532062907,0.0584553191308555,0.00774615713282729,0.929177854538255,0.164769228006844,0.13478394798527,0.0525805168240472,0.153527889774775
6.6,1.00838046198161,1.03015192467055,10.9116855673898,0.96650354035634,0.96650354035634,21.5352451360429,0.0569594107100079,0.141072508609657,0.180099942646719,0.736837071153233,0.518794888910033,0.019666481511843,0.520915214577431,4.12997286413361,1.05610699951936,0.0569594107100079,0.0075550300246384,0.935429549100796,0.163301926958615,0.132572357200148,0.0515152054192734,0.150624773733703
6.7,1.00838046198161,1.03015192467055,10.9116858138273,0.966503540043425,0.966503540043425,21.5353442260049,0.0555648066636121,0.137330895664096,0.177504334603911,0.75282019818814,0.527949613838051,0.0192110611174776,0.521043201307139,4.13099727901528,1.06245895890295,0.0555648066636121,0.00738258521873623,0.941557434788954,0.16192781754823,0.130501341480068,0.0505177866836021,0.147839431330689
6.8,1.00838046198161,1.03015192467055,10.9116858693061,0.966503539905083,0.966503539905083,21.5354306091909,0.054263029823547,0.133839903302091,0.17492724183542,0.769290333661271,0.537585944229082,0.0187341761365681,0.521256570005321,4.1320945536087,1.0689242829686,0.054263029823547,0.00722608130235192,0.947564004608764,0.160648571837382,0.128573745909463,0.049589527850134,0.145165841334673
6.9,1.00838046198161,1.03015192467055,10.9116859748433,0.966503539767396,0.966503539767396,21.5355047765716,0.053048783967321,0.130585177128176,0.172370692470925,0.786233903547085,0.547692891477635,0.0182380427228948,0.521551460814681,4.13328886562904,1.07551789649233,0.053048783967321,0.00708450552820531,0.953451635051621,0.15946027031305,0.126783728542031,0.048727550710276,0.142599640316792
7,1.00838046198161,1.03015192467055,10.9116860968123,0.96650353970047,0.96650353970047,21.5355681530297,0.0519164992160857,0.127551596499018,0.169836329505501,0.803635806341265,0.558257869498783,0.0177250081081465,0.521923275232169,4.13460140230153,1.08225334675442,0.0519164992160857,0.00695658936010815,0.95922267183026,0.158350358812501,0.125112032701033,0.0479225755605486,0.140139024867862
7.1,1.00838046198161,1.03015192467055,10.911686218348,0.966503539666219,0.966503539666219,21.5356228896227,0.0508602630864533,0.124723088656392,0.167325368793918,0.82147903681709,0.569266306856113,0.0171973581801768,0.522367174110116,4.13605032475096,1.08914190378902,0.0508602630864533,0.00684082714092191,0.964879435972637,0.157311435129797,0.1235474057532,0.0471691422183768,0.137780664115372
7.2,1.00838046198161,1.03015192467055,10.9116863152098,0.966503539620762,0.966503539620762,21.5356707507372,0.0498745626151405,0.122084673664851,0.164839009275317,0.839746127661325,0.580703707944057,0.0166574929011558,0.52287791366048,4.13765127602602,1.09619392597626,0.0498745626151405,0.00673585536894437,0.970424201867032,0.15634164444839,0.122087113363259,0.0464659384961599,0.135520726819812
7.3,1.00838046198161,1.03015192467055,10.9116863244973,0.966503539647146,0.966503539647146,21.535711671725,0.0489552462297246,0.11962511486371,0.162378964667086,0.858421017984349,0.592558324494687,0.016108153667746,0.52344963289928,4.13941803955188,1.10342062999168,0.0489552462297246,0.00664094427957083,0.97585916880622,0.155442362864303,0.120733382426194,0.0458140680830563,0.133355090317741
7.4,1.00838046198161,1.03015192467055,10.9116862087979,0.966503539762884,0.966503539762884,21.5357460129562,0.0480980832570815,0.117332949773479,0.159946684406261,0.877486408934709,0.604817240438053,0.0155520072455946,0.524076326020954,4.141361714043,1.11083130007868,0.0480980832570815,0.00655526167266929,0.981186504096947,0.154602812365204,0.119469776586655,0.0452055465770838,0.131280728229805
7.5,1.00838046198161,1.03015192467055,10.9116862074983,0.966503539806816,0.966503539806816,21.5357777323152,0.0472973978681655,0.115192728377062,0.157542804291186,0.896922950578091,0.617463602744255,0.0149904189751779,0.524753986841815,4.14349170411812,1.11842909911364,0.0472973978681655,0.00647717496792718,0.986408389384109,0.153817540705337,0.118288037474213,0.0446363718553896,0.12929413379973
7.6,1.00838046198161,1.03015192467055,10.9116861881838,0.966503539851109,0.966503539851109,21.5358051378876,0.0465503956382767,0.113196928968204,0.155169032954633,0.916713128131064,0.630486121884737,0.0144266944699465,0.525475129296426,4.14581395444066,1.12622314258778,0.0465503956382767,0.00640646187463575,0.991526878143242,0.153083075028992,0.117182911796831,0.044104024068555,0.127392056491729
7.7,1.00838046198161,1.03015192467055,10.9116861528339,0.966503539879717,0.966503539879717,21.5358281049604,0.0458537869135784,0.11133665851151,0.152826679579143,0.936838228977329,0.643871657264193,0.013863549655844,0.526233063877606,4.14833232787136,1.13421907555309,0.0458537869135784,0.00634258509002983,0.996544006899504,0.152402826646728,0.116159597693885,0.0436111386001044,0.125572136885159
7.8,1.00838046198161,1.03015192467055,10.9116861051025,0.966503539872682,0.966503539872682,21.5358461837921,0.0452046721327676,0.109604090920941,0.150517039916273,0.957279137887652,0.65760716125087,0.0133037741032471,0.527020776393914,4.15104824412962,1.14242154325883,0.0452046721327676,0.00628514465722235,1.0014617660671,0.151768046199551,0.115204831170223,0.0431512442719465,0.12383044143168
7.9,1.00838046198161,1.03015192467055,10.9116860595384,0.966503539879874,0.966503539879874,21.5358625608954,0.0445984829268518,0.107986800939211,0.148241256898699,0.978000176188624,0.671673231873803,0.0127483015951992,0.527835306528013,4.15396471894573,1.1508278533634,0.0445984829268518,0.00623286449017594,1.00628217543583,0.151174673731615,0.114312467607745,0.0427213815825912,0.12216364359882
8,1.00838046198161,1.03015192467055,10.9116860251982,0.966503539889941,0.966503539889941,21.535877018839,0.0440326413040156,0.106477834262862,0.146000568367654,0.998977823634866,0.686055571305573,0.0121996392141829,0.528669966034368,4.15707918546879,1.15943923978199,0.0440326413040156,0.00618539357438514,1.01100715001247,0.150618891868178,0.113476727387854,0.0423187710945249,0.120568499856117
8.1,1.00838046198161,1.03015192467055,10.9116860124191,0.96650353988447,0.96650353988447,21.5358888458631,0.0435050473599161,0.105071545701019,0.143796204690664,1.02018884806271,0.700740250232341,0.0116604501487254,0.52951755484883,4.16038646107796,1.16825620749658,0.0435050473599161,0.00614256155593596,1.01563855546661,0.150107300955898,0.112707505909764,0.0419483662741009,0.119045331220372
8.2,1.00838046198161,1.03015192467055,10.9116860352952,0.966503539857791,0.966503539857791,21.5358978997696,0.0430135263141196,0.103762077412371,0.141629351325811,1.04160596503861,0.715711976286933,0.0111330355014764,0.530371537048109,4.16387983218689,1.17727683040158,0.0430135263141196,0.00610410655018919,1.0201782284043,0.149630532708189,0.111990671378938,0.041603267332914,0.117588994850623
8.3,1.00838046198161,1.03015192467055,10.9116860723157,0.96650353982348,0.96650353982348,21.5359050820384,0.0425551942831264,0.10254161833678,0.139500649568839,1.06320848554,0.730952710113199,0.0106185134257681,0.531228325606069,4.16755517490434,1.18649527636159,0.0425551942831264,0.00606941878149701,1.02462800680718,0.149185394173151,0.111321383714209,0.0412811583322939,0.116196460870108
8.4,1.00838046198161,1.03015192467055,10.9116860873353,0.966503539803385,0.966503539803385,21.5359116788417,0.0421270164606905,0.101401937627323,0.13741048811286,1.08497800722861,0.746443078421862,0.0101174681797839,0.532085574814565,4.17140826032455,1.19590325994973,0.0421270164606905,0.00603778429245249,1.02898970557118,0.148768692398883,0.110694802834408,0.0409797233335703,0.114864699402066
8.5,1.00838046198161,1.03015192467055,10.9116861033148,0.966503539789028,0.966503539789028,21.5359170437048,0.0417277699716377,0.100339776999033,0.135360028324722,1.10688326271485,0.762167343033603,0.00963223254033602,0.532936175542422,4.17542527851935,1.20549515103528,0.0417277699716377,0.00600924195301973,1.03326503048781,0.148377234433487,0.110106088658367,0.0406966463980728,0.113590680569735
8.6,1.00838046198161,1.03015192467055,10.9116861155053,0.966503539787045,0.966503539787045,21.5359213257436,0.0413557329750987,0.099350502237149,0.133349997172016,1.12889795791974,0.778107550751306,0.00916420068344186,0.533775324705661,4.17959399478207,1.21526196036812,0.0413557329750987,0.00598357449103746,1.03745567951528,0.148014184933507,0.109560138882462,0.0404341585169754,0.112374301523009
8.7,1.00838046198161,1.03015192467055,10.9116861208503,0.966503539799953,0.966503539799953,21.535924698196,0.0410091769589764,0.098429457425711,0.131380953004967,1.15099820172996,0.794245726354193,0.00871439309867188,0.534599131648552,4.1839026711731,1.22519342174237,0.0410091769589764,0.00596054264839457,1.0415633242274,0.147678683936139,0.109055686802061,0.0401916122937716,0.111213606487337
8.8,1.00838046198161,1.03015192467055,10.9116861319308,0.966503539799831,0.966503539799831,21.535927674744,0.0406853015300323,0.0975690474997146,0.129452771882696,1.17317681246028,0.810565859505916,0.00828218072009462,0.53540843288561,4.1883516311682,1.23527918175203,0.0406853015300323,0.00593951514637633,1.04558967144906,0.147365278464983,0.108584430717366,0.0399650754315424,0.11010452507646
8.9,1.00838046198161,1.03015192467055,10.9116861374599,0.966503539802878,0.966503539802878,21.5359302133803,0.0403832521322968,0.0967670033165803,0.127566102800679,1.19540278793122,0.82704827588363,0.00786889943782687,0.536197985013722,4.19292049724081,1.24550542923709,0.0403832521322968,0.00592051698644816,1.04953628864421,0.147071690521813,0.108142931957096,0.03975288636192,0.109044448655946
9,1.00838046198161,1.03015192467055,10.9116861343564,0.966503539808884,0.966503539808884,21.5359324439574,0.0401016700333883,0.0960196714415432,0.125721186226242,1.21765421074735,0.843674207124188,0.00747491556222139,0.536965238729313,4.19759478988845,1.25585763175597,0.0401016700333883,0.00590337835982494,1.05340474567921,0.146795642108402,0.10772775184997,0.0395533835165369,0.108030768591363
9.1,1.00838046198161,1.03015192467055,10.9116861191716,0.966503539817407,0.966503539817407,21.5359344737221,0.0398393471859427,0.0953238077134449,0.123918169890892,1.23990945308215,0.860424569328314,0.00710041019267704,0.537707993631063,4.20235881800851,1.26631980415678,0.0398393471859427,0.00588796213448465,1.05719657693104,0.146536255311071,0.107337589786859,0.0393659204070793,0.107061712472935
9.2,1.00838046198161,1.03015192467055,10.9116861093921,0.966503539825063,0.966503539825063,21.5359362773155,0.0395943466187802,0.0946741769952747,0.122157510053187,1.26214423938141,0.877286122822291,0.00674517586153597,0.538426064747251,4.20721287018584,1.27688506126165,0.0395943466187802,0.00587393663414718,1.060913351378,0.146298880627633,0.106980656534859,0.0391943662270058,0.106139227917132
9.3,1.00838046198161,1.03015192467055,10.9116861018906,0.966503539830812,0.966503539830812,21.5359379113194,0.0393657180472543,0.0940682346787858,0.12043918886593,1.28433737533747,0.894239458009731,0.00640901316474648,0.539118032100509,4.21213968438959,1.287535035656,0.0393657180472543,0.0058612188156514,1.06455653589313,0.146077214286176,0.106647365683707,0.0390341406680936,0.105258301826717
9.4,1.00838046198161,1.03015192467055,10.9116860967387,0.966503539832929,0.966503539832929,21.5359393912952,0.0391525146247124,0.0935034436262016,0.11876316291774,1.30646746450642,0.911265880905758,0.00609150344537471,0.539783103593362,4.21712366482021,1.29825167374039,0.0391525146247124,0.00584972027566998,1.06812757359335,0.145869735845665,0.106335435423944,0.0388841314010883,0.104416778031363
9.5,1.00838046198161,1.03015192467055,10.9116860967297,0.966503539829063,0.966503539829063,21.535940694249,0.0389538126461637,0.0929773279369776,0.117129354244565,1.32851297410498,0.928347275155327,0.00579201334888077,0.540421077677195,4.22215049681621,1.3090169993452,0.0389538126461637,0.00583935234057141,1.07162788226933,0.145674924865066,0.106042583946111,0.0387432260967355,0.103612500360743
9.6,1.00838046198161,1.03015192467055,10.9116860979254,0.966503539823855,0.966503539823855,21.5359418926943,0.038768428959947,0.0924867033927782,0.115538034401601,1.35044750469998,0.945466674693808,0.00551040001770317,0.541031191269256,4.22721362005821,1.31982141830493,0.038768428959947,0.00582995731771852,1.07505888356312,0.145491260903343,0.105766529440748,0.0386103124257807,0.102843312644532
9.7,1.00838046198161,1.03015192467055,10.9116860968268,0.966503539821673,0.966503539821673,21.5359430331688,0.0385952915452952,0.0920286871293549,0.113989402627133,1.37224477909777,0.962607061822516,0.00524633341073925,0.541613089422472,4.23230604452662,1.33065440401717,0.0385952915452952,0.00582140001315024,1.07842196684124,0.145321863811393,0.105511964624348,0.0384877327347581,0.102110817804196
9.8,1.00838046198161,1.03015192467055,10.9116860976117,0.966503539819273,0.966503539819273,21.5359440136038,0.0384338135920016,0.0916017168502114,0.112483160019863,1.39388367838047,0.979750153925607,0.00499861221848452,0.542167804159023,4.23741208911694,1.34149509497676,0.0384338135920016,0.00581366011414066,1.08171845272629,0.145164904236314,0.105276143381784,0.0383741447109631,0.101412609420484
9.9,1.00838046198161,1.03015192467055,10.9116861006914,0.966503539817402,0.966503539817401,21.5359447772044,0.0382833020778995,0.0912039394428011,0.111019182767479,1.41534027989804,0.996878321679003,0.00476624540589427,0.542696206927744,4.24252044294567,1.35232716013893,0.0382833020778995,0.00580668613173894,1.08494965075369,0.145018222624373,0.105055823294189,0.0382679602087066,0.100746013579073
10,1.00838046198161,1.03015192467055,10.911686105535,0.966503539816321,0.96650353981632,21.5359453327904,0.0381430185006782,0.0908333764308625,0.109597333928199,1.43659407110316,1.01397410903288,0.00454850693315407,0.543198766973749,4.24762192948935,1.36313757045663,0.0381430185006782,0.00580040732758242,1.08811685491826,0.144880812818776,0.104849495539842,0.0381684497809612,0.100109290730333
10.1,1.00838046198161,1.03015192467055,10.9116861086219,0.966503539814355,0.966503539814355,21.5359459394073,0.0380118856789011,0.0904871250901698,0.108217535362141,1.45763586654349,1.03102056187309,0.00434583642139905,0.543673903503924,4.2527140148289,1.37392462365936,0.0380118856789011,0.0057946545526106,1.09122137548344,0.144751668662727,0.104655651297024,0.0380748839806993,0.0995007013246355
10.2,1.00838046198161,1.03015192467055,10.9116861110147,0.966503539813281,0.966503539813281,21.5359464235126,0.0378895721980884,0.0901643132572064,0.106879501680971,1.4784385255251,1.04800001241124,0.00415650788803807,0.544124080481873,4.2577841331444,1.38466826324959,0.0378895721980884,0.0057894530384865,1.09426442132941,0.144630919747852,0.104474464536801,0.0379873786604006,0.0989197582496645
10.3,1.00838046198161,1.03015192467055,10.9116861118035,0.96650353981366,0.966503539813659,21.5359467700665,0.037775553638161,0.0898635414396249,0.10558297055974,1.49898230095591,1.06489513150187,0.00397951352300128,0.544550530546128,4.26282412133583,1.39535577246032,0.037775553638161,0.00578476893681564,1.0972472018008,0.144519998680672,0.104308039855031,0.0379070194628832,0.0983674112821526
10.4,1.00838046198161,1.03015192467055,10.9116861099161,0.966503539816126,0.966503539816125,21.535946959319,0.0376693717900856,0.0895835891082464,0.104327639142502,1.51924783994832,1.08168863807353,0.00381376741194279,0.544954711857405,4.26782623329303,1.40597467956379,0.0376693717900856,0.00578057930548397,1.10017089858424,0.144416489260733,0.104152779224985,0.0378320274928573,0.0978403659583253
10.5,1.00838046198161,1.03015192467055,10.9116861089849,0.96650353981788,0.96650353981788,21.5359471171732,0.0375701910301351,0.0893222074271159,0.103113114628174,1.5392339843195,1.09836830958605,0.00365960504443926,0.54533544360384,4.27278630884449,1.41652226269233,0.0375701910301351,0.00577676145811418,1.1030367219366,0.144319705756217,0.10400764858575,0.0377619117848719,0.0973372360745835
10.6,1.00838046198161,1.03015192467055,10.9116861085162,0.966503539819056,0.966503539819056,21.5359472423528,0.0374776032702649,0.0890783098216082,0.101939003931542,1.55892547192579,1.11491789065215,0.00351606248518978,0.54569410357167,4.27769802376072,1.42698830352361,0.0374776032702649,0.00577329373735008,1.10584580865987,0.144228962435304,0.103871613876414,0.037696181373476,0.0968566354273282
10.7,1.00838046198161,1.03015192467055,10.9116861077097,0.966503539819961,0.966503539819961,21.5359473244225,0.0373912797587282,0.0888510243989382,0.100804874898373,1.5783069081768,1.13132102571755,0.00338205332969231,0.546032379819165,4.28255537704454,1.43736254756192,0.0373912797587282,0.00577016866585802,1.10859926623442,0.144143573566173,0.103743641036066,0.0376343452932187,0.0963971778129602
10.8,1.00838046198161,1.03015192467055,10.9116861066821,0.966503539820202,0.966503539820202,21.5359473815729,0.0373108595987908,0.0886393905662944,0.0997102438878561,1.59736723922631,1.14756251816791,0.00325674552435582,0.546351550841126,4.28735348727468,1.4476370926597,0.0373108595987908,0.00576736514030992,1.11129818694893,0.144066589217671,0.103628203284969,0.0375786213275383,0.0959628476976888
10.9,1.00838046198161,1.03015192467055,10.9116861055877,0.966503539819905,0.966503539819905,21.5359474226321,0.0372359163476281,0.0884422690741158,0.0986545633674747,1.61610236359639,1.16363105766617,0.00313960341577504,0.546652329193103,4.29208791167679,1.45780568103184,0.0372359163476281,0.00576484690834796,1.1139436562497,0.143995365485725,0.103521379843629,0.037527098682306,0.0955494437660958
11,1.00838046198161,1.03015192467055,10.9116861046147,0.966503539820198,0.966503539820198,21.5359474382029,0.0371658666845411,0.0882580942275752,0.097637204726909,1.63451982353537,1.17952214940041,0.00303063925091792,0.546934319642773,4.29675455601267,1.46786450648984,0.0371658666845411,0.00576254528580253,1.11653676764016,0.143929055258107,0.103421898745702,0.0374791693786012,0.095155347810534
11.1,1.00838046198161,1.03015192467055,10.911686104009,0.966503539820208,0.966503539820208,21.5359474560515,0.0371005412327835,0.0880864225598578,0.0966575656908285,1.6526094841245,1.1952198063438,0.00292884130598356,0.54719940571298,4.30135023777096,1.47780716924458,0.0371005412327835,0.00576046717373394,1.11907852955893,0.143867135079596,0.103328965156866,0.0374344601142526,0.094779406919839
11.2,1.00838046198161,1.03015192467055,10.9116861040516,0.966503539819855,0.966503539819855,21.535947489583,0.0370396535593325,0.0879264921972272,0.0957149703994151,1.67037080869091,1.21071357981246,0.00283363610087336,0.547448599390269,4.30587216226568,1.48762936914116,0.0370396535593325,0.0057585945768616,1.12156995200544,0.143809081494974,0.1032417842428,0.0373925975870886,0.0944204681828462
11.3,1.00838046198161,1.03015192467055,10.9116861050657,0.966503539819056,0.966503539819056,21.5359475524961,0.0369829512014059,0.0877776326028707,0.0948086978273539,1.68780510116386,1.22599371565236,0.00274447251771647,0.547682937127418,4.31031807164373,1.49732757081404,0.0369829512014059,0.00575691318242483,1.12401202190193,0.143754371049019,0.103159561169185,0.0373532084949381,0.0940773786883913
11.4,1.00838046198161,1.03015192467055,10.9116870869257,0.966503422601283,0.966503422601283,21.5359470542417,0.0369299747833532,0.087638613606403,0.093938644270084,1.70489222421633,1.24105789795203,0.00266118816411638,0.547902565133849,4.31449768607911,1.50689604933995,0.0369299747833532,0.00575538220598777,1.12640575635995,0.143702480286511,0.103081501101699,0.0373159195356295,0.09374898552531
11.5,1.00838046198161,1.03015192467055,10.911689064611,0.966503186422538,0.966503186422538,21.535946000111,0.0368805361990843,0.0875089376599101,0.093104008227574,1.72163681660114,1.25589786194826,0.00258328209730319,0.548108555186015,4.31840701606161,1.51633275497822,0.0368805361990843,0.00575399425120424,1.12875209693991,0.14365288575223,0.103006809206023,0.0372803574069915,0.0934341357824377
11.6,1.00838046198161,1.03015192467055,10.9116922310934,0.966502808243772,0.966502808243772,21.5359442858601,0.0368344375508292,0.0873880802887389,0.092304063390059,1.73804112799174,1.2705072625572,0.00251034229498874,0.548301837348704,4.3220083528988,1.5256358660529,0.0368344375508292,0.00575274012604949,1.1310519718021,0.143606521131208,0.102937246010865,0.0372468703121586,0.0931337921684451
11.7,1.00838046198161,1.03015192467055,10.9116969169325,0.966502248565969,0.966502248565969,21.5359417226466,0.0367914810853558,0.0872755169434598,0.0915381313110624,1.7541059793385,1.28488139620211,0.00244203054320336,0.548483237706011,4.32523804660183,1.534803910817,0.0367914810853558,0.00575161008665437,1.13330629350952,0.143563354437368,0.102872878563306,0.0372153283006852,0.0928475153355106
11.8,1.00838046198161,1.03015192467055,10.9117323915573,0.966495024976569,0.966495024976569,21.5359310753162,0.0367514758753609,0.0871707410327776,0.0908056183402946,1.76982932658268,1.29901641817052,0.00237805739632511,0.54865575828381,4.32431575213525,1.5438345883976,0.0367514758753609,0.00575059735321442,1.13551595768492,0.143523269369254,0.102819159635135,0.0371805922650098,0.0925747184959684
11.9,1.00838046198161,1.03015192467055,10.9125520121279,0.966283578133071,0.966283578133071,21.5357420526641,0.0367141309985096,0.0870729738717995,0.0901070502774258,1.78518332091826,1.31290627456394,0.00231821155310106,0.548882061815979,4.21835798709315,1.55269994443926,0.0367141309985096,0.00574973378766959,1.13768186206743,0.143486252446562,0.102859182090124,0.0370660689634176,0.0923144933982985
12,1.00838046198161,1.03015192467055,10.9433307003107,0.958370052331824,0.958370052331824,21.5290473649512,0.0366793094152995,0.0869817824534721,0.0894628128608916,1.80018639332037,1.32646727021519,0.00226149738522738,0.551246082033256,1.82766146956974,1.56010377843495,0.0366793094152995,0.00575082116758853,1.1398045338317,0.143451942762673,0.104544877203825,0.0354262269448571,0.0920558321996831
12.1,1.00838046198161,1.03015192467055,11.2526008058118,0.910815969923485,0.910815969923485,21.4477168407165,0.0366473216885477,0.0868967974547838,0.0890656791914796,1.81487440680128,1.33947489620396,0.00220287600505638,0.562118975350012,0.0595204572893913,1.53533956835988,0.0366473216885477,0.00578435467444712,1.14187906746842,0.143420534260526,0.112269903253386,0.0285790472856443,0.09173611756158
12.2,1.00838046198161,1.03015192467055,11.8742900153291,0.850694890527519,0.850694890527519,21.2191197585838,0.0366194139764798,0.0868177169486017,0.0890968860951181,1.82923070055108,1.35220044852574,0.00214130167125135,0.574615318958849,0.0332822225547572,1.49858687796771,0.0366194139764798,0.00594058658378803,1.14388858251749,0.143393141716728,0.121344235922925,0.0217433029287559,0.0913267053282256
12.3,1.00838046198161,1.03015192467055,12.6077138061267,0.793752593540052,0.793752593540052,20.8599157631543,0.0365968861100072,0.0867442718481615,0.0895498961431611,1.84327368461952,1.36472096490429,0.00208199155487123,0.586612217003469,0.0328706645295638,1.46268819196955,0.0365968861100072,0.00630725159996824,1.14581486773896,0.143371163275298,0.129848653453962,0.0165194874011545,0.0908702892815406
12.4,1.00838046198161,1.03015192467055,13.3949057100145,0.740597875066802,0.740597875066802,20.3991232288353,0.0365811645072544,0.086676229909514,0.0903896169089645,1.85698908606659,1.37703218408591,0.00202894710281656,0.598096448475823,0.0325989324894487,1.42765113001508,0.0365811645072544,0.00697271351554958,1.14763760812151,0.143355999531334,0.13779480862245,0.0125874386750627,0.090395250766647
12.5,1.00838046198161,1.03015192467055,14.2267103362249,0.691002411637839,0.691002411637839,19.8615592146077,0.0365742807504563,0.086613433866936,0.0915798296238048,1.87036249640385,1.38912692368586,0.00198445143265004,0.609107212686466,0.0323092792107666,1.39345499825431,0.0365742807504563,0.00805331413368792,1.1493285851614,0.143349776609012,0.145243775526333,0.00962519677766289,0.0899198683233828
12.6,1.00838046198161,1.03015192467055,15.1029139687716,0.644729042002187,0.644729042002187,19.2676176205086,0.0365793851003809,0.0865558454059034,0.0930827623249655,1.88338102126352,1.40099747702168,0.00194952288213405,0.619681003240656,0.0319985885167196,1.36007950088111,0.0365793851003809,0.00971531484772316,1.15084546649357,0.14335539905071,0.152244977800989,0.00740374156104671,0.0894543006538042
12.7,1.00838046198161,1.03015192467055,16.0244889771479,0.601555032740817,0.601555032740817,18.6343880203677,0.0366010801293162,0.0865035707987536,0.0948631258143274,1.89603459767552,1.41263598458641,0.00192437892866871,0.629850649963832,0.0316760601893429,1.32750479949954,0.0366010801293162,0.0121832798135484,1.15212823230968,0.143377595739867,0.15884273190326,0.00573371925362793,0.0890043068957394
12.8,1.00838046198161,1.03015192467055,16.9926853715617,0.56127197345538,0.56127197345538,17.9760282801221,0.036646165446193,0.0864569272518406,0.0968881087931775,1.90831557549758,1.42403470404309,0.00190870193493019,0.639645757217263,0.0313459544098037,1.29571154114149,0.036646165446193,0.015758142079191,1.1530915886764,0.143423278034884,0.165073422203876,0.00447632128507382,0.0885721268978809
12.9,1.00838046198161,1.03015192467055,18.0088357708077,0.523686155336059,0.523686155336059,17.3039283738838,0.0367248506962181,0.0864165543695588,0.0991279569161972,1.92021864409895,1.43518622713582,0.0019018085170595,0.649092806424872,0.0310113789278091,1.26468088238363,0.0367248506962181,0.0208390798376423,1.15361403654108,0.143502576662441,0.170968527393368,0.00352999069176512,0.0881584407499071
13,1.00838046198161,1.03015192467055,19.074143505601,0.48861719462849,0.488617194628489,16.6272491360794,0.0368523136061119,0.0863835609277983,0.10155591311597,1.93174022735232,1.44608366501562,0.00190284994215666,0.658215618714732,0.0306756345524308,1.2343944599125,0.0368523136061119,0.0279298991449367,1.15352808372816,0.143631081830525,0.17655632623265,0.00282066789417771,0.0877632237957005
13.1,1.00838046198161,1.03015192467055,20.1896110668745,0.455896084058657,0.455896084058656,15.9535351705736,0.0370515930371603,0.0863598122905251,0.104146771123073,1.94287605290461,1.4567206247576,0.00191098521719946,0.667035858434485,0.0303404576986944,1.20483434562013,0.0370515930371603,0.0376180948088829,1.15261257311608,0.143831032553925,0.181864169712548,0.00228918883014389,0.087386388552087
13.2,1.00838046198161,1.03015192467055,21.356159598728,0.425365796051328,0.425365796051328,15.2885581045763,0.0373543634867768,0.0863480237848759,0.106879026986467,1.9536246103862,1.46709131750766,0.00192530341852214,0.675572891784244,0.0300083693541218,1.17598306570433,0.0373543634867768,0.0505537281438323,1.1505996382629,0.144134963714138,0.186919034631923,0.00189168516157201,0.0870274337638145
13.3,1.00838046198161,1.03015192467055,22.5746891413425,0.39687992363809,0.39687992363809,14.6368896711104,0.0378070633702222,0.0863524014116741,0.109735760327431,1.96398826908724,1.47719069785387,0.00194496147448202,0.683844199120204,0.0296800092888967,1.14782358490624,0.0378070633702222,0.0673842028356659,1.14717405777915,0.144589908810735,0.191749182947242,0.00159539163625273,0.086685637772643
13.4,1.00838046198161,1.03015192467055,23.8459449254113,0.370301437011156,0.370301437011156,14.0021656899672,0.0384787194789261,0.0863796002823898,0.112700082216341,1.9739659021287,1.48701443376058,0.00196925702993126,0.691865588974383,0.0293571702118089,1.12033927659328,0.0384787194789261,0.0886004797411944,1.14203091013525,0.145263771749049,0.196386368296087,0.00137566962093925,0.0863602430174245
13.5,1.00838046198161,1.03015192467055,25.1705144536276,0.345503110785663,0.345503110785663,13.3869492227859,0.0394617835644263,0.0864389661968431,0.115758651066721,1.98355980222595,1.49655891289309,0.00199752763549236,0.699651230137448,0.0290409425884505,1.09351393206561,0.0394617835644263,0.114549559657637,1.13489271583132,0.146251448761599,0.200868051272497,0.00121349747649636,0.0860505022486154
13.6,1.00838046198161,1.03015192467055,26.5487407327885,0.322365602864317,0.322365602864317,12.7932794365969,0.0408874171167573,0.0865445458314824,0.118900396702063,1.99277430354291,1.50582131449147,0.00202922327115386,0.707214164266022,0.028732246626461,1.06733172560603,0.0408874171167573,0.145218609901125,1.12559784518134,0.147684803849317,0.205240180680744,0.00109463266917021,0.0857557504415035
13.7,1.00838046198161,1.03015192467055,27.9807438363555,0.300777468562906,0.300777468562906,12.222582310738,0.0429386050247409,0.0867177179114829,0.12211454341895,2.00161066124761,1.51479943306943,0.00206387598508471,0.714565993732507,0.0284316203191142,1.04177721480996,0.0429386050247409,0.180231171334813,1.11416823647231,0.149744125824839,0.209561232332769,0.00100848489438206,0.0854753148079628
13.8,1.00838046198161,1.03015192467055,29.4664716474967,0.280635080474442,0.280635080474442,11.6757022086111,0.0458515064130503,0.0869884484707948,0.125393162027667,2.01007508938277,1.52349189250962,0.00210107032974871,0.721717418486472,0.0281388821390461,1.01683533681466,0.0458515064130503,0.218958070415248,1.10074494723741,0.152669932429457,0.213906973415378,0.000947119206454796,0.085208520407007
13.9,1.00838046198161,1.03015192467055,31.0056849062179,0.261841555337956,0.261841555337956,11.1531222221773,0.0499369005685232,0.0874005693548984,0.12873001683087,2.01817672645643,1.53189811311361,0.00214043529205999,0.728678391612616,0.0278532719244314,0.992491387849516,0.0499369005685232,0.260493156244652,1.08564119267468,0.156780818715022,0.218378633824485,0.000904691043679863,0.0849547160744702
14,1.00838046198161,1.03015192467055,32.5979702546068,0.244306258047664,0.244306258047664,10.6550332841554,0.0555911446564604,0.088020198778236,0.132117940014654,2.02591864975934,1.54001822432161,0.00218169579625018,0.735457585014555,0.0275757294134492,0.968731014256307,0.0555911446564604,0.30393475011538,1.06919245467205,0.162462245528576,0.223102674659935,0.000876580090295432,0.0847132788981057
14.1,1.00838046198161,1.03015192467055,34.2426840691816,0.227945356908954,0.227945356908954,10.18122708556,0.0632721893590916,0.0889335620966602,0.135551762071508,2.03330756929756,1.5478529875786,0.00222461484958585,0.742062930526785,0.0273065894613048,0.945540224871122,0.0632721893590916,0.348233022095619,1.05180902258612,0.170184193287471,0.228241743867631,0.000859542135033498,0.0844836091803639
14.2,1.00838046198161,1.03015192467055,35.9389403154796,0.212680068515076,0.212680068515076,9.73140086985992,0.073526484359054,0.0902676952824164,0.139026119934258,2.040348316808,1.55540362690254,0.00226899919465265,0.748501644519716,0.027047402675325,0.922905358812165,0.073526484359054,0.392581699811884,1.03379870906704,0.180490875608239,0.234000474750827,0.000851351643267948,0.084265135458745
14.3,1.00838046198161,1.03015192467055,37.6855730722965,0.198437035968091,0.198437035968091,9.30505028720069,0.086921974761881,0.0922031954850651,0.142536654410461,2.04704756564529,1.56267184040155,0.00231467899794413,0.754780395158694,0.0267979064923014,0.900813088102652,0.086921974761881,0.436250277968746,1.01543940581459,0.193968052711386,0.240632359486597,0.000850582377794837,0.084057316812219
14.4,1.00838046198161,1.03015192467055,39.4811522800343,0.185148075091658,0.185148075091658,8.90153001271548,0.104075167942732,0.0949708225629266,0.146079455156085,2.05341217308768,1.56965977845099,0.00236151554909401,0.760905245141243,0.0265575663462083,0.879250414653931,0.104075167942732,0.478678680484158,0.996935736233591,0.211192942724475,0.248425698146938,0.000856254310016355,0.0838596331778307
14.5,1.00838046198161,1.03015192467055,41.3239734902346,0.172748831529613,0.172748831529613,8.52017967212909,0.125468567967783,0.0989240895315348,0.14965087298614,2.05944975973341,1.5763699884726,0.00240937581384792,0.766881976658089,0.0263238174279649,0.858204625093312,0.125468567967783,0.519494365653991,0.978418945134998,0.232675645050423,0.25772348705558,0.000868100134351491,0.0836716007614125
14.6,1.00838046198161,1.03015192467055,43.2120946179478,0.161180177682997,0.161180177682997,8.16017288685776,0.151593289466806,0.104479865627432,0.153247754962216,2.065168090323,1.58280550037245,0.00245816052640146,0.772715742964623,0.0260946741575532,0.837663334955437,0.151593289466806,0.558424316896588,0.959984026161986,0.258875685397837,0.268878734123698,0.000885960234473614,0.0834927440431396
14.7,1.00838046198161,1.03015192467055,45.1433821162341,0.150386121552412,0.150386121552412,7.82071445540197,0.182641749555596,0.112246542901763,0.156866834293676,2.07057462566091,1.58896973259693,0.00250777618970795,0.778411464590622,0.0258699921556383,0.817614422709687,0.182641749555596,0.595293703720359,0.941704752291308,0.289934169068762,0.282269736746862,0.000910285383697714,0.0833226297298631
14.8,1.00838046198161,1.03015192467055,47.1154912634827,0.140314985310322,0.140314985310322,7.50092552797183,0.218704927411046,0.122962665240864,0.160505162873946,2.07567699944841,1.59486645760801,0.00255814826664697,0.783973610978141,0.0256528785657403,0.798046088709124,0.218704927411046,0.630025165530728,0.923619317311532,0.326057652523292,0.298257591897614,0.000941328476912405,0.0831608131093809
14.9,1.00838046198161,1.03015192467055,49.1259303153155,0.130918331093347,0.130918331093347,7.19993057986956,0.259577914214477,0.137580529221246,0.164159716261112,2.08048230008209,1.60049976215077,0.00260921191171408,0.789406356936253,0.0254524845161761,0.778946824080012,0.259577914214477,0.662578297910164,0.905769227474882,0.366900765995764,0.317191808637895,0.000980099347257853,0.0830069136490774
15,1.00838046198161,1.03015192467055,51.171857514292,0.122150979577441,0.122150979577441,6.916845265722,0.304902904511994,0.157260089350258,0.167827090219214,2.08499501205956,1.60587368753814,0.00266091207967856,0.794713231385197,0.025260862608545,0.760305387445991,0.304902904511994,0.69296475440671,0.888177862697553,0.412249705307908,0.339383881684557,0.00102726415542017,0.0828605338872929
15.1,1.00838046198161,1.03015192467055,53.2502141311294,0.113970845107546,0.113970845107546,6.65079082034091,0.354082942614443,0.183382849200192,0.17150377320872,2.08921877644938,1.61099241477988,0.00271320058327531,0.799897423499592,0.0250682939032028,0.742110817376547,0.354082942614443,0.721223045870182,0.870869301348016,0.461492001426832,0.365089792036934,0.00108384013680398,0.082721320261628
15.2,1.00838046198161,1.03015192467055,55.3577927329113,0.10633860086552,0.10633860086552,6.40090013899884,0.406503226355185,0.217473098243705,0.175188173925637,2.09316679817491,1.61586047103472,0.00276600891611727,0.804963199120189,0.024881536943561,0.724352390517744,0.406503226355185,0.747428579283798,0.853851215671044,0.513964299327046,0.394460066833356,0.00115063638033638,0.0825889353737668
15.3,1.00838046198161,1.03015192467055,57.4911473564571,0.0992174856995708,0.0992174856995708,6.16633624633692,0.461383627813423,0.261242589842197,0.178878233612724,2.09684962091405,1.62048240026685,0.00281927587980844,0.809914319738696,0.0246992421743363,0.70701964259299,0.461383627813423,0.771656603343249,0.837137140087918,0.569001315737468,0.427643592244767,0.00122847398681158,0.082463044586235
15.4,1.00838046198161,1.03015192467055,59.6467919533353,0.0925732851386672,0.0925732851386671,5.94627170274426,0.518046432844573,0.316292876385698,0.182570820492042,2.10027126442641,1.62486327546302,0.00287297349254344,0.814753553005957,0.0245248611939137,0.690102371714785,0.518046432844573,0.794013162509778,0.82072687142573,0.625827816277847,0.464555263499972,0.00131781663115896,0.0823433675361739
15.5,1.00838046198161,1.03015192467055,61.8210783664,0.086373985401843,0.0863739854018429,5.73991620863393,0.575794869799588,0.38418076940862,0.186263308735554,2.10343816299481,1.6290080755832,0.00292706219401578,0.819483850529927,0.0243611136271685,0.673590611827277,0.575794869799588,0.814600136104021,0.804621699928846,0.683800469041121,0.505322983020433,0.00141942443588904,0.082229573896656
15.6,1.00838046198161,1.03015192467055,64.010296200949,0.080589818543905,0.0805898185439049,5.54649642539276,0.63403568226817,0.466016831978804,0.18995202090032,2.10635065217165,1.6329215732814,0.00298151584315849,0.824107172088162,0.0242015536971886,0.657474652302408,0.63403568226817,0.833531325366687,0.788818574778001,0.742335606318683,0.549670726187076,0.00153321588765314,0.0821214318995588
15.7,1.00838046198161,1.03015192467055,66.210644698176,0.0751929743609189,0.0751929743609189,5.36527365073295,0.692233747565519,0.562489134447736,0.193634386717682,2.10901464574676,1.63660853408082,0.00303629621922767,0.828626182442511,0.0240458900186585,0.641745004046326,0.692233747565519,0.850917339952568,0.773313846120253,0.800759421555317,0.597622293206023,0.00165977563007973,0.0820186363343709
15.8,1.00838046198161,1.03015192467055,68.4182555706837,0.0701575319174985,0.0701575319174985,5.19553760936022,0.749949864438941,0.673576140619624,0.197308561186876,2.1114396467344,1.64007335851901,0.00309135108932246,0.833043939174923,0.0238918176830967,0.626392403364839,0.749949864438941,0.866866148745315,0.758104234127135,0.858763671620177,0.648813664571954,0.00179852075435274,0.0819209904363588
15.9,1.00838046198161,1.03015192467055,70.6292277537955,0.0654593076256687,0.0654593076256687,5.03661087846374,0.806781185929564,0.798711119939587,0.200972020027979,2.11363080992822,1.64332083282938,0.00314664905917028,0.837362860799877,0.0237425618075949,0.611407812576041,0.806781185929564,0.881483636743545,0.743185344682205,0.915755520372135,0.703137761005095,0.00194969397496082,0.0818282233024794
16,1.00838046198161,1.03015192467055,72.8396324115536,0.0610757106179066,0.0610757106179065,4.88784974164023,0.86243339313152,0.936475592554233,0.20462296098859,2.11559678700666,1.646355427569,0.00320214619530089,0.841585784126368,0.023601722458466,0.596782406677224,0.86243339313152,0.894866281616318,0.728554556274005,0.971582577220706,0.76025200493539,0.00211250269533352,0.0817401528181432
16.1,1.00838046198161,1.03015192467055,75.0455872374877,0.056985690104184,0.056985690104184,4.74864080033348,0.916639520012127,1.08524072796749,0.20825775056293,2.11733557368385,1.64918157960979,0.00325782354080053,0.845713961507248,0.0234668363081976,0.582507585887368,0.916639520012127,0.907110347780737,0.71420700711331,1.02585753114279,0.819922434836344,0.00228668111648655,0.0816565522309938
16.2,1.00838046198161,1.03015192467055,77.2432722064068,0.0531694278359297,0.0531694278359297,4.61840434604258,0.969198126891868,1.24288769596621,0.211873621350915,2.11884923796025,1.65180357260673,0.00331365428325332,0.849749206441088,0.0233377208175901,0.568574943078643,0.969198126891868,0.918302283996918,0.700139088735463,1.0784819625774,0.881847466453758,0.00247139131544273,0.0815772487772374
16.3,1.00838046198161,1.03015192467055,79.4289524702863,0.0496085074238621,0.0496085074238621,4.49658751348998,1.01995642866309,1.40747707791942,0.215469056432645,2.12014604063332,1.65422535411351,0.00336959627637301,0.853694166214487,0.0232110599931184,0.55497626612239,1.01995642866309,0.928527453607117,0.686345588142613,1.12926505218827,0.945741731838248,0.0026659721320691,0.0815020525053197
16.4,1.00838046198161,1.03015192467055,81.5988306387537,0.0462862377969358,0.0462862377969358,4.38267356050289,1.06883338188257,1.57599509814753,0.219040970419808,2.12122516396125,1.65645098655335,0.00342562996793462,0.857550123339454,0.0230852800872521,0.541703577984021,1.06883338188257,0.937863859913611,0.672822176533302,1.17821628927799,1.01133784842109,0.00286947021756579,0.0814308204509341
16.5,1.00838046198161,1.03015192467055,83.7495232061714,0.0431860490262582,0.0431860490262581,4.27616411394197,1.11572864983898,1.74737236086257,0.22258649638095,2.12208620673961,1.65848322997447,0.00348172217497456,0.861318366986132,0.0229648955914816,0.528749026251708,1.11572864983898,0.946384872438659,0.659563877536678,1.22524367997476,1.07835834093059,0.0030810786687971,0.0813633856974693
16.6,1.00838046198161,1.03015192467055,85.8774589002959,0.0402936283961205,0.0402936283961205,4.17659994607639,1.16064565603168,1.91880364913267,0.226102840947504,2.12272865513341,1.66032539414804,0.00353784818786457,0.865000124379557,0.022849027295878,0.516105016317825,1.16064565603168,0.954158898858351,0.646565585283367,1.270155118184,1.14652405439343,0.00330014844403158,0.0812995589399101
16.7,1.00838046198161,1.03015192467055,87.9793910323018,0.0375949724932384,0.0375949724932383,4.08354155591409,1.20356846475608,2.08877367379314,0.229588196479149,2.12315695771592,1.66198036334074,0.00359397563098908,0.86859736469684,0.0227376494547203,0.503764100706216,1.20356846475608,0.961249135909578,0.633822477193409,1.31309463032609,1.21561388029049,0.00352561862149028,0.0812392423724554
16.8,1.00838046198161,1.03015192467055,90.052261465213,0.0350769150847746,0.0350769150847746,3.99657451121307,1.24449609951863,2.2562629567699,0.233041383047026,2.1233785161798,1.66345079452955,0.00365006890764358,0.872112482192834,0.0226304030302216,0.491719008293694,1.24449609951863,0.96771363650825,0.621329847355204,1.35406155392566,1.28537658257143,0.0037565939830873,0.0811822972013591
16.9,1.00838046198161,1.03015192467055,92.0930396326768,0.0327278007574777,0.0327278007574777,3.91531608828181,1.28349041858745,2.41974999415746,0.236460995932802,2.12339843934058,1.66473942334424,0.0037060983054844,0.875547478208307,0.0225273228045489,0.479962673725341,1.28349041858745,0.973605704278215,0.609082608123683,1.39295187699769,1.35553940545859,0.00399229767085913,0.0811285553556869
17,1.00838046198161,1.03015192467055,94.099116652217,0.0305357746960101,0.0305357746960101,3.83939352943884,1.32054801497279,2.57877041484907,0.239848991115443,2.12323748522848,1.66585155360951,0.00376204258976502,0.878906804171921,0.0224241381907304,0.468488129701272,1.32054801497279,0.978975495072621,0.597076501464557,1.42992628720559,1.42594895065895,0.00423183578440118,0.0810779371478524
17.1,1.00838046198161,1.03015192467055,96.0678592720034,0.0284907524490693,0.0284907524490693,3.76847172216454,1.35575129476456,2.73264698437545,0.24320578857711,2.12290890049608,1.66679042704008,0.00381787213972727,0.882193673535586,0.022319225579842,0.457288648866575,1.35575129476456,0.983866767371571,0.585306732915575,1.46503864314048,1.49639520152642,0.00447433718851778,0.0810303254581744
17.2,1.00838046198161,1.03015192467055,97.9970020229183,0.0265826370806573,0.0265826370806573,3.70222347164423,1.38913854733508,2.88088807061643,0.246527059716521,2.1223961457282,1.66755957892047,0.00387361185138543,0.885407038266535,0.0222175003219425,0.446357618166156,1.38913854733508,0.988322230517805,0.573768863819245,1.49826897024824,1.56662901057733,0.00471894648181066,0.0809855772963993
17.3,1.00838046198161,1.03015192467055,99.8844390529652,0.0248022889870805,0.0248022889870805,3.64034783306447,1.42077038728427,3.02330308768721,0.249809757051745,2.12168896052993,1.66816281709416,0.00392928298120595,0.888546763932709,0.0221225184186627,0.435688603051069,1.42077038728427,0.992379529517329,0.562458509394029,1.52974486909829,1.63656006756321,0.00496504002510886,0.0809436188852507
17.4,1.00838046198161,1.03015192467055,101.728266477612,0.0231412807843781,0.023141280784378,3.58256424794671,1.45071817176361,3.1598205325414,0.25305325315047,2.12079121081468,1.66860370694347,0.00398487989699847,0.891614732929135,0.0220338164467639,0.42527533104111,1.45071817176361,0.996072778444899,0.551371311548829,1.55953944342585,1.7060255161848,0.0052118632463033,0.0809043478727009
17.5,1.00838046198161,1.03015192467055,103.526880153706,0.0215913656909506,0.0215913656909506,3.52860036252354,1.47903605538034,3.29015268675904,0.256259640488929,2.11972445903769,1.66888464196851,0.00404034640013753,0.894615311175617,0.0219447447811538,0.415111656674156,1.47903605538034,0.999435682285278,0.540502924820688,1.58768935691848,1.77481399124162,0.00545857402319925,0.0808676427998264
17.6,1.00838046198161,1.03015192467055,105.278820571683,0.0201454025293081,0.0201454025293081,3.47821458250125,1.50580245312635,3.41452955199454,0.259427705900228,2.11848764509454,1.66900893667492,0.00409568475154554,0.897549651735062,0.0218553736219073,0.405191624014891,1.50580245312635,1.00249558788603,0.529849154704808,1.61428506921983,1.84288127127147,0.00570479411358675,0.0808334309108488
17.7,1.00838046198161,1.03015192467055,106.983544478327,0.0187980696657786,0.0187980696657786,3.43122584497902,1.53108150896255,3.53302337404136,0.262553906678581,2.11706008375337,1.66897601462954,0.00415091838949926,0.900415627451558,0.0217717550324447,0.395509922858145,1.53108150896255,1.00527168337007,0.519406022176838,1.63940039015074,1.91010861817546,0.00594992188932739,0.0808016194877637
17.8,1.00838046198161,1.03015192467055,108.63916006237,0.0175408126925868,0.0175408126925868,3.38735032309124,1.55493891122906,3.64553074532493,0.265638026140509,2.11544909700193,1.66878954342748,0.00420603120778942,0.903215652753054,0.0216918611091925,0.386060256599133,1.55493891122906,1.00779870071939,0.509169169011989,1.66309835962561,1.9763290929091,0.00619321122551704,0.0807721029000388
17.9,1.00838046198161,1.03015192467055,110.244212930811,0.0163661559159737,0.0163661559159736,3.34633819790724,1.57744104715354,3.75203122759216,0.268678975391283,2.11365432488969,1.6684519370452,0.00426101759901811,0.90595088738056,0.0216158000452784,0.376836648293473,1.57744104715354,1.01010612857433,0.499134361700446,1.68543691368837,2.04163946774852,0.00643489370180576,0.0807448340338544
18,1.00838046198161,1.03015192467055,111.799788031089,0.015272175618832,0.015272175618832,3.30811554565631,1.59865523156974,3.85307513630821,0.271680502164296,2.11169879140988,1.66796455867768,0.00431585721209001,0.908625694702446,0.021540325800854,0.367834786313973,1.59865523156974,1.01219609912831,0.489298178810733,1.70648571978399,2.1059111609693,0.00667434386005958,0.080719717166146
18.1,1.00838046198161,1.03015192467055,113.304373131637,0.01425127064937,0.01425127064937,3.27242859472765,1.61864773009844,3.94862598128935,0.274641331881923,2.10958108703664,1.66732979942213,0.0043705454263488,0.91124108153579,0.0214657584735951,0.359048656875481,1.61864773009844,1.01409872673742,0.479656367676352,1.72631655267637,2.16897511036623,0.00691078229190864,0.08069664784214
18.2,1.00838046198161,1.03015192467055,114.756984023102,0.0132969941126373,0.0132969941126373,3.23906013766514,1.63748502167174,4.03876657349268,0.277561211032775,2.10730476972649,1.666549841397,0.00442507442304466,0.913798737104868,0.0213916931438297,0.350472592251863,1.63748502167174,1.01583843681468,0.470204844625917,1.74499786639568,2.23072604327021,0.00714367218526503,0.0806755353665753
18.3,1.00838046198161,1.03015192467055,116.159363269239,0.0124080192257003,0.0124080192257003,3.20795849924451,1.6552179298281,4.12394424146424,0.280438344853339,2.10485017558198,1.66562500509296,0.00447951474894648,0.916296494998421,0.0213203271593618,0.342102617636791,1.6552179298281,1.01741499835003,0.460940460107984,1.76259811497212,2.29105868701213,0.00737247672804089,0.0806562890441905
18.4,1.00838046198161,1.03015192467055,117.510846733503,0.0115785366954292,0.0115785366954292,3.17892691632524,1.67191182534034,4.20429553553774,0.28327259556452,2.10222026443993,1.66455728817015,0.00453386365344042,0.918735913125773,0.0212512847777612,0.333933268121343,1.67191182534034,1.01884973698118,0.451859237426277,1.77913889717729,2.35017676280973,0.00759791712502555,0.0806388631068738
18.5,1.00838046198161,1.03015192467055,118.810991576778,0.0108031493979878,0.0108031493979878,3.15178196668104,1.68763074135502,4.27998558227556,0.286063673026591,2.09941591587226,1.66334853407205,0.00458812512564755,0.921118206942912,0.021184426853669,0.325959215812357,1.68763074135502,1.02016199620016,0.442957275940941,1.79468050420251,2.40802882903407,0.00781967572819861,0.0806231746862993
18.6,1.00838046198161,1.03015192467055,120.061634121175,0.010080569049676,0.0100805690496759,3.12647572569897,1.70241300583381,4.3513124171463,0.288814336693334,2.09645271724928,1.66199993982064,0.00464228951003003,0.923446417740945,0.021119270175276,0.318176695762337,1.70241300583381,1.0213522714657,0.434231585961056,1.80930130474882,2.46444422926237,0.00803694952646585,0.0806091235805269
18.7,1.00838046198161,1.03015192467055,121.262953621022,0.00940653151765702,0.009406531517657,3.10286191551429,1.71631664257179,4.41849106673366,0.291524738966203,2.09333251289091,1.66051309292257,0.0046963640817924,0.925721807539994,0.0210558163942589,0.31058079386848,1.71631664257179,1.02243462953143,0.425678504715796,1.82306305329629,2.51936187199303,0.00824938158396594,0.0805966255181569
18.8,1.00838046198161,1.03015192467055,122.415020428325,0.00877657709659912,0.0087765770965991,3.08078779449679,1.7294009697722,4.48173110228609,0.294194860911441,2.09005624392521,1.65888960654708,0.00475035722882582,0.927945521426674,0.0209940990274722,0.303166520505614,1.7294009697722,1.02342402905507,0.417294325199597,1.836027504325,2.57272066572449,0.00845661496483757,0.0805855962277895
18.9,1.00838046198161,1.03015192467055,123.519517260483,0.00818934877709751,0.0081893487770975,3.06020476245939,1.74169718543337,4.54122513695509,0.296825145217096,2.08661981648853,1.65713075946983,0.00480431362910629,0.93011747582532,0.0209342572138158,0.295930253183289,1.74169718543337,1.02432220312831,0.409076164013235,1.8481895482458,2.62471908282583,0.00865943316438552,0.0805760173379538
19,1.00838046198161,1.03015192467055,124.577217381975,0.00764171509635577,0.00764171509635576,3.04100448468931,1.75325340291768,4.59718685280604,0.299416018458159,2.08302414345846,1.65523801371821,0.00485825128026158,0.932238628605612,0.0208763025486465,0.288867568972297,1.75325340291768,1.02513834710788,0.401020653347111,1.85958804076304,2.67538492400529,0.0088578698074463,0.0805678271458392
19.1,1.00838046198161,1.03015192467055,125.588614866986,0.00712999985732582,0.0071299998573258,3.02306028874661,1.7641229283856,4.64983639978845,0.301967902263127,2.0792716747174,1.65321288757551,0.00491217998939749,0.934310257347486,0.0208202074731021,0.281973799219084,1.7641229283856,1.02588394716943,0.393124276683903,1.87030416771516,2.72458166593881,0.0090512365376068,0.0805609222288761
19.2,1.00838046198161,1.03015192467055,126.555388019515,0.00665324485017715,0.00665324485017714,3.00633796963076,1.77432833092447,4.69929913833756,0.304482488902068,2.07536875428879,1.65105712885917,0.00496611925573591,0.9363336222803,0.0207654965984933,0.275245682395957,1.77432833092447,1.02655989350889,0.38538438410728,1.88038915286652,2.77228909697802,0.00923935603051534,0.0805552286945338
19.3,1.00838046198161,1.03015192467055,127.478575769668,0.00620896572469489,0.00620896572469488,2.99075128340757,1.78391002944441,4.74576130768435,0.306960604625609,2.07131812383055,1.64877229403053,0.00502008695355954,0.938309800177916,0.0207120247451412,0.268679144708494,1.78391002944441,1.02717292378507,0.377797823849398,1.88989421998147,2.81848700547454,0.00942205096182031,0.0805506726502815
19.4,1.00838046198161,1.03015192467055,128.358905938902,0.00579393553625112,0.00579393553625111,2.97618866486718,1.79291712828099,4.78943876966471,0.30940265429378,2.06712077214971,1.64635984644029,0.00507410016648278,0.940239778547817,0.0206598074075543,0.26226971712685,1.79291712828099,1.02773262093448,0.370361199949852,1.89880518143836,2.86331177947219,0.00959990813173703,0.0805472334495018
19.5,1.00838046198161,1.03015192467055,129.197467038862,0.00540582629729601,0.005405826297296,2.96256925779905,1.80138787997134,4.83050802792158,0.311809506236971,2.06277956376413,1.64382147227426,0.00512817721771491,0.942124648916549,0.0206087141355164,0.256013430306652,1.80138787997134,1.02824520105166,0.363071427103912,1.9071378106081,2.90682807818435,0.00977316434131603,0.0805448660568504
19.6,1.00838046198161,1.03015192467055,129.996368797841,0.00504508114899201,0.005045081148992,2.94990718846089,1.80932516403139,4.86900434972112,0.314183191965602,2.05830174381939,1.6411601713974,0.00518234185922497,0.943965800445818,0.0205584409876071,0.249907976061235,1.80932516403139,1.02870694295568,0.355926463268893,1.91496844985071,2.94895555418835,0.00994134883508917,0.0805434761328585
19.7,1.00838046198161,1.03015192467055,130.756281381222,0.00470823689772292,0.00470823689772291,2.93808269062199,1.81678172372473,4.90516209686026,0.316524103307823,2.05368838228836,1.63837709184063,0.00523661019030497,0.945764202734509,0.0205089285851078,0.24394870454506,1.81678172372473,1.02912813359325,0.348922795762803,1.92233689015651,2.98970136674169,0.0101044178444055,0.080542999091456
19.8,1.00838046198161,1.03015192467055,131.478378629076,0.00439319709941828,0.00439319709941827,2.9270228443943,1.82379285597247,4.93914597188371,0.318833205784293,2.04894270971512,1.6354740295551,0.00529100098776776,0.947520972178268,0.0204600319816304,0.238131785212877,1.82379285597247,1.02951415874334,0.342057426451354,1.92928292251584,3.0290726751019,0.010262327600614,0.080543370346573
19.9,1.00838046198161,1.03015192467055,132.164203974976,0.00409921763722427,0.00409921763722426,2.91670128129863,1.83037516694494,4.97104179264025,0.321111808040359,2.0440680897513,1.63245364379711,0.0053455473691657,0.949236641635376,0.020412140522272,0.232454314261786,1.83037516694494,1.02986584277547,0.335327950552384,1.93579525372649,3.06714973701159,0.0104154441655965,0.0805445660043098
20,1.00838046198161,1.03015192467055,132.815310680776,0.00382559035555892,0.00382559035555892,2.90709287075724,1.83654476578544,5.00093327926592,0.323361227845787,2.03906788958815,1.62931861678009,0.00540028283340206,0.950911728446607,0.0203656577600822,0.226913412532947,1.83654476578544,1.03018388876153,0.328731979062229,1.94187370729577,3.10399690285366,0.0105640444157792,0.0805465533155217
20.1,1.00838046198161,1.03015192467055,133.432790740252,0.00356991933817126,0.00356991933817125,2.89811438409609,1.84234108847241,5.02900260328161,0.325582354736446,2.03394531029314,1.62607055327669,0.00545522298154019,0.952547478231663,0.0203203204300934,0.221505044254484,1.84234108847241,1.03047469260231,0.322266382449076,1.94758342515899,3.13958505616943,0.0107078812007846,0.0805492475003191
20.2,1.00838046198161,1.03015192467055,134.017948114826,0.00333058424958293,0.00333058424958292,2.8897092906009,1.84779285154691,5.05538669460345,0.327776275035572,2.02870362927302,1.62271155317856,0.00551039163928141,0.954144801942455,0.0202761716918461,0.216225705155724,1.84779285154691,1.03074203415904,0.315928371477818,1.95295420045531,3.17393566255537,0.0108469909612097,0.0805525919366271
20.3,1.00838046198161,1.03015192467055,134.572233558575,0.00310810759599439,0.00310810759599438,2.88189522159744,1.85289652172898,5.08007914243556,0.329944634232995,2.02334959653391,1.61924553775112,0.00556579626113198,0.95570511721874,0.0202332468961897,0.211073631418135,1.85289652172898,1.03098305315691,0.309716290400366,1.95801582632389,3.20707018760801,0.0109814101376517,0.0805565300023708
20.4,1.00838046198161,1.03015192467055,135.096925345,0.00290049405625247,0.00290049405625246,2.87460266841652,1.85768645910348,5.10324196054145,0.332088420800829,2.01788588179648,1.61567428815549,0.00562146353766361,0.957229246344803,0.0201915905691435,0.206045014201359,1.85768645910348,1.03120269144496,0.303627151627532,1.9627380514971,3.23905075151406,0.0111114670658164,0.0805610721737768
20.5,1.00838046198161,1.03015192467055,135.593346668201,0.0027064040486066,0.0027064040486066,2.8677848170063,1.86218715486082,5.12499329843006,0.334208794323953,2.0123162174452,1.61200014291851,0.00567741514963426,0.958718166658469,0.0201512448471585,0.201136577267638,1.86218715486082,1.03140385889813,0.297658314432941,1.96710448759929,3.26993008823726,0.0112374226894479,0.080566213435595
20.6,1.00838046198161,1.03015192467055,136.06271797222,0.00252506784262804,0.00252506784262804,2.86141466447645,1.86641396689616,5.14540883969689,0.33630683864577,2.00664357688168,1.60822581314564,0.00573368176561819,0.960172166598955,0.0201121879738145,0.196345583504828,1.86641396689616,1.03158785769182,0.291807496139425,1.97119568761688,3.29969529513065,0.0113590666892547,0.08057184044274
20.7,1.00838046198161,1.03015192467055,136.506098997351,0.00235642492953679,0.00235642492953679,2.85548988499417,1.87037075710051,5.16451040967912,0.338383491385374,2.00086959940719,1.60435444776556,0.00579030832873952,0.96159048654674,0.0200743043628265,0.191669984441569,1.87037075710051,1.03175402570868,0.286072872795373,1.9750353439724,3.32837196843581,0.011476465163373,0.0805779033905534
20.8,1.00838046198161,1.03015192467055,136.924887071,0.00219892495300545,0.00219892495300544,2.84995631413197,1.87408553678785,5.1824329726659,0.340439997332301,1.99499872684057,1.60038827598056,0.00584730979586471,0.962974568518057,0.020037675534406,0.187106284992767,1.87408553678785,1.03190582718134,0.280451656813689,1.97864714908842,3.35598570439435,0.0115896842099389,0.0805843524743767
20.9,1.00838046198161,1.03015192467055,137.320348699726,0.00205159489840373,0.00205159489840372,2.84477987581452,1.87757695895301,5.1992676496453,0.342477482242226,1.98903431497662,1.5963298834028,0.00590471274405377,0.964325001357198,0.0200023066265873,0.182651550661174,1.87757695895301,1.03204512731042,0.274941434032697,1.98205479538747,3.38256209924785,0.0116987899270888,0.0805911378895513
21,1.00838046198161,1.03015192467055,137.693271385022,0.00191438407842664,0.00191438407842664,2.83995869861314,1.88084789171163,5.21502895622393,0.344497205966147,1.98298337223657,1.5921826273509,0.00596250252062648,0.965643699291017,0.0199672284323572,0.178303907028144,1.88084789171163,1.03217150752403,0.269540512277693,1.98528197529209,3.4081267492379,0.0118038484129586,0.0805982098314189
21.1,1.00838046198161,1.03015192467055,138.044819963248,0.00178651524506381,0.00178651524506381,2.83546554198111,1.88391363767265,5.22979175367796,0.346500322721856,1.97685002969565,1.58794925723394,0.00602069695151226,0.966931532480057,0.0199322392822193,0.174060644601152,1.88391363767265,1.03228634828551,0.264246630630809,1.98835238122484,3.43270525060609,0.0119049257656847,0.0806055184953208
21.2,1.00838046198161,1.03015192467055,138.376254267534,0.00166702823341874,0.00166702823341873,2.83126677851371,1.8867926299182,5.24364609574014,0.348487960133228,1.97063769403654,1.5836323694154,0.00607932203936423,0.968189108233651,0.0198973307397707,0.169918843651815,1.8867926299182,1.03239148297831,0.259057384988989,1.99114575443655,3.45637156096844,0.0120025660313356,0.0806132096921413
21.3,1.00838046198161,1.03015192467055,138.688651731332,0.0015552537871876,0.0015552537871876,2.82733894316006,1.88949833816729,5.25665751256508,0.350461205966852,1.96435047324199,1.57923482078887,0.00613839848776629,0.969417056030601,0.0198624567642559,0.165875935922373,1.88949833816729,1.03248805675413,0.253970610641567,1.99374237995363,3.47913226389668,0.012096647408792,0.0806211567134164
21.4,1.00838046198161,1.03015192467055,138.982530621141,0.00145117744341946,0.00145117744341946,2.82368146754426,1.89203313292514,5.26883461893042,0.352420668446457,1.9579919148391,1.57476013594211,0.00619797163527531,0.970614176775589,0.0198287665143498,0.161930225476146,1.89203313292514,1.03257581791148,0.248984737104734,1.99618158977471,3.50100770141051,0.0121871840695333,0.0806292885018354
21.5,1.00838046198161,1.03015192467055,139.259049595101,0.00135404112688795,0.00135404112688795,2.82026777999363,1.89441198682795,5.28025072733057,0.354367514490323,1.95156628022393,1.57021107825913,0.006258057521015,0.971781415948191,0.0197960055213338,0.158079022791761,1.89441198682795,1.03265609556829,0.244097517060359,1.99847949845463,3.52202601558768,0.0122742672717981,0.0806375655503199
21.6,1.00838046198161,1.03015192467055,139.519098493862,0.0012633996451118,0.00126339964511179,2.81708224990141,1.89664456972201,5.29095193533308,0.356302677603358,1.94507753955094,1.5655907310617,0.0063186843561557,0.972918824690232,0.0197645044469073,0.154320056062627,1.89664456972201,1.0327295530463,0.239306987739198,2.00065222054821,3.54221534850595,0.012357988273825,0.0806459483517915
21.7,1.00838046198161,1.03015192467055,139.763590160881,0.0011787997872707,0.0011787997872707,2.81410897675171,1.8987398343874,5.30098370436891,0.358227162382172,1.93852982767116,1.56090214670284,0.0063798532355068,0.974027676527712,0.019733706851683,0.150651116137348,1.8987398343874,1.03279680876447,0.23461124644035,2.0027158706103,3.56160384224306,0.0124384383338522,0.0806543973991715
21.8,1.00838046198161,1.03015192467055,139.993428365383,0.00109980833420968,0.00109980833420968,2.81133276397977,1.90070599195914,5.31038913328129,0.360141990542416,1.93192734218393,1.55614838695969,0.00644155325832488,0.975109760241304,0.0197026777914485,0.14707005490753,1.90070599195914,1.03285840884559,0.2300084402519,2.00468656319571,3.58021963887676,0.0125157087101184,0.0806628731853815
21.9,1.00838046198161,1.03015192467055,140.209404344377,0.0010261023990216,0.00102610239902159,2.80874225996054,1.90255043265298,5.3192033900079,0.362048026840928,1.92527401462361,1.55133265331242,0.00650381029741079,0.976165099163712,0.0196717441911548,0.143574780107999,1.90255043265298,1.03291473876461,0.225496732896921,2.0065531891288,3.59808781549576,0.0125899286049285,0.0806713942088611
22,1.00838046198161,1.03015192467055,140.412313734494,0.000957367320958455,0.000957367320958453,2.80632640795346,1.90427981536386,5.32746000508859,0.363946175824618,1.91857388209588,1.54645813969844,0.00656663187856902,0.977194528909633,0.0196406408368147,0.140163261193782,1.90427981536386,1.03296612320679,0.221074342205279,2.00822473698611,3.61522445337851,0.0126613385872578,0.0806801492155213
22.1,1.00838046198161,1.03015192467055,140.602866399918,0.000893185215462361,0.000893185215462359,2.80407055281928,1.90590269191261,5.33520071766154,0.365837014973778,1.91183195067947,1.541527931599,0.00663005020559413,0.978197272674043,0.0196112123228167,0.136833447586128,1.90590269191261,1.0330132435143,0.216739472488439,2.00979477890997,3.63166641518045,0.0127299219560089,0.0806889336596422
22.2,1.00838046198161,1.03015192467055,140.781786204229,0.000833289098572407,0.000833289098572405,2.80196530943108,1.90742475097875,5.34245447132766,0.367721348580451,1.90505244915977,1.53654526519989,0.00669407419803204,0.979173924551486,0.0195835484333786,0.133583412242222,1.90742475097875,1.03305633572072,0.212490416001194,2.01127299137203,3.64744111814648,0.0127957789427335,0.0806977217517493
22.3,1.00838046198161,1.03015192467055,140.949759481929,0.000777431641054989,0.000777431641054988,2.80000198246755,1.90885127443355,5.34924826201088,0.369599921690707,1.89823973091092,1.53151339354449,0.00675871426190476,0.980124908761854,0.0195579800752807,0.130411277506727,1.90885127443355,1.03309560473661,0.208325500540428,2.01266905084392,3.66257597952148,0.0128590097789831,0.080706487702368
22.4,1.00838046198161,1.03015192467055,141.107422891505,0.000725357214750362,0.00072535721475036,2.79817159022498,1.91018776991346,5.35560957120144,0.371473438037997,1.89139777774695,1.52643551012703,0.00682398075194219,0.981050673259249,0.0195343873677167,0.127315189803186,1.91018776991346,1.03313132196335,0.204243072329965,2.01399263379726,3.67709841655034,0.0129197146963094,0.0807152057220235
22.5,1.00838046198161,1.03015192467055,141.255329005746,0.000676725512716658,0.000676725512716657,2.79646219661492,1.91144181310002,5.36157314226915,0.373342691107992,1.88452812805419,1.52131449027515,0.0068898726793577,0.981952761718759,0.0195091466790568,0.124293240578803,1.91144181310002,1.03316410179031,0.200241443059239,2.01525341670369,3.69103584647794,0.0129779939262639,0.0807238500212414
22.6,1.00838046198161,1.03015192467055,141.394057678341,0.000631363708213323,0.000631363708213322,2.79486771799083,1.91261717408056,5.36715884320008,0.375208281677778,1.87763540566924,1.51615365369287,0.00695640201133561,0.98283126851857,0.0194830816167642,0.121343709167179,1.91261717408056,1.03319400667579,0.196319053385266,2.01646107603484,3.70441568654917,0.0130339477003982,0.080732394810547
22.7,1.00838046198161,1.03015192467055,141.52412891363,0.000589069172250932,0.000589069172250931,2.7933810329223,1.91371841272663,5.37238898619977,0.377070838805643,1.87072299423259,1.51095616786738,0.00702357465976155,0.983686829893953,0.0194552423853586,0.118464872778995,1.91371841272663,1.03322124730778,0.192474345013071,2.01757389584845,3.71721794189196,0.0130875710007648,0.0807409523136309
22.8,1.00838046198161,1.03015192467055,141.646062175545,0.000549614999134322,0.000549614999134321,2.79199417330746,1.91475056874123,5.37728780675016,0.378930875187533,1.86379479592841,1.50572497237695,0.00709140104226113,0.984519577832567,0.0194277111073447,0.115655018972236,1.91475056874123,1.03324611320952,0.188705766336839,2.01858910234831,3.72945854374557,0.013138938561291,0.0807495301759312
22.9,1.00838046198161,1.03015192467055,141.760346844299,0.00051278650110267,0.000512786501102669,2.79069960047578,1.91571845710027,5.38187828849784,0.380788857445178,1.8568547168116,1.50046296344447,0.00715989154683696,0.985329566903781,0.0194030341359023,0.112912475061771,1.91571845710027,1.03326888319204,0.185011794450645,2.01954267749046,3.74118917750282,0.0131882044860527,0.0807580319651898
23,1.00838046198161,1.03015192467055,141.86740047671,0.000478432769042276,0.000478432769042275,2.78949200810387,1.91662567263133,5.38617767736182,0.382645305431266,1.84990593966245,1.49517325468007,0.00722905012417294,0.986117377295812,0.0193805943498959,0.110235649670087,1.91662567263133,1.03328969883875,0.181390966245864,2.02044022175895,3.75243350010265,0.0132354606591505,0.0807664428379046
23.1,1.00838046198161,1.03015192467055,141.967624593247,0.000446397759158712,0.000446397759158711,2.78836591253334,1.91747592044114,5.39020347714042,0.384500659503393,1.84295189585072,1.48985882858627,0.0072988828518222,0.986883308828101,0.019361459752931,0.107622977192772,1.91747592044114,1.03330873359923,0.177841836848013,2.02128733563782,3.76321516848399,0.013280798964685,0.0807747479505735
23.2,1.00838046198161,1.03015192467055,142.061512102879,0.000416491643387843,0.000416491643387842,2.7873146399017,1.91827319079981,5.39397594411347,0.386355618416659,1.8359919809915,1.48452184257007,0.00736939317853805,0.987628704714769,0.0193398955243422,0.105072869326523,1.91827319079981,1.03332617272259,0.174362969933285,2.02208961961113,3.77355783958578,0.013324311286757,0.0807829324596943
23.3,1.00838046198161,1.03015192467055,142.149410842291,0.000388585492512924,0.000388585492512923,2.78633365794074,1.9190206487955,5.39750984556338,0.388210575914729,1.82902911483972,1.47916514956649,0.00744058593552288,0.988353911659985,0.0193166307484393,0.102583839531935,1.9190206487955,1.03334215237911,0.17095298042278,2.02285267416293,3.78348517034694,0.0133660895094672,0.080790981521765
23.4,1.00838046198161,1.03015192467055,142.23166595619,0.000362554264549968,0.000362554264549967,2.78541856979837,1.91972130290742,5.40081942222292,0.390065959975668,1.82206518924536,1.47379138242441,0.00751246492113193,0.98905950814724,0.0192908701091108,0.100154428090632,1.91972130290742,1.03335679631699,0.167610508774997,2.02358209977726,3.79302081770641,0.0134062255169162,0.0807988802932833
23.5,1.00838046198161,1.03015192467055,142.308662465403,0.000338255074242481,0.000338255074242481,2.78456432892185,1.92037848940516,5.40392071821998,0.391922233020209,1.8151022974958,1.46840315467642,0.00758503468037752,0.989746074655844,0.0192639613248779,0.0977831321246509,1.92037848940516,1.03337024974255,0.164334162918226,2.02426120744464,3.80215340208468,0.0134447090942143,0.080806670441
23.6,1.00838046198161,1.03015192467055,142.380703674381,0.000315664907432866,0.000315664907432865,2.78376760495449,1.92099434666302,5.40682465313549,0.393779518711283,1.80814504813281,1.46300217388617,0.00765829825432445,0.99041335831378,0.0192457752809089,0.0954686716058219,1.92099434666302,1.03338256671041,0.161122707978198,2.02488771961683,3.810892108035,0.0134823087179068,0.0808143624563929
23.7,1.00838046198161,1.03015192467055,142.447749529513,0.000298577447206075,0.000298577447206075,2.78302851477428,1.92157119480178,5.40954245670893,0.395637758199936,1.80120013946938,1.45759094351302,0.00773225636661966,0.991060268422303,0.0192252414405168,0.0932097184347101,1.92157119480178,1.03339382592804,0.157974888370827,2.0254699905005,3.81924337842945,0.0135264782203502,0.0808219898079672
23.8,1.00838046198161,1.03015192467055,142.499170531503,0.000445633364992554,0.000445633364992553,2.78246475084164,1.92211186496453,5.41208787884165,0.397497348804119,1.79426951284425,1.45217242532961,0.00780691806031289,0.991683300181974,0.019213290838268,0.0910048606657406,1.92211186496453,1.03340414824717,0.154889382616524,2.026007623458,3.82719442422597,0.013598430899197,0.0808296058677676
23.9,1.00838046198161,1.03015192467055,141.984162792565,0.00917319712795262,0.00917319712795262,2.78822662944877,1.92261279696689,5.41444611658797,0.39935715359265,1.7874386026838,1.44675356108944,0.00788250900127732,0.992083421142068,0.0196027804766055,0.0888531633065354,1.92261279696689,1.03341330884385,0.151864981281961,2.0264984045468,3.8330892004601,0.0152906758354195,0.0808403603558446
24,1.00838046198161,1.03015192467055,120.675316108402,0.287489260381236,0.287489260381236,3.04704195251434,1.92277778013736,5.4152125030605,0.401164886643157,1.78370361451264,1.4415193742332,0.00796851601429587,0.985352752175686,0.0397396822077211,0.0867756355007194,1.92277778013736,1.03340583077407,0.148900987007116,2.02639952118953,3.77765512632936,0.0744998317374368,0.0811267743513938
