T,PIF4m,PIF5m,PIF,phyB,PR,INT,IAA29m,ATHB2m,CDF1m,FKF1m,FKF1,CDF1,COm,CO,FTm,InducedC1,InducedC2,RepressedC1,PHYAm,phyAr,phyAfr,phyAmarker
0,0.397799298336887,0.472850355161363,36.0143684140484,0.287336582297742,0.287336582296242,3.03910672352277,1.0551594439398,1.00188516486965,1.14802086955574,0.0630787769191616,0.0522114372464728,0.229054661073733,0.201319964428917,0.00789520605882199,0.00136593483062294,1.0551594439398,0.992980676068719,0.10900736902238,1.16107025470606,1.45482927479018,0.0281018158127956,0.0801330509525418
0.1,0.422512285666071,0.497346767253827,14.5816321068452,0.843272952842469,0.843272952842204,4.7273262793421,1.04040733747807,0.974116170420801,1.17013213792916,0.077363914756379,0.0525922028580434,0.233681505778635,0.192297093177003,0.0477373870147011,0.0013421089710266,1.04040733747807,0.988296555794858,0.107779484324242,1.14440000098909,1.38257027255976,0.126608269477206,0.0816594140187495
0.2,0.447122398006833,0.521541644022265,6.69246959624037,0.950598489247925,0.950598489247891,6.99574657659583,0.974362323267599,0.914209804340506,1.1912411590153,0.0912238018839491,0.0544643564788039,0.238355668819337,0.183395439812559,0.101660872669087,0.00136879066607328,0.974362323267599,0.923774986758684,0.122230688855714,1.07844702209062,1.29723457089097,0.213035454333745,0.0874045127472763
0.3,0.471457289408991,0.545260616917774,5.53964095974531,0.964591010850372,0.964591010850368,9.06262904589357,0.911378967816224,0.858182075243031,1.21044932950524,0.101907316772839,0.0573587694353208,0.243036483963762,0.175000981818704,0.151186857192308,0.00148214213099197,0.911378967816224,0.838504793925964,0.14400136319007,1.01521225941435,1.21931423545103,0.271570323314781,0.0963990103558774
0.4,0.495310842300336,0.568285065891544,5.58507374586635,0.966267368691983,0.966267368691982,10.8492523690645,0.852602304644897,0.80598504573489,1.22693156245583,0.109917446533916,0.060835607270253,0.247695355385515,0.167086302472746,0.196124892731887,0.00170770263503281,0.852602304644897,0.759467029800346,0.165766344197811,0.956194631401274,1.14796447540292,0.309226331307055,0.107024401401742
0.5,0.518716475390804,0.590721547241285,5.79968517453304,0.96648683699084,0.96648683699084,12.3815709293783,0.797765541178026,0.757299292540159,1.2400437417449,0.115757526208259,0.0645674727113511,0.252310054983787,0.159623699066633,0.236840584922213,0.00205851565726178,0.797765541178026,0.687692658458068,0.187140353078397,0.901217170791704,1.08216110876836,0.331660627714204,0.118255172276567
0.6,0.541707104800785,0.612642951850197,6.04130504694373,0.966497200507097,0.966497200507096,13.6944118279427,0.746612772520986,0.711918766785497,1.24939122886162,0.11986164382475,0.0683188233104,0.256861326399077,0.152587482795853,0.273680899846569,0.00253654714226348,0.746612772520986,0.622599707883897,0.208123320597555,0.849971252954056,1.02110887742399,0.343091796217684,0.129498761742092
0.7,0.563993774310374,0.633707859716476,6.27407051837954,0.966508053004549,0.966508053004549,14.8189056652546,0.698888277411029,0.669567704367482,1.254834450639,0.122597100509931,0.0719276839708394,0.261331741996122,0.145953785445402,0.306953939812925,0.00313676652483787,0.698888277411029,0.563647663683032,0.228699445058929,0.802179419905611,0.964224247091492,0.346526182889298,0.140440918189496
0.8,0.585769302162585,0.65420909117894,6.50537843521922,0.966502198183641,0.966502198183641,15.7821404457751,0.654371321810035,0.63009315105771,1.25644118827753,0.124272495142816,0.0752863441826477,0.265705163384176,0.139700269764046,0.336939534441462,0.00384983616064269,0.654371321810035,0.51026753399927,0.248875792004493,0.757610824573641,0.911039739283949,0.344280525807962,0.150861741723593
0.9,0.606786818980236,0.673843848671621,6.72862343007197,0.966502878861113,0.966502878861113,16.6072423959593,0.612846293198418,0.593299032074055,1.25443038285399,0.125143761603185,0.0783312749366416,0.269967374214058,0.133806040639585,0.363893325746265,0.00466425499549399,0.612846293198418,0.461945605523939,0.268656700758553,0.716052935745027,0.861188960214802,0.338081696480942,0.160622511440138
1,0.627074168254771,0.692679307360094,6.9423063662045,0.966505447679406,0.966505447679406,17.3135065757282,0.574111915846748,0.558989868440233,1.24912714940179,0.125412511254183,0.0810358479033432,0.274105838216146,0.128251705048214,0.388039699256461,0.00556733140997479,0.574111915846748,0.418217773439255,0.288048196473004,0.677304971997454,0.81438434159593,0.32917419861305,0.169641711782725
1.1,0.646664338776626,0.710783840173474,7.14802741106196,0.966505055936441,0.966505055936441,17.918393256886,0.53797888977038,0.526995758580731,1.24088343539838,0.125254751541738,0.0833881028890995,0.278108846454658,0.123018629144095,0.409592008062031,0.00654626322681774,0.53797888977038,0.37864670273467,0.307056839388142,0.64117732014476,0.770393547173662,0.318461993704891,0.177877108112336
1.2,0.66558913895418,0.728214269848894,7.34678735969907,0.966503803624491,0.966503803624491,18.4366863864764,0.504272077217411,0.497163098214536,1.230071561871,0.124809439184008,0.0853955806129152,0.281966451557177,0.118089320854531,0.42875245420031,0.0075885315713014,0.504272077217411,0.342836970159433,0.325689492376924,0.607492742939701,0.729017393085768,0.306611456526311,0.185297980413004
1.3,0.683749812874668,0.74485114405722,7.53788045885218,0.966503140729045,0.966503140729046,18.8805802181091,0.472830090701775,0.469348266438887,1.21705313759881,0.124181901469592,0.0870809503254581,0.285669987362636,0.113447492161253,0.445705065909112,0.00868244808831174,0.472830090701775,0.310437361183126,0.343953103062982,0.576090296339271,0.690091650403071,0.294065579696343,0.191893846016812
1.4,0.701170012501024,0.760737194654704,7.72109426076007,0.966503099674938,0.966503099674938,19.2610167541499,0.443499442115308,0.44341405067834,1.20216824278746,0.12346068956988,0.0884709019773026,0.289211743611711,0.109077524212453,0.460623702526964,0.00981702702775398,0.443499442115308,0.281120853004998,0.36185457409855,0.546809041057759,0.653449825538705,0.281288929862207,0.197657003466751
1.5,0.717867168671311,0.775904290977795,7.89618951755707,0.966503468399285,0.966503468399285,19.5871049525808,0.416137958055342,0.419232980912127,1.18573325761728,0.122710719708584,0.0895992345143081,0.292585189660496,0.104964754231016,0.473668594525637,0.0109821863244897,0.416137958055342,0.254594697732154,0.379400802521235,0.51950591963591,0.618960708545406,0.26852594916531,0.202604558464029
1.6,0.733828351621014,0.79034097822552,8.06336891819345,0.9665036723086,0.9665036723086,19.8662167025657,0.390616281546463,0.396688625753452,1.16801677148088,0.121976718753951,0.0905011762595077,0.295785033281587,0.101095600283694,0.48498493037044,0.0121692188413235,0.390616281546463,0.230603286266403,0.396598563826458,0.494051463456793,0.586508415827591,0.255925906351602,0.206765141101173
1.7,0.749092718710872,0.804100151332338,8.22305882050879,0.966503889511719,0.966503889511719,20.1037990485609,0.366821654064037,0.375679986926831,1.14921975056327,0.121285320678748,0.0912095509989577,0.298807424793544,0.0974578753144325,0.494699896221271,0.0133712897696588,0.366821654064037,0.208936271449934,0.4134544402265,0.470314003157886,0.555972511963836,0.243669302381823,0.210164794222745
1.8,0.763657614536761,0.817185697088995,8.37525758808221,0.966503766579402,0.966503766579402,20.3082557579726,0.344617317011615,0.356084281180289,1.12963653700587,0.120693442803581,0.0917581892446748,0.301646346348165,0.0940373724079154,0.502967413134094,0.0145789288950459,0.344617317011615,0.189316448536107,0.42997526803477,0.448182079771991,0.527256357220792,0.231797496349501,0.212849471431996
1.9,0.777554462276646,0.829633808689935,8.52033931939574,0.966503658982041,0.966503658982041,20.4824673152942,0.323913914647286,0.337821826030673,1.10938413011661,0.120204646031354,0.0921761086353296,0.304300413155207,0.0908239188552174,0.509889262913563,0.0157878531555788,0.323913914647286,0.171595947828275,0.446167329675404,0.427547050857046,0.500259275118437,0.220375922095534,0.214854869864032
2,0.790801041579776,0.841469183479375,8.65853417749578,0.966503569298265,0.966503569298265,20.6320859388146,0.304597956968109,0.320790963139857,1.08866943523783,0.119848811566595,0.0924951971568569,0.306765851604166,0.0878052838150898,0.515593674201709,0.0169911352471373,0.304597956968109,0.155561387834977,0.462037196349707,0.408307720944285,0.474887291597074,0.20943929043799,0.216221796214702
2.1,0.803413062975873,0.85271029549498,8.79003490995806,0.966503473947101,0.966503473947101,20.7611257981466,0.28657256909877,0.304905073726923,1.0676429237997,0.119642482270654,0.0927429644508054,0.309040553377847,0.0849707411637959,0.52019068545208,0.018183626251836,0.28657256909877,0.141042122944835,0.477591204970722,0.390379765571122,0.451057773396915,0.198986356982994,0.216997455552754
2.2,0.815408845817009,0.863373359085832,8.91504627658646,0.966503444048938,0.966503444048938,20.871022803503,0.269765666392688,0.290100022984284,1.04636815218658,0.11957992353981,0.0929415813523913,0.311124884525652,0.082311766222902,0.52376318639602,0.0193628515403199,0.269765666392688,0.12793244615778,0.492835360519132,0.373655491579215,0.428672252573195,0.189071768586118,0.217220736045854
2.3,0.826805781847813,0.873480764866571,9.03378572608147,0.966503486382632,0.966503486382632,20.9665165249741,0.254073301112751,0.27628278288008,1.02502036931145,0.119683860162972,0.0931202866321039,0.31301597844288,0.0798169946395012,0.526428930146234,0.0205228929283929,0.254073301112751,0.116043244742897,0.507776093518123,0.358070817779882,0.407663328233017,0.179658521887094,0.216945975845396
2.4,0.837613565386937,0.883036613148798,9.14632667207755,0.966503507612254,0.966503507612254,21.0474603641695,0.239447247981551,0.263410590336457,1.00360017594783,0.119943116918525,0.0932896803432637,0.314715953029901,0.0774802202387663,0.52824432101821,0.0216636033297293,0.239447247981551,0.105323049010407,0.522418938446431,0.34353646957591,0.387945479563322,0.170760499525777,0.216218550160655
2.5,0.847849867462491,0.892061164492197,9.25288177305153,0.966503535575999,0.966503535575999,21.1174735828782,0.225794397834023,0.251400244635679,0.982244908042334,0.120370799560002,0.0934765726008045,0.31622303870248,0.0752910453608838,0.52931525149567,0.0227802349458105,0.225794397834023,0.0956110856178801,0.536770180483712,0.329978837009923,0.369444257996109,0.162369531846122,0.215084650772168
2.6,0.857527102014894,0.900565390208675,9.35356838516154,0.966503557263807,0.966503557263807,21.1773803914673,0.213060996571595,0.240203909081943,0.960983185903892,0.120967186750991,0.0936915899133975,0.317538720335456,0.0732428595339109,0.529703719792677,0.0238718682026761,0.213060996571595,0.0868371745081877,0.550835351872337,0.317344685572103,0.352099662936101,0.154446495786951,0.213592657440055
2.7,0.866658748689625,0.908561932661208,9.4485237342843,0.966503561869248,0.966503561869248,21.2286203862329,0.201183789578096,0.229765220749762,0.939868565762413,0.121734662792131,0.0939494962912724,0.318663715210621,0.0713281249240422,0.529482379214534,0.0249366834657134,0.201183789578096,0.0789098801990495,0.564620177706614,0.305552608503436,0.335831836358771,0.146993469847835,0.211788715813968
2.8,0.875260216972915,0.916066319020996,9.53791189432622,0.966503551790577,0.966503551790577,21.2727545551627,0.190099934150389,0.220028174080925,0.918958039290665,0.122677320730111,0.0942650711157825,0.319598637917805,0.0695394079561914,0.528723129263734,0.0259728119073289,0.190099934150389,0.0717368563215914,0.578130338138859,0.294568268518376,0.320596042116608,0.139970421359009,0.209709420009065
2.9,0.883347852720771,0.923095303848805,9.62189882107682,0.966503547076833,0.966503547076833,21.3101910820352,0.179768283628622,0.210956213625304,0.898259355660798,0.123797514946555,0.0946439772397282,0.320345624078853,0.0678715020807411,0.527473039025642,0.0269802896899317,0.179768283628622,0.0652711716764192,0.59137101052429,0.284320117200773,0.306319391741498,0.133365297368473,0.207401555184763
3,0.890935790227404,0.929662533352372,9.70063248069437,0.966503539753673,0.966503539753673,21.3425882618734,0.170122573847156,0.202490273566232,0.877834694927688,0.125098585577501,0.0951023205897951,0.320905126002584,0.0663165859736235,0.525808090273486,0.0279569979055919,0.170122573847156,0.0594143635241839,0.604347975178993,0.274764604808393,0.292948964562834,0.12715735956221,0.204896333844301
3.1,0.898041081464689,0.935785194542917,9.77430412261478,0.966503534681768,0.966503534681768,21.370085645541,0.161131450062798,0.194602569402127,0.857680374537905,0.126583566984623,0.0956436148507566,0.321279513182377,0.0648705877632449,0.523763392578343,0.0289036187851394,0.161131450062798,0.0541360028386319,0.6170661008787,0.265857785140704,0.28043156762248,0.121325886176581,0.202225257025442
3.2,0.904679041009026,0.941478476420398,9.84307536681987,0.966503533838773,0.966503533838773,21.393701415918,0.152742420427021,0.187246377147118,0.837830758423473,0.128255479439461,0.0962786383118103,0.321470073352147,0.0635271437551027,0.521398931792165,0.0298191748446066,0.152742420427021,0.0493651387586398,0.629530822085168,0.257553060557505,0.268714159759558,0.11585243197496,0.19942049764871
3.3,0.910865222875768,0.946757597004629,9.90711194789407,0.966503536546084,0.966503536546084,21.4140929996732,0.144912834041573,0.180383785957696,0.818305024542252,0.130117510013351,0.0970153737565403,0.321478442162068,0.0622810359691035,0.518762860935895,0.0307034106048412,0.144912834041573,0.0450487813455431,0.6417472740607,0.24983728433099,0.257772331231311,0.11072336618679,0.196486276828923
3.4,0.916615497470814,0.951637753508475,9.96658504488524,0.966503537881902,0.966503537881902,21.4313835743388,0.137614707297439,0.17399002006923,0.799099896821199,0.132173105771817,0.0978576791566313,0.32130676273939,0.0611287596308415,0.515885679132098,0.0315571430821237,0.137614707297439,0.0411606458978422,0.653720143583718,0.242644136119301,0.24753453930485,0.105915625951461,0.193472281042696
3.5,0.92194547912805,0.9561344393669,10.0216613949305,0.966503539821895,0.966503539821895,21.446400533395,0.130800328224232,0.168022637651069,0.780241548858293,0.134425316379256,0.0988147859634582,0.320956541975326,0.0600644821815387,0.512821705738153,0.032379761820053,0.130800328224232,0.0376387970065577,0.665454731333835,0.235928217949165,0.237947786794918,0.101409859678852,0.190410307385338
3.6,0.926874361918913,0.96026684037398,10.0725310462174,0.966503541130514,0.966503541130514,21.45914220871,0.12444866567203,0.162463067220658,0.761721887770402,0.1368784238649,0.0998898510023144,0.320429626900051,0.0590856849920416,0.50959258260734,0.033172467352207,0.12444866567203,0.0344670829100063,0.676955410237885,0.229644131847309,0.228959076516256,0.0971867157788416,0.187332152952153
3.7,0.931418469764025,0.964051029760672,10.1193661098176,0.966503541336836,0.966503541336836,21.4700965847261,0.118522133855105,0.157277930768584,0.743552965636733,0.139535806125353,0.101089560849179,0.319727757938253,0.0581877599580152,0.506240319883372,0.0339353605423782,0.118522133855105,0.0316014323947207,0.688227148437242,0.223821832009588,0.220590325485249,0.0932397977976061,0.184199372606591
3.8,0.935595521297578,0.96750452532923,10.1623540268927,0.966503540646424,0.966503540646424,21.4795561553487,0.112990993833149,0.152440860716391,0.725738738628644,0.142401387017006,0.102419231319547,0.318852599276602,0.0573671472109856,0.502797187702962,0.0346690301507721,0.112990993833149,0.0290102564187568,0.699274596577893,0.218394044495192,0.212766787698228,0.089545993056998,0.1810641559131
3.9,0.939424974449359,0.970646634152017,10.2017025439568,0.966503540296688,0.966503540296688,21.4875772490489,0.107835256676305,0.147934198779497,0.708273370906747,0.145479790388149,0.103882530668849,0.317805697033219,0.0566216000037919,0.499283338123573,0.0353746650288377,0.107835256676305,0.0266773371508544,0.710102004294175,0.213321653932432,0.205441712055314,0.0860870301210678,0.177952443414188
4,0.942923857846792,0.973494182365227,10.237589278245,0.966503539803605,0.966503539803605,21.4945346996536,0.103021368312446,0.143728171625439,0.691164250523355,0.14877463389103,0.105485336216235,0.316588796471655,0.0559470287391531,0.495735806551109,0.0360526282976478,0.103021368312446,0.0245652776420677,0.720714188875938,0.208568829290941,0.198571612708458,0.0828452022236026,0.174887114035591
4.1,0.946110212608949,0.976064465534239,10.2702113299035,0.96650353939935,0.96650353939935,21.5004846194606,0.0985318064531716,0.139807309478286,0.674405582901806,0.152290884707284,0.107231435948251,0.315203192529156,0.0553416727396444,0.492171662365698,0.0367042021691739,0.0985318064531716,0.022660393072815,0.731115217126433,0.204146767351505,0.19216190153149,0.0798162575284276,0.171845198593424
4.2,0.949002114784783,0.978375113622884,10.2997625679213,0.966503539341518,0.966503539341518,21.5055769417555,0.0943437527217238,0.136151420264931,0.657995442198712,0.156033032327266,0.109125204423265,0.313650371635275,0.0548029719635814,0.488614573226998,0.0373303765214966,0.0943437527217238,0.0209414273306916,0.741309419595038,0.200039088736075,0.186189317761516,0.0769880545000875,0.16883061230948
4.3,0.951616448799498,0.980442187550551,10.3264252654254,0.966503539708217,0.966503539708217,21.5099318510648,0.090436643188982,0.132742319099113,0.641930741307516,0.160005828065996,0.111170885674251,0.311931704909888,0.0543287552537538,0.48508546387637,0.0379322550969284,0.090436643188982,0.0193900632397733,0.751300995184721,0.196200798071158,0.180600846816521,0.0743402644005485,0.165875168563341
4.4,0.953966074181091,0.982276783381199,10.3503385050972,0.966503539922956,0.966503539922956,21.5136845103834,0.0867911940157,0.129562951557078,0.626209231559173,0.164214343006003,0.11337301174592,0.31004839066185,0.0539172157091273,0.481603880899459,0.0385109734225928,0.0867911940157,0.0179887840675743,0.761094009530853,0.192605708038927,0.175363030012426,0.0718579395857926,0.162992344482557
4.5,0.956067159756125,0.9838938926953,10.3716790537225,0.966503540015389,0.966503540015389,21.516889106751,0.0833907494557158,0.126598616387859,0.610825145199311,0.168663710777628,0.115735441760559,0.308001649518355,0.0535667956690897,0.478185926192127,0.0390678474008095,0.0833907494557158,0.0167247504706445,0.770692458773994,0.189244854889407,0.170461590665776,0.069533739664225,0.160179111711305
4.6,0.957933808472361,0.985306585986827,10.3905884379924,0.966503540054424,0.966503540054424,21.5196358790802,0.0802184927615303,0.123834457384876,0.59577456471942,0.173359490314807,0.118262542061563,0.305792642979937,0.0532761384091571,0.474848356478885,0.0396041487653276,0.0802184927615303,0.0155838382173967,0.780100265619749,0.186132722069743,0.16590836539052,0.0673706803300886,0.157409972256491
4.7,0.95957947564941,0.986527096170041,10.4072013913468,0.966503540051122,0.966503540051123,21.5219927670904,0.0772591666239247,0.121257007114395,0.581052701838068,0.178307428195318,0.120958577167782,0.303422461300397,0.0530441542000349,0.471606040919456,0.0401212296860979,0.0772591666239247,0.0145539908151444,0.789321263374227,0.183226903456657,0.161651832512442,0.0653466504673053,0.154713945857158
4.8,0.961017033827288,0.987566761864157,10.4216514036424,0.966503539888413,0.966503539888413,21.5239968099032,0.0744993248316668,0.118854412728255,0.566653496124676,0.183513430021128,0.123827624089037,0.300892125301652,0.0528700340100964,0.468471605404702,0.0406205422933255,0.0744993248316668,0.0136257154021525,0.798359193412801,0.180508600824629,0.15766676262809,0.0634499660233993,0.152097428614365
4.9,0.962258758842852,0.988437017714541,10.4340743393372,0.966503539778679,0.966503539778679,21.5257219319918,0.0719244435514989,0.11661385119748,0.552572888015811,0.188984060806321,0.126874381909444,0.298202781224512,0.0527531086991136,0.46545991952158,0.0411034741785978,0.0719244435514989,0.0127872088703925,0.807217768802955,0.177960080532791,0.153929226075798,0.0616695527722086,0.149565922760654
5,0.963316163721963,0.989147950980941,10.444586410246,0.966503539725092,0.966503539725092,21.5271938780732,0.0695228807634543,0.114525070290601,0.538804670916706,0.194725815543495,0.130103106233404,0.295355378973416,0.0526930378367182,0.462581844062436,0.0415715587525664,0.0695228807634543,0.0120308307982477,0.815900578335418,0.175603930867508,0.150464521870649,0.060017434108072,0.147091074600619
5.1,0.964199533523437,0.989708492563801,10.4532978104939,0.966503539733469,0.966503539733469,21.5284501545295,0.0672829143990028,0.112577740506734,0.525343547331878,0.200745379823415,0.133518389548417,0.292350796310913,0.0526897189500048,0.459849098389054,0.0420263381422439,0.0672829143990028,0.0113483598249957,0.824411160041876,0.173405739410948,0.147228357382832,0.0584729816965013,0.14469239054542
5.2,0.964917862165804,0.990126180071638,10.4603089098776,0.966503539737719,0.966503539737719,21.5295294244,0.0651932446565161,0.110761904253942,0.512184616959283,0.207049519236166,0.137125027317506,0.289189788812771,0.0527433140820469,0.457273472679474,0.0424693902505523,0.0651932446565161,0.0107318099494924,0.832752988677717,0.171351736380961,0.144201642389985,0.0570273919295968,0.142372044610811
5.3,0.965480072436157,0.990408558290411,10.4657154218478,0.966503539791595,0.966503539791595,21.5304498888188,0.0632442192363712,0.109069070692201,0.499322066186187,0.213645451853458,0.140927706467121,0.285873148132629,0.0528542065549706,0.454864541562286,0.0429023579291052,0.0632442192363712,0.0101753074314085,0.840929445664779,0.169428151995394,0.141365286669742,0.0556718611994587,0.140132210812549
5.4,0.96589304752069,0.990560994148946,10.4695841806039,0.966503539841594,0.966503539841594,21.5312411461011,0.0614259250991724,0.107490511202526,0.486750761601302,0.220540822852652,0.144931476729664,0.28240215162422,0.0530232096408662,0.452633630333505,0.0433269539461783,0.0614259250991724,0.0096722085883262,0.84894386663501,0.167642650201966,0.138728492043125,0.0544108483531268,0.137961742868413
5.5,0.966163320027774,0.990588501171969,10.4719846541779,0.966503539866235,0.966503539866235,21.5319188967122,0.0597297794356766,0.106018680073729,0.474465234581047,0.227743337496855,0.149141367339892,0.278777700379967,0.0532512936903445,0.450590224562667,0.0437449215757988,0.0597297794356766,0.00921747411974016,0.856799501280089,0.165983509640123,0.1362748721584,0.0532368172755416,0.135861541773259
5.6,0.966296550334778,0.990495323093602,10.47297502878,0.966503539860697,0.966503539860697,21.5324991656312,0.0581475669763693,0.104646355352614,0.462460176276948,0.235260981611908,0.153562606786016,0.27500095077167,0.0535398260834626,0.448744325724217,0.0441580860973805,0.0581475669763693,0.00880626596457016,0.864499539982699,0.164434511701094,0.133982104396911,0.0521394491091057,0.13383530340117
5.7,0.966297818030092,0.990285440600017,10.4726045907848,0.966503539885019,0.966503539885019,21.5330033966338,0.0566710458120196,0.103366287437079,0.450730606063992,0.243102007043945,0.158200703371942,0.271073551692449,0.0538907168097191,0.447107520443907,0.0445683937095588,0.0566710458120196,0.00843339816289413,0.872047126883615,0.162985207744077,0.131835482368493,0.0511119952539729,0.131883137797109
5.8,0.966170666113016,0.989960776825289,10.4709085237572,0.966503539886859,0.966503539886859,21.5334354365532,0.0552936910348105,0.10217275376317,0.43927110382018,0.251274926794805,0.163061082636736,0.266996581032922,0.054305805743205,0.445688319846069,0.0449777511639703,0.0552936910348105,0.00809578271131446,0.879445303507492,0.161627720100038,0.129823821323643,0.050149248880494,0.130004078700386
5.9,0.965917926876538,0.989522720742918,10.4679129391976,0.966503539850713,0.966503539850713,21.5338001289039,0.0540092805668049,0.101060297921677,0.428076429147336,0.259788508447809,0.168149380478766,0.262771406104625,0.0547873643402073,0.44449595006267,0.0453881576186156,0.0540092805668049,0.00779044841188731,0.886697054701951,0.160374191250731,0.127963359519963,0.0492580089197229,0.128188778660832
6,0.965069908581611,0.98839520762665,10.4593905952322,0.966503539822435,0.966503539822435,21.5341175219877,0.0528105958868807,0.100022582316127,0.417141546160709,0.268653846926358,0.173471976156469,0.258401083643839,0.0553387732022938,0.443544134227128,0.0458017044101683,0.0528105958868807,0.00751204912548235,0.893805518645308,0.159204604477132,0.126226284498314,0.048425788950018,0.126441353281479
6.1,0.963461126182103,0.986374259351357,10.4438491601206,0.966503539803961,0.966503539803961,21.5343913818838,0.0516921769546738,0.099054826191168,0.406461313377612,0.277880953460904,0.179034986949358,0.253887679791136,0.0559631879362111,0.442843215034993,0.0462205180895701,0.0516921769546738,0.00725782929728104,0.900773620980256,0.158111232237984,0.12460161714976,0.0476474721709316,0.12476077345249
6.2,0.960918234667472,0.983246488131622,10.4197235416392,0.966503539795604,0.966503539795604,21.5346218429661,0.0506492153663681,0.0981528261072994,0.39603060831069,0.287480126037729,0.184844672072496,0.249233346841658,0.0566640751705871,0.442403319658217,0.0466467833085867,0.0506492153663681,0.00702562896044861,0.907604221807766,0.157086346992034,0.123078378365364,0.0469179417820159,0.12314601006403
6.3,0.957353865644725,0.978935892799936,10.3855360524992,0.966503539799209,0.966503539799209,21.5348126281264,0.0496772424659109,0.0973126865651087,0.385845091845581,0.297459079985646,0.19090754215944,0.244440754072582,0.0574464876765415,0.442238118337857,0.0470828977230808,0.0496772424659109,0.00681224668528907,0.914300281576736,0.156131581048519,0.121658534053445,0.0462377986017295,0.1215935552907
6.4,0.953090406402984,0.97393018853084,10.3421539532416,0.966503539795495,0.966503539795495,21.5349772546335,0.0487711600356011,0.0965299671970473,0.37590181768469,0.307818600061901,0.197229872974662,0.239512568676571,0.0583172390976965,0.442366734991054,0.0475314777206767,0.0487711600356011,0.00661192970993962,0.920865063680715,0.155246910713635,0.12034175980925,0.0456066318517854,0.120100339856896
6.5,0.947793579543775,0.967796648032093,10.2870442593975,0.966503539797839,0.966503539797839,21.5351181235474,0.0479254461870134,0.0957998279549247,0.366195153187878,0.318571188607767,0.203817855522622,0.234450919143362,0.0592788085734479,0.442797893865926,0.0479945564197837,0.0479254461870134,0.00642248907856529,0.927301417622359,0.154420656008913,0.119111610157903,0.0450169103203354,0.118666381354075
6.6,0.941366400578637,0.96043689559251,10.2188661898461,0.966503539807939,0.966503539807939,21.535241185403,0.0471348783557947,0.0951177031429771,0.356720482819551,0.329725051341843,0.210677758507356,0.22925818395578,0.0603353959530984,0.443544246654977,0.0484744014649622,0.0471348783557947,0.00624050159224076,0.933612335159902,0.153647228821788,0.11796006489898,0.0444648241121999,0.117290084099764
6.7,0.934432097317856,0.952651796165611,10.1446289704011,0.966503539814887,0.966503539814887,21.535342799935,0.046398980191567,0.0944832016903552,0.34747437888755,0.341288923084466,0.217816448688681,0.223942882301125,0.0615012319545086,0.444635475433242,0.048975682971868,0.046398980191567,0.0060665720758422,0.939799973015517,0.152921041039694,0.116879103832055,0.0439465633321995,0.115969852411488
6.8,0.926964722086659,0.944431668987063,10.0638154074975,0.966503539819137,0.966503539819137,21.5354279717072,0.0457129972640518,0.0938921696577353,0.338452343017031,0.353271061741212,0.225240253758764,0.218507998339297,0.0627815058032281,0.44608591165364,0.0495009055483735,0.0457129972640518,0.00589767462715365,0.945867240585193,0.1522500912011,0.115879562790175,0.0434671242670297,0.114702469673162
6.9,0.918913542771641,0.935735888007224,9.97562096141607,0.966503539821577,0.966503539821577,21.5355020353287,0.0450720118130061,0.0933403094457435,0.329649835956269,0.365679707009847,0.232955480829067,0.212956304912072,0.0641810615356908,0.447909300707908,0.0500524911268712,0.0450720118130061,0.00573064472884677,0.951817076000754,0.151624748061248,0.114947810371469,0.0430200764671638,0.113486822561714
7,0.910401687274062,0.926711222431426,9.88173276380305,0.966503539821998,0.966503539821998,21.5355670794208,0.0444728595550501,0.0928248556894907,0.321062891904833,0.378520835144481,0.240968258590276,0.207293483341982,0.0657098171166783,0.450128539185718,0.0506343373415107,0.0444728595550501,0.00556447080214312,0.957651940547389,0.151040171126099,0.114076863946872,0.0426020946060415,0.11232122620124
7.1,0.90170653277168,0.917623875967009,9.78679939965439,0.966503539822279,0.966503539822279,21.5356208445031,0.0439148905872842,0.0923452297764918,0.312688506100376,0.391794642249191,0.249284048240479,0.201530045019388,0.067386376323255,0.452782593209446,0.0512530640879896,0.0439148905872842,0.00540191368431386,0.963373438221178,0.150492349224953,0.113260891851493,0.042210390882658,0.111203896774746
7.2,0.892869619304243,0.908557444715153,9.69094158389622,0.966503539821104,0.966503539821104,21.5356677190611,0.043393610682156,0.0918975096916854,0.30452220441566,0.405510161902514,0.257909331530646,0.195669116474253,0.0692160628889308,0.455885859628353,0.0519111291006849,0.043393610682156,0.00523996643319731,0.968984483757638,0.149980092466264,0.112498018871026,0.0418440892840619,0.110133153236723
7.3,0.883929650599937,0.899526760092293,9.59469534819007,0.96650353979791,0.96650353979791,21.5357085622821,0.0429067217364835,0.0914796806273111,0.296560552788516,0.419666795223916,0.266848744041216,0.189719012588206,0.071214141297369,0.459471864811518,0.052614358544632,0.0429067217364835,0.00507892224174342,0.974487159655162,0.149506351804176,0.111792176749784,0.0415051197654041,0.109107465381355
7.4,0.8748187945287,0.890379344184348,9.49714989238583,0.966503539706218,0.966503539706218,21.5357426377026,0.042453046159515,0.091090698768822,0.28880080112108,0.434255526791025,0.276105014412823,0.183691436208691,0.07340274660052,0.463587786932883,0.0533710540980068,0.042453046159515,0.00492076208693129,0.979883060028407,0.149063987811075,0.111133146878804,0.0411885747197821,0.108124935437799
7.5,0.865671543671449,0.881280460094183,9.40014212807045,0.966503539548767,0.966503539548767,21.5357722391969,0.0420292783694414,0.0907276762660153,0.281238900383066,0.449283325230618,0.28568449279956,0.177591656018958,0.0757909657952862,0.468254877708213,0.0541848161347589,0.0420292783694414,0.004764261636077,0.985174706492872,0.148650112808512,0.110516673134404,0.0408924276600995,0.107183820514811
7.6,0.85645398492311,0.872165893520008,9.30304864779775,0.966503026188465,0.966503026188465,21.5357963122835,0.0416335333411555,0.090388960973559,0.273871211435588,0.464751266268336,0.295590266086464,0.171430364505692,0.0783986359421171,0.473462369718772,0.0550629700839111,0.0416335333411555,0.00460977527079104,0.990364034721743,0.148261839118035,0.109938499392901,0.0406146520992604,0.106282377721148
7.7,0.847053790193853,0.86287701222934,9.2040388855192,0.966501065248916,0.966501065248916,21.5358119498854,0.0412644629065157,0.0900733698281373,0.266694047490845,0.480660315025754,0.305823813246789,0.165220803917714,0.081250560397259,0.479165542536209,0.0560145090477425,0.0412644629065157,0.0044580054633819,0.995452773664833,0.147898812094409,0.109399546393084,0.0403536464656055,0.105419223572143
7.8,0.837508294014784,0.853436005770443,9.10359763486453,0.966495123799703,0.966495123799703,21.5358172164792,0.0409197002767893,0.0897788298823186,0.259703835066091,0.497011391163381,0.316389644714125,0.158971392672859,0.084362358795905,0.485247442844599,0.0570448911565427,0.0409197002767893,0.00430897975397749,1.0004430460878,0.147560698463646,0.108900778551026,0.040107812772495,0.104592977615445
7.9,0.827734809363341,0.843749907175386,9.00119297180354,0.966279653926712,0.966279653926712,21.5356228218237,0.0405979811778688,0.0895042382973313,0.252898325613565,0.513793035128196,0.327287825019889,0.152696344182912,0.0877765305831303,0.480826552041371,0.0581368892363436,0.0405979811778688,0.00416274790308771,1.00533662573125,0.147245937918782,0.108523714234453,0.0397990096651792,0.103801517327557
8,0.817718372623281,0.833819236071568,8.92077527634378,0.958345462164071,0.958345462164071,21.5288733322528,0.0402978465983777,0.0892483164254512,0.246305076931601,0.530984785210575,0.338504166638641,0.146398463890806,0.0919640054591861,0.231834100106735,0.058645185856296,0.0402978465983777,0.00401966871610388,1.01013526386787,0.146952944756409,0.109932316783888,0.037870799891012,0.103032422064448
8.1,0.807467947145167,0.823655186789988,9.0621892268053,0.910797293483623,0.910797293483623,21.4475172224918,0.040017910429814,0.089009698081885,0.240193665582461,0.548332368418686,0.349985535254827,0.139992982955948,0.0984360826754115,0.0115145433076159,0.0573738686850127,0.040017910429814,0.00389301497973004,1.01483839831982,0.146679844635421,0.117876064074772,0.0303299531485205,0.102213935690512
8.2,0.796970145591526,0.813242319710633,9.44505626052102,0.850677184574002,0.850677184574002,21.2188980878232,0.0397573935220904,0.08878726226144,0.234795437927599,0.565521185656742,0.361733740631218,0.133428666316141,0.105894721687857,0.00671781957575425,0.0559974092785184,0.0397573935220904,0.0038199637316614,1.01944074557774,0.146425781060039,0.127041132014954,0.0230515101139683,0.101313953788042
8.3,0.786188996566943,0.802536256875611,9.90135106302191,0.793734848503542,0.793734848503542,20.8596741789012,0.0395155371878902,0.0885799597529052,0.230057145209563,0.582537855289456,0.37370943462939,0.126768673090293,0.113954635567264,0.00694382044299798,0.0546538324562543,0.0395155371878902,0.00383161052255034,1.02393749239382,0.146190027703187,0.135576293260403,0.0175191127783337,0.100381708096562
8.4,0.775152455343064,0.791579292716764,10.3814849284904,0.740578658277617,0.740578658277616,20.3991607002647,0.0392916149393718,0.0883868006017007,0.225892286427558,0.599380731917317,0.385864512728336,0.120083716014466,0.122690705984963,0.00723861323040171,0.0533426033517161,0.0392916149393718,0.00395490418231097,1.02832402389344,0.145971920153844,0.143528280973521,0.0133448692243323,0.0994494915508209
8.5,0.763830920433298,0.780333340178988,10.8765971002678,0.69097607291783,0.690976072917788,19.8622394420668,0.0390851080501775,0.088206877880639,0.22221420136134,0.616049024543033,0.398156905236349,0.113438136181619,0.132187425763021,0.00755631781252357,0.052062959575561,0.0390851080501775,0.00422335759427089,1.03259390009048,0.145770978859995,0.150955592216888,0.0102137261330679,0.0985359382769952
8.6,0.752240901232769,0.76882367311226,11.3841879652755,0.644698626314168,0.644698626314059,19.2685951805869,0.038895816730023,0.0880394062608151,0.218952743797006,0.632548158093846,0.410552033094147,0.106884157527992,0.142520073493716,0.00789883659800332,0.050814191615105,0.038895816730023,0.0046811269303098,1.03673787662204,0.145586977766309,0.157913904127072,0.00785970639877976,0.0976525603495384
8.7,0.740360420164661,0.757023005632972,11.9028967099192,0.601524910784578,0.601524910784457,18.6352669991858,0.0387238901703457,0.0878836566611893,0.21604121237313,0.648876964003913,0.423018813063147,0.100469218647994,0.153758496091172,0.0082681066982835,0.0495955902265365,0.0387238901703457,0.00538880287241917,1.04074247567233,0.145420077442746,0.164449328338463,0.006085583109681,0.0968044147233715
8.8,0.728198113654866,0.744945152260621,12.4314575833596,0.561244323554419,0.561244323554327,17.9766513843795,0.0385699514893764,0.0877389768637274,0.213418278616048,0.665024520963927,0.435528977996843,0.0942352149173508,0.165962580220755,0.00866525312374411,0.0484064561249282,0.0385699514893764,0.00642796537022782,1.04458853395255,0.145270941157853,0.170599797331518,0.00474761254125244,0.0959929645155527
8.9,0.715732079165781,0.73256347645154,12.9684541072411,0.523660828548193,0.523660828548144,17.3043440162714,0.0384352935420798,0.0876048209273034,0.211034856213891,0.680976717694087,0.448056957397801,0.0882156274488615,0.179176663901253,0.00909078710949296,0.047246111975481,0.0384352935420798,0.00790784402483623,1.04824893832725,0.145140888377239,0.176397037682921,0.00374044045830221,0.0952180898259389
9,0.702975559088513,0.719897634364826,13.5123909161333,0.488593619108822,0.488593619108817,16.6275314057042,0.0383220784808119,0.0874807690248712,0.208852918213747,0.696715145499981,0.460579178205958,0.0824360960021372,0.193426075043708,0.0095440280258625,0.0461139085954079,0.0383220784808119,0.00997052220892563,1.05168635064095,0.145032097555539,0.181868745905291,0.00298405471159098,0.0944791050455822
9.1,0.689923265813289,0.7069420476592,14.0615681293562,0.455873882076921,0.455873882076943,15.953683511004,0.0382336098688053,0.08736654133926,0.206842080845325,0.712217428860782,0.473072960439906,0.0769161739233765,0.208715500081333,0.0100235286695075,0.0450092191016448,0.0382336098688053,0.0127961254245574,1.0548502860762,0.144947881934753,0.187039686112776,0.0024170949192066,0.0937750022387086
9.2,0.676591336798852,0.69371882739919,14.6141743447518,0.425345162565652,0.425345162565676,15.2885621350931,0.0381746535623732,0.0872620286765128,0.204979017009551,0.727453147126341,0.485516067962785,0.0716695167273483,0.22502609644476,0.0105267481203569,0.0439314397452107,0.0381746535623732,0.0166078645238693,1.05767408139104,0.144893038805291,0.191932285397164,0.00199289644626905,0.0931044990969412
9.3,0.662967481599229,0.680211762873616,15.168254905597,0.396860810755389,0.396860810755399,14.6367819022434,0.0381518953063701,0.0871673274544172,0.203244183029889,0.742379390445942,0.497885375202553,0.0667058012019404,0.242314467588002,0.0110502658419505,0.0428799856489152,0.0381518953063701,0.0216727092732049,1.06007148954314,0.144874298717681,0.196567300499398,0.00167621066146042,0.0924663457588631
9.4,0.648967039696213,0.66631160104072,15.7210996884373,0.370284044961999,0.370284044961994,14.0019038775404,0.0381745389464717,0.0870827983037054,0.20162355742314,0.756960337021679,0.510156657229933,0.0620294634174564,0.260512281093013,0.0115902929018606,0.0418542909221094,0.0381745389464717,0.0282980965684933,1.06193363852665,0.144900873782628,0.200964217991248,0.00144062321748928,0.091859091909222
9.5,0.634613440713882,0.652055136388475,16.2692743058341,0.345487084936627,0.34548708493661,13.3866411666633,0.0382549015289479,0.0870091263888227,0.200106135939659,0.771147538025994,0.522304273075125,0.0576419145983052,0.279529968158264,0.012141818393951,0.0408538075832943,0.0382549015289479,0.036814054610346,1.0631296044067,0.144985094543262,0.205141905826565,0.00126622028077431,0.0912812831842826
9.6,0.620025549383582,0.637600441768165,16.8103815746151,0.32235073026347,0.32235073026345,12.7929634286429,0.0384090508123727,0.0869473906403297,0.198683912929764,0.784890849390434,0.534300973399285,0.0535412128376303,0.299258313700301,0.0127000341427841,0.0398780033304004,0.0384090508123727,0.0475547336983838,1.06350915471289,0.145143330492789,0.209119213478287,0.00113806543923752,0.0907315189659735
9.7,0.605333900960777,0.623113160946646,17.3433959597695,0.300763746283263,0.300763746283245,12.222245303146,0.0386578171949406,0.0868991746473892,0.19735104535332,0.798138447843257,0.546117795170949,0.04972275359143,0.319572752564051,0.0132601428203938,0.0389263596530486,0.0386578171949406,0.0608346809163676,1.06290703370387,0.145396446977527,0.212915492785334,0.00104456368639002,0.0902084731124691
9.8,0.590472822274116,0.608491462923496,17.8679205821823,0.280624507569724,0.280624507569709,11.6752355649136,0.0390301253610058,0.086866950027669,0.196103774628793,0.810840375007213,0.557723872102814,0.0461790624559595,0.340337296490007,0.013816985001598,0.0379983724584767,0.0390301253610058,0.0768926549909039,1.06115628692595,0.145771243432256,0.216551143598852,0.000977060287245168,0.089710907345823
9.9,0.575394231641489,0.593665676308572,18.3811778607717,0.261836301989051,0.26183630198904,11.1524278808624,0.0395604625321836,0.0868538307229861,0.19493909058973,0.82294730960288,0.569087620311126,0.0429014851986556,0.361414334776066,0.0143652884051824,0.0370935437125197,0.0395604625321836,0.0958886005916525,1.0581058688728,0.14630155099664,0.220048278257733,0.000929105855407256,0.0892375840052458
10,0.560168767050127,0.578720647116712,18.8811754934002,0.244306033667164,0.244306033667154,10.6541463240468,0.0402884561052592,0.0868636085191307,0.193854427031233,0.834406869114362,0.580176742782895,0.039880794998632,0.382668671917123,0.0149004544259434,0.0362113782078676,0.0402884561052592,0.117895962087787,1.05363795674599,0.147029149468598,0.223431425051585,0.000895857755624442,0.0887873184593983
10.1,0.544889611125852,0.563773256561984,19.3649222064478,0.227949163384148,0.227949163384139,10.180252082591,0.0412633750161938,0.0869012269362151,0.192848594535737,0.845165959662653,0.590957421567676,0.0371057533930642,0.40396240843625,0.0154181257637401,0.035351390921866,0.0412633750161938,0.142853658009568,1.04766671102793,0.148005799011539,0.226728782776031,0.000873740523006873,0.0883589936669232
10.2,0.529482155229709,0.548718812971215,19.8292269651549,0.212688650265311,0.212688650265303,9.73036690334749,0.0425477218860492,0.086973634783904,0.19192098749933,0.855162437995968,0.601393653176846,0.0345645764080815,0.425172564336199,0.0159155559385749,0.0345130983116037,0.0425477218860492,0.170500597331191,1.0402046433503,0.149290570239793,0.229971689997419,0.000859801002565086,0.0879515328887782
10.3,0.513920816131128,0.533517422030012,20.2709294515125,0.198446559573015,0.198446559573007,9.30412914312097,0.0442020358957316,0.0870874769290784,0.191070969722816,0.864336811743818,0.611449815601327,0.0322454396847185,0.446173162530295,0.0163896744843467,0.0336960171456988,0.0442020358957316,0.200607631889092,1.03124670086494,0.150952977580936,0.233197049724078,0.000852105842704872,0.0875639371506506
10.4,0.498399070430158,0.518415285484297,20.6885317887021,0.185161653560801,0.185161653560793,8.90067348190301,0.0463148169733002,0.0872543301998281,0.190298847309905,0.872656458363991,0.621088097361808,0.0301345640343783,0.466874812202652,0.0168394135771561,0.0328996641694742,0.0463148169733002,0.232608860260271,1.02097253768753,0.153068175089902,0.236445687998439,0.000849008262181577,0.0871952349221225
10.5,0.482930217843431,0.503422341444051,21.0795779891604,0.172762678886778,0.17276267888677,8.5194746560642,0.0489578294802049,0.0874831578205592,0.189604249817499,0.880072379258218,0.63027251345445,0.0282196344293825,0.48716966871953,0.0172624588492903,0.0321235549259013,0.0489578294802049,0.266163937008372,1.0094478951466,0.155720567244596,0.239764207786648,0.000849444236451845,0.0868445072701643
10.6,0.467393425844442,0.488368454131604,21.4426908526986,0.161196415967162,0.161196415967154,8.15958631288813,0.0522317851210054,0.0877895177620804,0.188987609843303,0.886550418597173,0.638966898589056,0.026487535797107,0.506999760216881,0.0176584111617102,0.0313672026586377,0.0522317851210054,0.300689722522018,0.996904719681782,0.159004249134733,0.243206434999495,0.000852706665547145,0.0865108836250376
10.7,0.451877390046684,0.473361363366156,21.7762287603897,0.150404409883602,0.150404409883595,7.82024292915393,0.0562229440969767,0.0881875707243241,0.188449020446782,0.892051871068219,0.647136220361346,0.0249259440341346,0.526295619486404,0.0180261647115501,0.0306301224936758,0.0562229440969767,0.335760559861907,0.983487978658025,0.16301049966594,0.246833529570628,0.000858290424458832,0.086193539861013
10.8,0.436517786056268,0.458569335994434,22.0792145342648,0.140339023022164,0.140339023022157,7.50052940040845,0.0610279821245692,0.0886963656574186,0.187988841509344,0.896545216399076,0.654747105183281,0.0235230027327298,0.545024357764916,0.0183655389352285,0.0299118285333442,0.0610279821245692,0.37093053892786,0.969393319977849,0.16782882043719,0.250713523872732,0.000865866585665151,0.0858917009830877
10.9,0.421307416750751,0.443973472339228,22.3499358698773,0.130942727523868,0.130942727523862,7.19965169660328,0.0667322444787252,0.0893301932269375,0.187607221905755,0.899993942355192,0.661764512179635,0.0222662998681229,0.563117927928099,0.0186760273771191,0.0292118354220569,0.0667322444787252,0.405757007112848,0.954773881342414,0.173549240130152,0.2549145290272,0.000875122117840534,0.0856045923554151
11,0.406178657708801,0.429473992179107,22.5872623857468,0.12218158785439,0.122181587854384,6.91666203354965,0.0734033857379329,0.0901143510332523,0.187304577915181,0.902386918140891,0.668161136085214,0.0211462155348928,0.580591378569541,0.0189626036659694,0.0285296562267999,0.0734033857379329,0.440037050741505,0.939752193716636,0.180244601159882,0.259511142452295,0.000885933995004016,0.0853314948289485
11.1,0.391170398624865,0.415112361258778,22.7897237675599,0.114001417619843,0.114001417619838,6.65072621059133,0.0811303358769021,0.0910647354809766,0.187081128418089,0.903689391397515,0.67390251977761,0.0201505334075607,0.597388536781754,0.0192248970407239,0.0278648054072938,0.0811303358769021,0.473328263507321,0.924495038711546,0.187983010778236,0.264583041375633,0.000898324099421625,0.0850717268328973
11.2,0.376353135257488,0.400973814364322,22.9565399491988,0.106372161555016,0.106372161555012,6.400971441867,0.0899226922281641,0.0922043824960874,0.186937589352564,0.903838533274207,0.678959609326133,0.0192717317029552,0.613530631044068,0.0194621918338481,0.0272168193767473,0.0899226922281641,0.505572850519298,0.909059064995105,0.19681093322944,0.270206435404443,0.000912274129387605,0.0848246174172392
11.3,0.361757489725746,0.387089519319895,23.0865505349868,0.0992520072553201,0.0992520072553159,6.16652880232911,0.0998370382888063,0.093553476768174,0.186874394057403,0.902793874491192,0.683301199795854,0.0184997542564884,0.629002331199484,0.0196749768616712,0.0265852202067089,0.0998370382888063,0.536510307408491,0.893563442308573,0.206745681497978,0.276465006238283,0.000928020458004955,0.0845895788077285
11.4,0.347393240900775,0.373463362782107,23.1793268093055,0.0926070460823932,0.0926070460823892,5.94658209591954,0.110864647928019,0.0951289473864427,0.186891952000145,0.900535847553018,0.686897856010944,0.0178264895655214,0.64380820703271,0.0198649973094188,0.0259695482514463,0.110864647928019,0.566031764590476,0.878074820087947,0.217803101821054,0.283432571177961,0.000945627192761531,0.0843659861184611
11.5,0.333267177667822,0.360095636475095,23.2348470730992,0.0864090639903864,0.0864090639903827,5.7403391523763,0.122958252374481,0.0969466834117156,0.186990709429047,0.897050874305546,0.689721336172513,0.0172451664265273,0.65796834654608,0.0200343820443193,0.0253693548564786,0.122958252374481,0.594133726100825,0.862624655332639,0.229930655795536,0.291182201477695,0.000965383298811988,0.0841533264650119
11.6,0.319434746682484,0.347048816822953,23.2531405762516,0.0806225926881595,0.080622592688156,5.54698183410796,0.136119588315117,0.0990223377166936,0.187170998065499,0.892328479317253,0.691744964029357,0.0167472486220184,0.671482428804021,0.0201838063675124,0.0247841791420804,0.136119588315117,0.620669655580486,0.84729329877205,0.24311275240566,0.299781947396336,0.000987423530425744,0.0839510226899873
11.7,0.306056647680375,0.334517727078029,23.2382968220202,0.0752271358620681,0.0752271358620649,5.36585348523378,0.150200202033551,0.10135507207079,0.187432664888253,0.886469048388718,0.692958161732776,0.0163278367525377,0.684381616048257,0.0203140175507847,0.0242136087416208,0.150200202033551,0.645756483185658,0.832069945869422,0.257234398493182,0.309279830046067,0.00101199866857648,0.0837586204926797
11.8,0.293166300925738,0.322536780620856,23.1901639116525,0.070189281870675,0.070189281870672,5.19613901236139,0.165189899660608,0.103961285809252,0.187776102947948,0.879456533366231,0.693333035594817,0.0159788952386898,0.696671799248206,0.0204262201785773,0.0236571853095996,0.165189899660608,0.669289496717473,0.817020695052176,0.272237591968127,0.319728346702913,0.00103927730457034,0.0835756017449189
11.9,0.280633343017908,0.310919230142186,23.1120359995018,0.0654925742599181,0.0654925742599152,5.03729399737475,0.180900432907896,0.106819843144947,0.188201422013788,0.87140657613259,0.692887663819642,0.0156977149686297,0.708381410070377,0.0205222264578511,0.0231145374915788,0.180900432907896,0.691394938238661,0.802131719399784,0.287955309626421,0.331129844437252,0.00106941948344596,0.0834015830887039
12,0.268508572401686,0.299719899319141,23.0052408804633,0.0611087607232656,0.0611087607232629,4.88857297824178,0.197266725928871,0.109938749808619,0.188708840851704,0.862347500203748,0.691603420541188,0.0154776355004758,0.719525358978428,0.0206031804706254,0.0225852280029402,0.197266725928871,0.712050565414549,0.787440523971058,0.304339289703641,0.343549588993907,0.0011026275961688,0.083236031829783
12.1,0.256812531508254,0.288958258975913,22.8716708769635,0.0570177605465303,0.057017760546518,4.74938602658688,0.214155822753961,0.113300631458508,0.189298905231641,0.852261063140452,0.689482968073562,0.0153151203707658,0.730122676214649,0.020671273876005,0.0220688784881818,0.214155822753961,0.731310698313046,0.772957148292205,0.321239167697394,0.356969953582367,0.0011389900686309,0.0830785803528479
12.2,0.24556539063639,0.278655561999283,22.7133301112986,0.0532023474708205,0.0532023474707744,4.61919928498989,0.231412923842875,0.116878692250306,0.189972318243233,0.84110129505598,0.686535961924402,0.0152077657653885,0.740193269375742,0.0207291268677594,0.0215651325957551,0.231412923842875,0.749253585667469,0.7586829043987,0.338505503399901,0.371374225467489,0.00117859679915955,0.0829288593396932
12.3,0.234768666652192,0.26880368726159,22.5319715266765,0.0496395287947161,0.0496395287946126,4.49736618608721,0.248929292809646,0.120664961040408,0.190729337002505,0.828918907676484,0.682758865040423,0.0151507591036837,0.74975583202364,0.0207774401211036,0.0210735885610073,0.248929292809646,0.76590790831299,0.744636843615276,0.356042931130819,0.386799167409231,0.00122162382878743,0.0827863998465815
12.4,0.224358055422085,0.259323323198455,22.3285980237875,0.0463182097087537,0.0463182097085928,4.38349909309483,0.266544648959382,0.124603875802777,0.191570171704085,0.815897379650347,0.678180937131204,0.0151433570768383,0.758831485995634,0.0208095768792949,0.0205939436322679,0.266544648959382,0.781358318795305,0.730812592080601,0.373672749526221,0.403138513403951,0.00126792400519778,0.0826509700686463
12.5,0.214343575752355,0.250218939452684,22.1050736814034,0.0432172335802039,0.0432172335799802,4.27698667815298,0.284134520509959,0.128681686461563,0.192495245223551,0.802048476238816,0.672802704729999,0.015181536197961,0.767439313292211,0.0208271265638754,0.0201258103741733,0.284134520509959,0.795650418161443,0.717223278256559,0.391270527044633,0.420394094042748,0.00131760762482957,0.0825221631473919
12.6,0.204756519369441,0.241533504824252,21.8630122252371,0.0403244280658543,0.0403244280655697,4.177431117703,0.301566500933139,0.132845439003591,0.193505303037459,0.78739243640161,0.666650228053577,0.0152643484423493,0.775594672008745,0.0208401485390657,0.0196688856315802,0.301566500933139,0.808849993759775,0.703867100667262,0.40870643963967,0.438534410633008,0.00137069048856018,0.0823996246495489
12.7,0.19561422096711,0.233289540638569,21.6040269837941,0.0376256580595422,0.0376256580592047,4.08438648209153,0.318707363476491,0.137050942764402,0.194600965701547,0.771963035357825,0.659744002078336,0.0153901583316443,0.78331432286377,0.0208551717294363,0.0192228469164455,0.318707363476491,0.821019982702336,0.690745255662685,0.425858920106996,0.457426152262279,0.00142686677383772,0.0822831569097027
12.8,0.186904950084438,0.225469382235381,21.3299465484437,0.0351061143321707,0.0351061143317931,3.99739416634452,0.335434789767334,0.141260441827602,0.19578274668817,0.755822948712761,0.652102942415158,0.0155569639184508,0.790615147119605,0.0208679303272124,0.0187873687830351,0.335434789767334,0.83221748302847,0.677860982119705,0.442591610589395,0.477054038085732,0.00148621046980754,0.0821723812354878
12.9,0.178595199417249,0.218029837342948,21.0431740968391,0.0327570109447666,0.0327570109443702,3.91615343285745,0.351658765215351,0.145418404213553,0.197051371988638,0.739057866269532,0.643763927058704,0.0157645259004033,0.797508760234782,0.0208594860421479,0.0183621949159302,0.351658765215351,0.842495402409126,0.665211015477094,0.458807414617041,0.497326686385978,0.00154851135342286,0.0820670421622409
13,0.1706905332589,0.210976785242518,20.7453769257628,0.0305634152864396,0.0305634152860509,3.84019977238485,0.367248541857641,0.149485060639079,0.198407395273165,0.721713157590992,0.634745273175387,0.0160108967156829,0.804012402069829,0.02083252532526,0.0179469958971564,0.367248541857641,0.851914298506027,0.65279802469591,0.474429428532429,0.518130112868615,0.00161346350086687,0.0819669226932012
13.1,0.163183539748067,0.204302985899056,20.4387278815479,0.0285181124356896,0.0285181124353159,3.76928424938885,0.382164285215749,0.153422886562162,0.199851378034297,0.703966842856662,0.625102557721116,0.0162960381624186,0.810134900146554,0.0208049978275141,0.0175415319374202,0.382164285215749,0.860516158826246,0.640619388052737,0.489328201159922,0.53940915165971,0.00168101002931166,0.0818717057270383
13.2,0.156067433219187,0.197999436110086,20.1251784952183,0.0266092349216409,0.0266092349212907,3.70302598809922,0.396303422490667,0.157188609165507,0.201383918641997,0.685900615220537,0.614866112588883,0.0166188079677153,0.815890422634212,0.0207771923651118,0.0171455096458838,0.396303422490667,0.868355953775211,0.628675242591495,0.503525295772126,0.561031172176276,0.00175064861348612,0.0817812655765481
13.3,0.149332114979322,0.192054561516434,19.8065540501797,0.0248276605242429,0.0248276605239213,3.64112475167418,0.409607664535449,0.160749977216629,0.203006075089048,0.667505009659335,0.604073032864264,0.0169782767633112,0.821287370404662,0.0207478366671206,0.0167586769122118,0.409607664535449,0.875479716629033,0.61696430342713,0.516918820185793,0.582915742580356,0.00182220823341019,0.081695331772657
13.4,0.142965004484459,0.186454816960312,19.4845803830063,0.0231662413947431,0.023166241394449,3.58333839227656,0.422050815468154,0.164082923123794,0.204719252139598,0.648700016150398,0.592765003780432,0.0173736535304995,0.82632990840973,0.0207141321884851,0.0163808116399113,0.422050815468154,0.881927010129825,0.60548426996437,0.529401125660034,0.60498486498948,0.00189553331741262,0.0816136270953127
13.5,0.136957691896582,0.181190201842683,19.1611407125225,0.0216148889856324,0.0216148889853621,3.52933807617906,0.433557998423413,0.16715085827751,0.206524096307821,0.629582672213839,0.580979850734503,0.0178041788688524,0.831029612574931,0.0206780476192889,0.0160116436467927,0.433557998423413,0.887747092371748,0.594234344615368,0.540887462388357,0.627150859521873,0.00197040684219918,0.0815359011790923
13.6,0.13129032131349,0.176240559928154,18.8370700147844,0.0201699803100488,0.0201699803098038,3.47899215383727,0.444171536157632,0.1699646923898,0.208420717836873,0.610501299215517,0.56878374073247,0.0182713046534329,0.83539041436328,0.0206306492268544,0.0156509872805338,0.444171536157632,0.892964600816965,0.583210950456283,0.551545167482813,0.649291352916199,0.00204617084590601,0.0814621616123127
13.7,0.125955131777583,0.171596531577069,18.5144048779585,0.0188213049123599,0.0188213049121363,3.43196681932493,0.453812407558917,0.172483141926859,0.210410192574665,0.591426324611873,0.556210187103478,0.0187737958421029,0.839422388135793,0.0205741913575651,0.0152985747974779,0.453812407558917,0.897629886401008,0.572413242368952,0.561225992529822,0.671327404265675,0.00212271937401289,0.0813920930531402
13.8,0.120940312078537,0.167245184721451,18.194761539649,0.0175609230695535,0.0175609230693452,3.38799804144544,0.462443569788854,0.174683178342306,0.212493293903789,0.572448032603432,0.543303766491719,0.0193112818620858,0.843133306512891,0.020507601847796,0.0149541673357476,0.462443569788854,0.901784378231655,0.561839448368083,0.569876352326076,0.693167044670224,0.00219978089156895,0.0813254770260493
13.9,0.116227671087146,0.163170014642929,17.878236601106,0.0163875638404601,0.0163875638402679,3.34703090002514,0.470158240015478,0.176607614006602,0.214671315809667,0.553526215074635,0.530132617304483,0.0198830687635814,0.846515638305378,0.0204446190400099,0.0146176379581062,0.470158240015478,0.905440601495408,0.551485760674093,0.577475496765088,0.714721444603259,0.00227705265905145,0.0812621266139407
14,0.111806553777488,0.15935873671791,17.5667216921261,0.0152920789692188,0.0152920789690401,3.30876346825977,0.476895769365514,0.178221488522443,0.216944937329981,0.534774804360588,0.516737046266003,0.0204888445769828,0.849579929527235,0.020381486774683,0.0142887275194208,0.476895769365514,0.908645223338885,0.541350776233276,0.584224015790824,0.735936249568299,0.00235406718290872,0.0812020640861243
14.1,0.107663908144169,0.15579772405344,17.2615375046602,0.0142678257072431,0.014267825707075,3.27297238379682,0.482644448547372,0.179514578378513,0.219315033096484,0.516258705934379,0.503166212417208,0.0211281758377079,0.852330976445757,0.0203200133014477,0.0139672189254171,0.482644448547372,0.911434051506382,0.53143232712999,0.589998493387543,0.756706639212397,0.00243059814278459,0.0811450054969112
14.2,0.103782916030824,0.152471860341504,16.9622912165552,0.0133142302312716,0.0133142302311137,3.23962876941313,0.48751122847688,0.180539637150708,0.221782318980118,0.49801330567808,0.489473543875969,0.0218011684070152,0.854761357865555,0.0202488006713653,0.0136529963747734,0.48751122847688,0.913815092492246,0.521726895183599,0.594791764535976,0.776945899967149,0.00250633268712351,0.081090776768341
14.3,0.100150895302138,0.149367664963172,16.67047180234,0.0124240537693775,0.012424053769229,3.20849016255798,0.491472746357189,0.181280256408325,0.224347685204381,0.480106408155524,0.47570778042126,0.0225073358536487,0.856877069919225,0.0201709541021744,0.0133458328253316,0.491472746357189,0.91582688437489,0.512232445086691,0.598645908931953,0.796595572666015,0.0025809920770399,0.0810392527402169
14.4,0.096754065570035,0.146471222969027,16.387068556205,0.0115918273177696,0.01159182731763,3.17937081477195,0.494540242067014,0.181738392560605,0.227011975696303,0.462597209679701,0.461918906743788,0.0232463490199446,0.858680545987309,0.0200857277328524,0.0130455307731188,0.494540242067014,0.917499858069819,0.502946547779117,0.601710618352993,0.815658941113155,0.00265437211840731,0.0809904151499532
14.5,0.0935795988556831,0.143771442131785,16.1115358952938,0.0108166591889925,0.0108166591888612,3.15223509942701,0.496806667781683,0.181957718371251,0.229775767020506,0.445479496267204,0.448142221983688,0.0240177981518698,0.860164658138,0.0199982657952866,0.0127519773278591,0.496806667781683,0.918842939957198,0.493866061788598,0.603930426379913,0.834021578570109,0.00272612650045108,0.0809440419388778
14.6,0.0906136481023285,0.141254439728373,15.8447856355901,0.0100933342176065,0.0100933342174831,3.12690548490788,0.498288040001114,0.181942685816017,0.232639892927642,0.428810196047139,0.434427460491949,0.0248213649753615,0.861331320442157,0.0199076497430643,0.0124649794190605,0.498288040001114,0.91988538529535,0.484988508908405,0.605328942199798,0.85161442832346,0.00279596368944319,0.0808999895989167
14.7,0.0878425153612441,0.138906741331597,15.58751635142,0.00941726983481324,0.00941726983469778,3.10322520265592,0.499011632192433,0.181703485523387,0.235605149537773,0.412636998408768,0.420822244508446,0.0256567178313179,0.862181123975465,0.0198138481149405,0.0121843557079283,0.499011632192433,0.920653474890065,0.476311313885042,0.605977674608982,0.868432245402176,0.00286375547261845,0.080858177433185
14.8,0.0852639093062952,0.136729306442606,15.3393615948171,0.00878729540249278,0.00878729540238476,3.08115162110265,0.499052452075098,0.181270754419141,0.238671565013525,0.396924893127881,0.407344639491351,0.0265226321128967,0.862708215565363,0.0197158682928367,0.0119099958860128,0.499052452075098,0.921158188396485,0.467831315100448,0.605968145860355,0.884496446713148,0.0029294418761189,0.0808185509886233
14.9,0.0828660772340056,0.134711216042801,15.1007530949457,0.00819966161071517,0.00819966161061422,3.06055567563532,0.498450459727388,0.180660509283612,0.241839792713203,0.381703978437308,0.394036489321741,0.0274186231486989,0.862911557672555,0.0196138995524177,0.0116417353467349,0.498450459727388,0.921422010993768,0.459545799088996,0.605303654899444,0.899710918288784,0.00299266211537593,0.0807809401241552
15,0.0806369488387456,0.13284115237212,14.8721493744028,0.00765053258797594,0.00765053258788183,3.04130540023261,0.497244438738585,0.179888276124014,0.245110506981854,0.367006538148723,0.380940436081429,0.0283442311056852,0.862790274410266,0.0195081708434869,0.0113794076608207,0.497244438738585,0.921467814081707,0.451452067428765,0.604025857147284,0.914030644564432,0.00305318618802579,0.0807452249958957
15.1,0.0785691112416587,0.131111845953729,14.6531052037341,0.00713908867716955,0.00713908867708185,3.02337113274227,0.495495588788194,0.178973741695611,0.248483060553558,0.352815041715668,0.368058210935962,0.0292987867618307,0.8623417959398,0.0193979264468525,0.0111229135394853,0.495495588788194,0.921306480612013,0.443546478939187,0.602210711220975,0.927542368670667,0.00311122689737046,0.0807113875156088
15.2,0.0766525581505124,0.1295142307048,14.4438085379484,0.00666238634114834,0.00666238634106662,3.00665104430614,0.49325131402457,0.177935048212404,0.251957799976828,0.3391442156615,0.355421754796004,0.0302816981006317,0.861564323570114,0.0192830614204578,0.0108721060281736,0.49325131402457,0.920957177960204,0.435826101095444,0.599912357642365,0.940249030358422,0.00316671540601074,0.0806793448747203
15.3,0.0748767377067367,0.128038862597451,14.2445805326198,0.00621703525033799,0.00621703525026187,2.99102812463538,0.490556116483557,0.176790012969225,0.255535280865074,0.326015572304542,0.343069363679411,0.0312923893470108,0.860456220833513,0.019163607723714,0.0106268281450672,0.490556116483557,0.920440816263983,0.428288150449883,0.597162401495909,0.952067010685338,0.00321929197597536,0.0806489474164232
15.4,0.073232461759138,0.126677330619633,14.0554461537879,0.0058006224029457,0.0058006224028748,2.97641865024056,0.487457929732402,0.175555536247873,0.259215508817938,0.313435419681812,0.33102458641093,0.0323302994723013,0.85901607657306,0.0190394693975428,0.0103869451507083,0.487457929732402,0.919774625831903,0.420929451178931,0.594008044569368,0.962972597700625,0.00326879820063779,0.0806200917493563
15.5,0.0717150891746147,0.125424944493513,13.8755578308619,0.00541355697198996,0.00541355697192394,2.96283529866666,0.48400416548361,0.174240048931634,0.262996569669251,0.301364870861002,0.319265362187458,0.0333950898250123,0.857245205109508,0.0189107945996099,0.0101523876366397,0.48400416548361,0.918965684241038,0.41374545737779,0.590496488650503,0.972942079453494,0.00331507567337147,0.0805926744821584
15.6,0.0703133251850862,0.124271569404456,13.7053447729179,0.00505211845238772,0.00505211845232623,2.95014968417682,0.480242999077822,0.172864375143729,0.266879358439151,0.289831172543471,0.307836370607867,0.0344860963499427,0.855140932582053,0.0187773742724404,0.00992299059578976,0.480242999077822,0.918035925523382,0.406733627976519,0.586671619271728,0.98210274044,0.00335854333270628,0.0805667075867134
15.7,0.0690182331082635,0.123209000112403,13.5447836911114,0.00471404992028435,0.00471404992022703,2.93828341465748,0.47622233522156,0.171444946773193,0.270863774556293,0.278838133297528,0.296758638095869,0.0356027703168031,0.852701998563947,0.0186391259576216,0.0096986229017753,0.47622233522156,0.917002018499454,0.399890711380386,0.582579398443695,0.990487318505484,0.00339925861164008,0.0805421308000369
15.8,0.0678259989263799,0.12223438055154,13.3934120799533,0.00439862770854808,0.00439862770849463,2.92721072456033,0.47197705208309,0.169988664327999,0.274948340713913,0.268360474181927,0.286025885332632,0.0367447695987939,0.849931055702163,0.0184964686052489,0.00947919318886077,0.47197705208309,0.915874651421047,0.393212529869682,0.578268014779505,0.998027169357013,0.00343689130168845,0.0805188064018753
15.9,0.0667324648272602,0.121344495660027,13.2507969108463,0.00410502524947935,0.0041050252494295,2.91690231644092,0.467542902073173,0.16850306799016,0.279131672001292,0.25837486838855,0.275633665553766,0.0379117382034556,0.846830494027833,0.0183497875146798,0.00926460742287733,0.467542902073173,0.914664913910392,0.386694967879186,0.573784130988656,1.00472312647042,0.0034713768473284,0.0804966497538918
16,0.0657276734112222,0.120530074347178,13.1170024111332,0.00383068010989361,0.0038306801098471,2.90726931207048,0.462970385503434,0.167006488825673,0.283413942168734,0.248890920322388,0.265608445993369,0.039103086233685,0.843398273414033,0.0181989003192636,0.00905472655492725,0.462970385503434,0.913390666447245,0.380334958349357,0.569174409780647,1.01057602332153,0.00350265069303696,0.0804755762177497
16.1,0.0648044093450383,0.119784708835175,12.9918577037066,0.00357385058023716,0.00357385058019375,2.89825100323572,0.45830302982334,0.165512155930617,0.28779458802584,0.239902664388898,0.255962077632547,0.0403183343833609,0.83963444832898,0.0180438930469409,0.00884943281924333,0.45830302982334,0.912066568224847,0.374128938483284,0.564440812508417,1.01570859656636,0.00353118229563491,0.0804556149901314
16.2,0.0639675567555457,0.119114625877998,12.8748241187132,0.00333513598314344,0.00333513598310291,2.88986754016707,0.453541044873647,0.164012166376578,0.292270461511302,0.231361975164747,0.246659592097689,0.0415574823258665,0.835550401347121,0.0178850114435958,0.00864867949306869,0.453541044873647,0.910695681110581,0.368071830387031,0.559612844412432,1.02016846908935,0.0035571120665389,0.0804367251253524
16.3,0.0632076707430323,0.118511089533724,12.7657985521838,0.00311236322725524,0.0031123632272174,2.88204331487268,0.448735940235925,0.162523643256007,0.296841475748664,0.223270655843484,0.237721467768443,0.0428199624935679,0.831144099507491,0.0177223121059569,0.00845233571954663,0.448735940235925,0.909294801335942,0.362160350450487,0.554750676960736,1.02391963520186,0.00358021407159299,0.0804187875841111
16.4,0.0625191320043502,0.117969358635498,12.6645616117645,0.00290409940669843,0.0029040994066631,2.87472828511179,0.443925529368597,0.161057028156568,0.301506726579276,0.215617179561342,0.229153379722362,0.0441053587621463,0.82641709155972,0.0175559021302307,0.00826029310413652,0.443925529368597,0.907877058300212,0.356390736021507,0.549893667130442,1.02698285153374,0.00360051103117754,0.0804017363326111
16.5,0.0619004438498551,0.117488838931958,12.5709385405761,0.00270950660639089,0.00270950660635791,2.86789306753296,0.439132597603755,0.159616709004111,0.306264606932526,0.208382757378504,0.220948506623203,0.0454134138569521,0.821375232752139,0.01738570354772,0.0080724624150316,0.439132597603755,0.906452022371834,0.350758849393649,0.545081171898664,1.02937887471482,0.00361802566567292,0.080385505337056
16.6,0.0613559310772169,0.117074763344147,12.4848484060012,0.00252855036770681,0.00252855036767601,2.86153620214785,0.434358660579584,0.158198733190136,0.311112549386573,0.201539632712331,0.213083007375441,0.0467440940243213,0.816030540424697,0.0172113336677329,0.00788878056598312,0.434358660579584,0.905024309378385,0.345260048832954,0.540288758787086,1.03119734235815,0.00363315285480209,0.0803701216663894
16.7,0.0608780128518941,0.116720447534209,12.4060183936754,0.00235955306824627,0.00235955306821751,2.85559912237783,0.42964873298172,0.156816205488396,0.316049950551775,0.195078388873666,0.205567848310485,0.0480969083836563,0.810382429708925,0.0170330329922085,0.00770913099997431,0.42964873298172,0.903608667771313,0.339890723401527,0.535530658617987,1.03248614276035,0.00364606190952536,0.0803555559592376
16.8,0.0604637016166003,0.116423804927204,12.3342497185717,0.00220147102983472,0.00220147102980788,2.85004529377135,0.425031047255114,0.155475649813722,0.321075449300954,0.18898253351251,0.198400566807834,0.0494715424171693,0.804435177757646,0.0168508015909537,0.00753341778938954,0.425031047255114,0.90221593676399,0.33464686447305,0.530865803440741,1.03324489504171,0.00365666134567351,0.080341713611363
16.9,0.0601109397744774,0.116181653193175,12.2695592206566,0.00205421943925905,0.00205421943923401,2.84487163817761,0.420506022080556,0.154174292168341,0.326187270620004,0.183231027989949,0.19155984645105,0.0508681675396765,0.798203149823037,0.0166645008066949,0.00736157606971819,0.420506022080556,0.900850200200902,0.329523963496017,0.526323068318872,1.03350567438792,0.00366503503702672,0.0803285438876557
17,0.0598169940111929,0.115991606187453,12.2118070648686,0.00191701676354239,0.00191701676351901,2.84005076780173,0.416094285865935,0.152916114500032,0.331383940228723,0.177806137040813,0.185038070158612,0.0522866020830651,0.791693381055036,0.0164740927824823,0.00719351840572273,0.416094285865935,0.899520450437332,0.324517875168986,0.521931328315904,1.03330055598467,0.00367126685736513,0.0803159960530056
17.1,0.0595788701717799,0.11585158510902,12.1607929364117,0.00178881252176399,0.00178881252174218,2.8355459108337,0.411824268383235,0.151707706688434,0.336664099936286,0.172691400569126,0.178832909069825,0.0537265280820584,0.784910077035616,0.0162795785723336,0.00702914864940777,0.411824268383235,0.898237574613169,0.319624594412397,0.517662337680818,1.03268304999124,0.00367562893781822,0.0803040911099336
17.2,0.0593937932514871,0.115759127234998,12.116370193597,0.00166886614407437,0.00166886614405402,2.83133111288647,0.407715362263686,0.150552752542557,0.342026296110413,0.167869920001119,0.172936327400949,0.0551877695359984,0.777860781992765,0.0160810833726911,0.00686838142616381,0.407715362263686,0.897010135483906,0.314839986771552,0.513521891658763,1.0316938924519,0.00367828121805325,0.080292807309112
17.3,0.0592589160648555,0.11571061554743,12.0784036556873,0.00155719033018954,0.00155719033017056,2.82740674314768,0.403764641152365,0.149448608369872,0.347469127881664,0.163331389474568,0.167329291158211,0.0566703833887025,0.770561735331861,0.0158802894454986,0.00671116299695301,0.403764641152365,0.895839998635796,0.310159842569364,0.509556663147263,1.03035847979427,0.00367924891419502,0.0802820715632557
17.4,0.0591714851780389,0.115703720780394,12.046748067892,0.00145296064821476,0.00145296064819706,2.82374391591943,0.399993990375792,0.148399645955057,0.352991129371794,0.159058005066695,0.162004924705226,0.0581741702144824,0.763019500255563,0.0156771205469125,0.00655740434320206,0.399993990375792,0.894736495865978,0.305580030372171,0.505786089987072,1.02871242858598,0.00367864700298604,0.0802718449893965
17.5,0.0591287100288273,0.115735582217696,12.0212626533576,0.00135569852875564,0.00135569852873912,2.8203258321332,0.396415045205333,0.147407336671827,0.358590860805353,0.155035040366611,0.156951321532217,0.0596990368047507,0.755244636167836,0.0154722236313752,0.00640703100768009,0.396415045205333,0.893705877072688,0.301096385784949,0.502229610018947,1.02679135539464,0.0036765904611688,0.0802620887045666
17.6,0.0591290294498739,0.115805176677561,12.0017368179334,0.00126492225412787,0.00126492225411221,2.81713559340603,0.393038350426186,0.146473363076494,0.36426766969086,0.151250000889828,0.152158994993144,0.0612448898092122,0.747247833867862,0.0152653723127039,0.00625997083731463,0.393038350426186,0.892753039328624,0.29670507479062,0.498851789122986,1.02461779166522,0.00367324085434012,0.0802528349160587
17.7,0.0591717586757236,0.115912771153111,11.9879104657807,0.00118016164889038,0.00118016164887486,2.81415671231857,0.389873264504684,0.145599441937631,0.370021465992936,0.147692098635108,0.147619981213665,0.0628116401387654,0.739040036564106,0.015055744464009,0.00611615389740034,0.389873264504684,0.891881792769994,0.292402497515493,0.495656399761382,1.02222361829785,0.0036687264598797,0.0802440650364409
17.8,0.059254376806396,0.116055716687118,11.9796301124858,0.00110107096766341,0.00110107096764726,2.81137703359173,0.386927223172319,0.144785964326615,0.375850994466733,0.144348214373213,0.143320945484073,0.0643992367991297,0.730633369793844,0.0148440554043301,0.00597551181234557,0.386927223172319,0.891096903792225,0.288184548725154,0.49268431818171,1.0196495642013,0.00366314405232253,0.0802357124078684
17.9,0.0593753389787833,0.116232808993682,11.9766870377099,0.00102731186079451,0.00102731186077669,2.80878466888009,0.384206502891232,0.144033405478321,0.381755625782896,0.141207083668525,0.139250329077488,0.0660076318144648,0.722040177346486,0.014630346357288,0.00583797844914108,0.384206502891232,0.890401976805024,0.284047384491521,0.489948571749952,1.01692971725993,0.00365661405120326,0.0802277464525682
18,0.0595350883999354,0.11644510136665,11.9790260315393,0.000958444551323935,0.00095844455130404,2.80636419809437,0.381719265156303,0.143343422308582,0.38773697634432,0.138253342607526,0.135400879879789,0.0676369097683637,0.713271174234752,0.0144151451334729,0.00570348709055183,0.381719265156303,0.889798910702595,0.279988026023473,0.487462187832091,1.01409816535809,0.00364925687605648,0.0802201365927669
18.1,0.0597329372775602,0.116692362878149,11.9864678896267,0.000894171822230392,0.000894171822207951,2.80410517633315,0.379469969013073,0.14271627953296,0.39379525236309,0.135475655627351,0.131761796385446,0.069287083362705,0.704339083704052,0.0141985699295748,0.00557197493679162,0.379469969013073,0.889289873793448,0.276002948014587,0.485238193794108,1.01118899638012,0.00364119294641683,0.0802128522506913
18.2,0.0599684414665232,0.116974639332898,11.9988317160395,0.000834231485575017,0.000834231485549509,2.80199838468013,0.377461833591096,0.142151984036093,0.399930861110843,0.132863133392634,0.128322190021347,0.0709581835196232,0.69525703431783,0.0139807243049583,0.00544338112153033,0.377461833591096,0.888876433402877,0.272088700791138,0.483244707450809,1.00820465215197,0.00363249196356251,0.0802059283546183
18.3,0.0602416920959856,0.117292488819573,12.0160028304556,0.000778353459218742,0.000778353459189776,2.80003433307245,0.375698410681057,0.14165083111995,0.406144981481226,0.13040440868862,0.125072053208455,0.0726502810235625,0.686037745445383,0.0137617842687819,0.00531764510756791,0.375698410681057,0.888559613994915,0.268242101396269,0.481473035786404,1.00516391502828,0.00362324981728195,0.0801993660085966
18.4,0.0605531447616003,0.117646288960542,12.0381365017943,0.000726168199896286,0.000726168199863862,2.79820006480137,0.374188757922241,0.141214857986658,0.412440557230301,0.128087224967151,0.122003047636882,0.0743634885111322,0.67669125095804,0.0135419663883361,0.0051947007588533,0.374188757922241,0.888341271992047,0.264460464623285,0.479958620812019,1.00211666764419,0.00361361224091695,0.0801931019403634
18.5,0.0609034554116811,0.118037342471189,12.0650762982356,0.000677491314114696,0.000677491314078954,2.79648908735078,0.37293295328542,0.140843578587454,0.418819013483727,0.125901082550108,0.11910493492135,0.0760979155624726,0.667231502288508,0.0133214361198573,0.00507449256984029,0.37293295328542,0.888220918910395,0.260740730115827,0.478708677234333,0.999092901923358,0.00360369308952005,0.0801871140506169
18.6,0.0612936062736182,0.118467028851627,12.0968003938882,0.000632105172962882,0.000632105172924243,2.79489375235152,0.371933209975445,0.140537256321756,0.42528277619827,0.123835208167307,0.116368315399986,0.0778537031601621,0.65767130182808,0.0131003781473402,0.00495696321251756,0.371933209975445,0.888198159004352,0.25708013215387,0.477730419760021,0.996122609789462,0.00359360621814375,0.0801813802400554
18.7,0.0617220318388082,0.118933425155416,12.1333013246144,0.000589769730548927,0.000589769730507837,2.79340563089242,0.371195135062388,0.140297190178781,0.431835253896214,0.121880602090187,0.113784134662841,0.0796310090507755,0.648021981064061,0.0128790699872416,0.00484205538229309,0.371195135062388,0.888273608869111,0.253476011924977,0.477031063095762,0.993235783166165,0.00358346548184057,0.0801758784093772
18.8,0.0621863773144104,0.119433531384005,12.1745896968406,0.000550250422689664,0.000550250422646525,2.79201648832533,0.370725190019147,0.140125019270212,0.438480449876281,0.120029093027436,0.111343555069543,0.0814300113445279,0.63829440231137,0.0126578253010391,0.00472971262838183,0.370725190019147,0.888447942272443,0.249925827591671,0.47659671559209,0.990426886050821,0.0035732828450018,0.0801706360223928
18.9,0.0626878036499337,0.119968718678417,12.2207032674342,0.000513386468244523,0.000513386468200069,2.79072067077422,0.37052447363128,0.140021020193005,0.445222012831714,0.118271024328552,0.109037641199915,0.0832509173278929,0.628501411143303,0.0124368551135229,0.0046198813867537,0.37052447363128,0.888719551719999,0.246427178938301,0.476419333048633,0.987700225340195,0.00356309850050356,0.0801656668116094
19,0.063225902444174,0.120538293920724,12.2716962185622,0.000479010191648881,0.000479010191604029,2.78951228619298,0.370596065617637,0.139986118182729,0.452064358259241,0.116597987037863,0.106857731399391,0.085093953054147,0.618654939582785,0.0122164317416096,0.00451250857881744,0.370596065617637,0.889087310612014,0.242977778258192,0.47651942372712,0.985108169745363,0.00355309047786343,0.0801609174610646
19.1,0.0637997183778054,0.121141823431927,12.3273860169558,0.000446920330687139,0.000446920330642306,2.78838426595195,0.370947002264089,0.140022611932857,0.459013342997888,0.11500350988569,0.104796262976696,0.0869594553168529,0.608764505759772,0.0119964228458246,0.00440754135760496,0.370947002264089,0.889551481404325,0.239575376876535,0.476901148207346,0.982675570236521,0.00354335788837589,0.0801563730433262
19.2,0.064408661876408,0.121778404282357,12.3878223418189,0.000416975016167996,0.000416975016123676,2.78733162417293,0.371580643502198,0.14013174706103,0.466074417606833,0.113480301385017,0.102845059371062,0.0888477091039924,0.598841543770952,0.0117770540534061,0.00430492888624738,0.371580643502198,0.890110542690104,0.236217915491334,0.477568667069105,0.980427277783866,0.00353399984333545,0.0801520186309622
19.3,0.065052010112246,0.122447062702487,12.4530306986426,0.000389040935316363,0.000389040935273013,2.7863496756888,0.372500846206542,0.140315042815614,0.473253636552234,0.112021757714264,0.10099626664301,0.0907590364698683,0.588897036330316,0.0115584919943642,0.00420462136559378,0.372500846206542,0.890762923991922,0.23290344197454,0.478526140892192,0.978388143357594,0.0035251154540366,0.0801478392965403
19.4,0.065729659479063,0.123147824014215,12.522982674121,0.000362978796555595,0.000362978796513631,2.78543352575251,0.373711600974324,0.140574344147866,0.48055940801249,0.110621137683611,0.0992426578350245,0.0926938748758293,0.578940920675761,0.0113409361507069,0.00410657002546867,0.373711600974324,0.891506967456346,0.229630132590736,0.479773691273883,0.976554025575117,0.00351669722983091,0.0801438510514072
19.5,0.066443844513942,0.123884126043853,12.5975356369033,0.000338611801232052,0.000338611801192093,2.78457696309269,0.375216093459004,0.140911902952765,0.4880064309286,0.109269651446327,0.0975782967050366,0.0946529522472896,0.568980807944398,0.0111248385368202,0.00401072713179935,0.375216093459004,0.892340792995105,0.226396342355574,0.481311367881907,0.974920266733992,0.00350873578161419,0.0801400704578927
19.6,0.0671925552126825,0.124653214647678,12.6767539231292,0.000315866153293546,0.00031586615325589,2.78377739222248,0.377019013433921,0.141329621934753,0.495599908298087,0.107963465763906,0.0959956237867371,0.0966365705472242,0.559027790116003,0.0109101788263384,0.00391704627910959,0.377019013433921,0.893262255894959,0.223200434458513,0.483146524908912,0.973534641981521,0.00350141451055685,0.080136458125354
19.7,0.067975482486375,0.125454818437978,12.760618742833,0.000294644151463821,0.00029464415142862,2.7830313785963,0.379124469254513,0.141829737545419,0.503349805669941,0.106697376876325,0.0944880882491999,0.0986452528499565,0.549091195203027,0.0106971190548929,0.00382548212634046,0.379124469254513,0.894268985104307,0.220040934327575,0.485282662257732,0.972417259860958,0.00349481509053018,0.0801330041871725
19.8,0.0687923182403295,0.126288668511035,12.8491111233154,0.000274860474645384,0.000274860474612613,2.78233592233572,0.381536584153917,0.142414624718401,0.511266774365035,0.105466619550859,0.0930493953972916,0.100679558330242,0.539180086843247,0.0104858164279284,0.00373599047238423,0.381536584153917,0.895358372286308,0.21691648557925,0.487723279831202,0.971588228915558,0.00348901919540541,0.0801296987767299
19.9,0.0696427553740753,0.12715449844712,12.9422119091433,0.000256442181919498,0.00025644218188893,2.78168845822948,0.384259496242971,0.143086796869387,0.519362151476117,0.104266867082082,0.0916735066716728,0.10274008226327,0.52930326429977,0.0102764233207031,0.00364852825608442,0.384259496242971,0.896527571818881,0.213825850018495,0.490471877532154,0.971067657688576,0.00348410849905382,0.0801265320274078
20,0.0705313470249145,0.128057715867236,13.040057051877,0.000239179271573531,0.000239179271545587,2.78108161316941,0.387295740872973,0.143851023970256,0.527650172794148,0.103087596147413,0.0903555245438905,0.104828468716865,0.519464518378595,0.0100686898456077,0.00356304692695185,0.387295740872973,0.897773728921103,0.210768056258356,0.49353332412056,0.970856630106332,0.00348008358157751,0.0801235116660135
20.1,0.0714565011030532,0.128996557199539,13.1425859019054,0.000223063142706425,0.00022306314268104,2.7805150797793,0.390649914343753,0.144709535425761,0.536142960858862,0.101927114423735,0.0890896883604322,0.106945116954068,0.509673376070659,0.00986286397815389,0.00347950745950803,0.390649914343753,0.899093462980798,0.207742063118605,0.496913022522135,0.97094880616573,0.00347691337805672,0.0801206522847932
20.2,0.0724186999156285,0.12997168136682,13.2498038878432,0.000208033809255761,0.000208033809232725,2.77998674838741,0.394325937599187,0.145665602889022,0.54485426822091,0.100781336948946,0.087870871181666,0.109090894446509,0.499937075727901,0.00965901928212827,0.00339786913956005,0.394325937599187,0.90048325344037,0.204747011022353,0.500613112510746,0.97138319772135,0.00347476013905818,0.0801179265358831
20.3,0.0734186915634497,0.13098405884148,13.3617247179248,0.000194035521706603,0.000194035521685588,2.77949465830105,0.398327658309382,0.146722751917472,0.553798653793953,0.0996462557129074,0.0866942504251962,0.111266759951861,0.49026233280372,0.0094572028334478,0.00331809203161023,0.398327658309382,0.901939354888493,0.201782166680054,0.504637350621694,0.972176346593366,0.00347369033504489,0.080115327851069
20.4,0.0744573265008779,0.132034780883348,13.4783651568513,0.000181021793522095,0.000181021793502642,2.77903717413964,0.40265890527973,0.147884690731661,0.562991408423132,0.0985181628297936,0.0855552781025151,0.113473729452059,0.480655499419667,0.00925744858776419,0.00324013720183142,0.40265890527973,0.903457789387107,0.198846918090698,0.508989493390275,0.973344794601954,0.00347377043647987,0.0801128496621368
20.5,0.0755350681451211,0.133123823556904,13.5999223721575,0.000168855168248874,0.00016885516823092,2.77860946926124,0.407324925826027,0.149158543014175,0.57244463138966,0.0973936637801151,0.0844492952825458,0.115713546484496,0.471120259359153,0.00906001227836406,0.00316396168778123,0.407324925826027,0.905037114940877,0.195940307473046,0.51367329735179,0.974905083567288,0.00347506691382612,0.0801104854008722
20.6,0.0766528062887066,0.134252102048604,13.7264791681995,0.000157473815828962,0.000157473815812473,2.77820937063187,0.412329996724501,0.150549474699786,0.582173751621919,0.0962696554012539,0.0833721728887788,0.117987567989765,0.461661459200418,0.00886498099420213,0.00308952685920066,0.412329996724501,0.906673824045706,0.193061807576978,0.518696839838271,0.976856102731879,0.00347756352007372,0.0801082457904924
20.7,0.0778117212010598,0.135421127448046,13.8580532332919,0.000146863699026194,0.000146863699010957,2.7778363823117,0.417677823355086,0.152061591688191,0.592196438183895,0.0951433295646282,0.0823202046400336,0.120296950455263,0.452284468241606,0.00867233840846723,0.00301679702115903,0.417677823355086,0.90836311246229,0.190211191983632,0.524070581969087,0.979187002395719,0.00348119837291069,0.0801061510939122
20.8,0.0790129144674564,0.136632074411717,13.994730917015,0.000136982964960713,0.000136982964946524,2.77748903280567,0.423372623953537,0.153700378434323,0.602529640673259,0.09401218316452,0.0812898162295661,0.122643155564704,0.442993439770291,0.0084821419686142,0.00294573561956931,0.423372623953537,0.910100967549776,0.187388182782415,0.529791763107358,0.981940950229512,0.00348616270775573,0.0801041686617935
20.9,0.0802575743458556,0.137886198780645,14.1366073078799,0.000127795812106833,0.000127795812093503,2.77716606325415,0.429418643946714,0.155471605640336,0.613190914904026,0.0928740136438197,0.0802776955913087,0.125027723704554,0.433792089886072,0.0082944435283409,0.00287630694083646,0.429418643946714,0.911883232846813,0.184592608385635,0.535864572999805,0.985132718171911,0.00349251470165829,0.0801022936595947
21,0.0815456218438184,0.139183196984011,14.2837742791807,0.0001192364771822,0.000119236477169336,2.77686516292841,0.435821098905573,0.157384129584306,0.62419414494771,0.0917280319543955,0.0792806873251392,0.127452465860279,0.424683670117229,0.00810927069685124,0.00280847443485368,0.435821098905573,0.913707609896259,0.181823917001841,0.54229320139315,0.988777078161572,0.00350031253166784,0.0801005212527738
21.1,0.0828760348654093,0.140521598819386,14.4363233509743,0.000111217857157746,0.000111217857144587,2.77658327196957,0.442585948789887,0.159449221924318,0.635550567332643,0.0905745960998185,0.0782958179728524,0.129919417673869,0.415670973976658,0.00792663130408568,0.00274220111649907,0.442585948789887,0.915573178982159,0.179081293116675,0.549081838034116,0.99288880213715,0.00350961437483384,0.0800988466067889
21.2,0.0842509751569708,0.141903768218611,14.5943821279844,0.000103741282226074,0.000103741282212021,2.77632043577409,0.449717023696421,0.161672036955405,0.647281810857277,0.0894118186774313,0.0773206178246198,0.132430254517404,0.406756420430099,0.0077465702507602,0.0026774546773762,0.449717023696421,0.917474297289719,0.176365140493747,0.556234672669424,0.997482662037299,0.00352047840820574,0.0800972648870983
21.3,0.0856711898428739,0.143330331126342,14.7580736985348,9.677420087457e-05,9.677420085894e-05,2.77607551023078,0.457219226504418,0.164061119249349,0.659405366931072,0.0882393469368627,0.0763527623449784,0.134986943249448,0.397941960891357,0.00756910616300482,0.00261420179003867,0.457219226504418,0.919407397902612,0.173675429735548,0.563755895045798,1.00257342980067,0.00353296280883303,0.08009577125916
21.4,0.087137432467618,0.14480189742692,14.927529181309,9.02879783005112e-05,9.0287978282532e-05,2.77584748891153,0.465097543176901,0.166625465552805,0.671939079607729,0.08705719464606,0.0753901829812964,0.137591540805795,0.38922910796314,0.00739425096768714,0.00255240986812926,0.465097543176901,0.921368888740343,0.171012208929043,0.571649694909957,1.00817587736593,0.00354712575376514,0.0800943608884322
21.5,0.0886528964819134,0.146322048984273,15.1029647090106,8.42526067584163e-05,8.42526067373999e-05,2.77563531707742,0.473357695266234,0.169376058312196,0.684897596526369,0.0858660915215326,0.0744311996183002,0.140246157466289,0.380619514087428,0.00722200797915343,0.00249204685338666,0.473357695266234,0.923355685212859,0.168375441579314,0.579964913936798,1.01430471382287,0.00356298349694946,0.0800930474313052
21.6,0.0902414852519702,0.147919773103574,15.2852594025674,7.85969921613419e-05,7.85969921381913e-05,2.77543649528315,0.482011038763823,0.172337378997813,0.698265723459137,0.0846701066638594,0.0734755150137768,0.142952681071291,0.372119315908785,0.00705235753495562,0.00243307961654576,0.482011038763823,0.925369209259105,0.165763789855597,0.588808407912684,1.0209745666048,0.00358049782365494,0.0800918685685518
21.7,0.091896423097082,0.149586362819592,15.4743296743837,7.33206579295894e-05,7.33206579045521e-05,2.77525100708832,0.491060784862276,0.175515024005351,0.712073371298375,0.0834692694903566,0.0725214176998895,0.145713552731733,0.363726914667936,0.00688529739895532,0.00237547845520503,0.491060784862276,0.927404141052686,0.163178037015583,0.598094093249393,1.02820033471264,0.00359981166736576,0.0800907820822924
21.8,0.0936233819452129,0.151328371449653,15.670493545899,6.84000008638643e-05,6.84000008374357e-05,2.77507802284274,0.50051356377021,0.178922882045673,0.726332659030666,0.0822657623974791,0.0715681293649099,0.148531115837566,0.355443231142372,0.00672080885422251,0.00231921331912533,0.50051356377021,0.92945785879775,0.160618215237793,0.607831674196752,1.03599678232322,0.0036209780276377,0.0800897854216111
21.9,0.0954285530285794,0.15315296601325,15.8740932940709,6.38142196219258e-05,6.38142195948815e-05,2.77491681137902,0.510376226302795,0.182575617211861,0.741055310283406,0.081062207946291,0.0706151555961979,0.151407796114043,0.347268869255459,0.00655886608132434,0.00226425485426595,0.510376226302795,0.931527827797134,0.158084400027942,0.618030855004589,1.0443786736134,0.00364404990402653,0.080088876035592
22,0.0973186468836514,0.15506792723204,16.0854954513749,5.95453147185854e-05,5.95453146920137e-05,2.77476674001257,0.520655843881748,0.186488668979212,0.756252653324807,0.0798616688624663,0.0696622858802022,0.154346101621722,0.339204116076434,0.00639943615832499,0.00221057440278468,0.520655843881748,0.933611600452358,0.155576710218944,0.628701339922734,1.05336077275999,0.003669080296088,0.0800880513733192
22.1,0.0996223136289064,0.157494008156171,16.3096223831383,5.556721399545e-05,5.55672139702935e-05,2.77462689200071,0.531375132705819,0.190692161736972,0.771927380250166,0.0786660038615165,0.068710055388203,0.157348338395945,0.331250332607289,0.00624263153703722,0.00215814325772516,0.531375132705819,0.9357101028622,0.153094671579485,0.639852833201014,1.06295784393983,0.00369612220337788,0.0800873088838769
22.2,0.102892269219092,0.161124084799114,16.5585134212208,5.18507396097531e-05,5.1850739586417e-05,2.77449624127577,0.542592005968739,0.195239083529697,0.78807517190373,0.0774766584494384,0.067759490483578,0.160416649882057,0.32340942831619,0.0060884986106732,0.00210693302076385,0.542592005968739,0.93783250165059,0.150636599552329,0.651495039089257,1.07318465132977,0.00372522862545194,0.0800866460163491
22.3,0.107500822526978,0.166375171493254,16.8532578432433,4.83788594954086e-05,4.8378859473823e-05,2.77437418898592,0.554437109155845,0.200223009026979,0.804692505044146,0.0762971260529071,0.0668113637663905,0.163553253022109,0.315682114304455,0.00593666730150279,0.0020569166330112,0.554437109155845,0.940001528932209,0.148199286443496,0.663637661837293,1.08405595910664,0.00375645256186593,0.0800860602198199
22.4,0.113529591662422,0.173268716502793,17.217746110678,4.51377025381708e-05,4.5137702518111e-05,2.77426024754315,0.567145969368114,0.205832636396737,0.821775023500123,0.075131962129341,0.0658665373183438,0.166760389918353,0.308068861557095,0.00578753909418503,0.00200806741517756,0.567145969368114,0.94223322383921,0.145782125189759,0.676384965882749,1.09559771149202,0.0037898529189716,0.0800855520880571
22.5,0.121004138072012,0.181767404581133,17.6730579138882,4.2113381133431e-05,4.21133811146664e-05,2.77415392878609,0.581036574683737,0.212338190960176,0.839321525390664,0.0739796246805546,0.0649258704091674,0.170040178322056,0.300570007525848,0.00564115954526495,0.00196035846823268,0.581036574683737,0.944559574675198,0.143382175609655,0.690367857431897,1.10789811864291,0.00382552150032131,0.0800851397287706
22.6,0.129902934723203,0.191784123968933,18.2378660744795,3.92929589824934e-05,3.92929589648947e-05,2.77405477801305,0.596486213917059,0.22009575383823,0.857329029778312,0.0728395986221836,0.0639901489899298,0.173394703755403,0.293185837912873,0.00549746075946635,0.00191376446771247,0.596486213917059,0.947021911568038,0.140994954575432,0.705690543806128,1.12098629533286,0.0038635235765117,0.080084823212529
22.7,0.140277636465919,0.203353628232551,18.9254418765915,3.66620772494384e-05,3.66620772329712e-05,2.77396229044765,0.613890635249172,0.229561455634073,0.875791237849412,0.071713295631229,0.0630601195865948,0.176825990317026,0.285916897720038,0.00535618696317566,0.00186826196973743,0.613890635249172,0.949667264843209,0.138614228835311,0.722988608981178,1.13506477035133,0.00390417924717388,0.0800846021371164
22.8,0.152215971128421,0.216562317917525,19.7480254184665,3.42074867394121e-05,3.42074867240397e-05,2.77387600030236,0.633606783734841,0.241352462946006,0.894697759923964,0.0706056536026829,0.0621367190272321,0.180336005822152,0.278763944648885,0.00521741106001546,0.00182382805314754,0.633606783734841,0.952518437359334,0.136236846639734,0.742555193795526,1.15019576193007,0.00394758716048115,0.0800844810899674
22.9,0.165744002190233,0.231412518390947,20.7180323163638,3.19175895026328e-05,3.19175894882913e-05,2.77379549985683,0.65591866883667,0.256318038720184,0.914037776370587,0.0695209652134982,0.0612212944227216,0.18392660844835,0.271727685262721,0.00508097897909999,0.00178043752834719,0.65591866883667,0.95555932121299,0.133865624478097,0.764687046344003,1.16662857344563,0.00399424686023459,0.0800844601695615
23,0.180878010086394,0.247899131046462,21.846542221599,2.97806905836499e-05,2.97806905702843e-05,2.77372037797915,0.681073093556313,0.27537770764916,0.93379109564972,0.0684620845455892,0.0603151227174613,0.187599515423609,0.264808725212487,0.00494701717999353,0.00173806689273342,0.681073093556313,0.958786325545257,0.131500887251707,0.789734628990075,1.18452120473931,0.00404444930586868,0.0800845414001149
23.1,0.197587883589616,0.26595941195466,23.1433049374905,2.77866825370053e-05,2.77866825245457e-05,2.77365027935222,0.709202828726195,0.299759738120703,0.953926800435695,0.067431061354815,0.0594198205939935,0.19135620008519,0.258007598757876,0.00481583725811706,0.0016966924669637,0.709202828726195,0.962167146392257,0.12914660941207,0.817720132981609,1.204090005251,0.00409875016365333,0.080084729550138
23.2,0.215781847449485,0.285464228433835,24.6137423462836,2.59263320171086e-05,2.59263320054913e-05,2.77358487938292,0.740240810870061,0.33109346495633,0.974415832658981,0.0664290603452175,0.0585369149059116,0.195197797928697,0.251324865811209,0.00468722317311562,0.00165629182050078,0.740240810870061,0.965664279052706,0.126806432089863,0.848688662985576,1.2255571424316,0.00415770661772472,0.0800850289092879
23.3,0.235382096821548,0.306301061944158,26.2637827802317,2.41902192721756e-05,2.41902192613378e-05,2.77352384628697,0.774152539012167,0.370919859718457,0.995231643016923,0.0654576637697027,0.0576679214022931,0.19912552645452,0.244761103399378,0.00456112583065023,0.00161684222912884,0.774152539012167,0.969242612958542,0.124483901715132,0.882546121081475,1.24909341018973,0.00422185303696543,0.0800854461187325
23.4,0.256221172368338,0.328265950645542,28.0913392642513,2.25707568033727e-05,2.25707567932606e-05,2.77346690885311,0.810561673318418,0.42137425266794,1.01635956091083,0.0645181686446426,0.0568142663349489,0.203140145215014,0.238316991573035,0.00443741048646519,0.00157832224514446,0.810561673318418,0.972854539870236,0.122182967717908,0.918882694892233,1.27487094210298,0.00429188192699462,0.0800859912727021
23.5,0.278170383449575,0.351200944910762,30.095683469492,2.1106355364311e-05,2.11063553548742e-05,2.7734138834279,0.849189291019949,0.48422162199911,1.03778113693619,0.0636120434755882,0.05597736364061,0.207242557627561,0.231993159306306,0.00431608921371669,0.0015407101152954,0.849189291019949,0.976461273802704,0.119906971086027,0.957395878099386,1.30306825685408,0.0043685448577628,0.0800866762456943
23.6,0.301058633553774,0.374911179457329,32.2702336335755,1.98817329516578e-05,1.98817329428517e-05,2.77336472544733,0.889545420708929,0.561398084210466,1.05948495785953,0.0627406754910447,0.0551585341217108,0.211433398065523,0.225790278747348,0.00419724104135438,0.00150398492979221,0.889545420708929,0.980021490193526,0.117659014027545,0.997327896712747,1.33368526960293,0.00445248078533511,0.0800875179887012
23.7,0.324611166329931,0.399068338222324,34.6066253014761,2.22781844535615e-05,2.22781844459928e-05,2.77332197632428,0.931164783574948,0.654419787316607,1.08142896817376,0.0619058044914169,0.0543591027134938,0.215713122189276,0.219708874106223,0.00408112048123645,0.0014681259647309,0.931164783574948,0.983499560153954,0.11544174221988,1.03899124127837,1.36671732766132,0.00454352803528367,0.0800885095731135
23.8,0.348715341185294,0.42358266395547,37.0865540097049,0.000187697779806197,0.000187697779799395,2.77340724090418,0.973506809992156,0.763652479283638,1.10354919897538,0.0611107534814271,0.0535803974972411,0.220081555680909,0.213748817646,0.00396931438924166,0.00143311354852716,0.973506809992156,0.986870472397396,0.113256766641526,1.08141115184186,1.40224527948578,0.00465683428045387,0.0800896837628235
23.9,0.373187108358803,0.448256543711235,39.5464300040404,0.00891725182101019,0.00891725182102598,2.77975738848969,1.01608170384314,0.88816527655425,1.12580282912974,0.0604436177227494,0.0528261110207777,0.224538362072474,0.207886054445582,0.00394187929153392,0.00139893017084824,1.01608170384314,0.990108363436744,0.111105849155821,1.12394658457952,1.43952710542255,0.00538540439161754,0.0800914713037053
24,0.397831302325771,0.472882534462985,36.0190956633733,0.287133367988951,0.28713336798854,3.03900252056367,1.05551292418077,1.00282069228102,1.14813213127733,0.0630735093534988,0.0522007569174448,0.229083105209555,0.201297833980666,0.00788709156492243,0.00136569986447293,1.05551292418077,0.993021009986827,0.108997881548469,1.16067237286701,1.45550769086609,0.0281765633628459,0.0801333671808067
