T,PIF4m,PIF5m,PIF,phyB,PR,INT,IAA29m,ATHB2m,CDF1m,FKF1m,FKF1,CDF1,COm,CO,FTm,InducedC1,InducedC2,RepressedC1,PHYAm,phyAr,phyAfr,phyAmarker
0,0.128588186562135,0.191435292186208,1.71315709224918,0.932035216161366,0.93203521616124,20.0094103951824,0.0360747993999724,0.0857142898879658,0.727218892937312,0.0674720688741435,0.0482826832334292,0.143217286262652,0.245788444498549,0.127599890105004,0.0593931975318556,0.0360747993999724,2.46318822923187e-06,1.24984973118092,0.142857194696687,0.189585350000757,0.0306368882186262,0.0818334560940592
0.1,0.136107367116133,0.199056181684278,1.79001641272643,0.935195661319551,0.935195661319496,20.1338804267337,0.0360748033856795,0.0857142902130627,0.73498588677609,0.0685385701349683,0.0489901506290364,0.146241426440772,0.23859103821531,0.131485091020173,0.0581627931546505,0.0360748033856795,2.75713025659931e-06,1.24985259274729,0.142857198720291,0.18562482905063,0.0316893871242271,0.0819970954255283
0.2,0.143870441819693,0.206903891520151,1.86943652071688,0.938100049860538,0.938100049860514,20.2494433031264,0.0360748082794827,0.0857142906115888,0.742203336182851,0.0695790914392361,0.0497117529447826,0.14927242255823,0.231596541000875,0.135330627505007,0.0569690112994311,0.0360748082794827,3.10653312954653e-06,1.24985538541013,0.142857203674556,0.181661587548804,0.0326918123756675,0.0821688980082653
0.3,0.151812437083397,0.214879760854496,1.95110172580139,0.940715706383577,0.940715706383567,20.3547286824994,0.0360748145137898,0.0857142911185448,0.748671924072702,0.0705795877169608,0.0504433910050694,0.152305096927877,0.224854495695526,0.139181718778709,0.0558202219224454,0.0360748145137898,3.53793273515912e-06,1.24985808958957,0.142857209625186,0.177714416234479,0.0336411952933498,0.08234752168725
0.4,0.159921770836232,0.223003942185329,2.034448077583,0.943149840607235,0.943149840607231,20.4531156760366,0.0360748217744326,0.0857142917085277,0.754590758898876,0.0715494116503264,0.0511791233830736,0.155336102298192,0.218289357139486,0.143052178116407,0.0547028860961233,0.0360748217744326,4.03207359643812e-06,1.24986073039733,0.142857216786716,0.173809538465084,0.0345287043526702,0.0825317233320583
0.5,0.168284669650801,0.231358626020882,2.12046174224329,0.945305040067926,0.945305040067925,20.5419806562098,0.0360748308884091,0.0857142924484743,0.75961136898336,0.072465549216539,0.0519128103814238,0.158355781691653,0.211989359827429,0.146957931698552,0.0536320306290152,0.0360748308884091,4.63973010333875e-06,1.2498632721398,0.142857225086644,0.16993770445356,0.0353575146808083,0.0827219345353567
0.6,0.176760466980298,0.2398106229477,2.20772691580314,0.947323119106709,0.947323119106709,20.6261450238283,0.036074841106737,0.085714293277794,0.764140582557283,0.073352012619242,0.0526426960849839,0.161366134858705,0.205827582207931,0.15088348326331,0.0525852334781893,0.036074841106737,5.31507439936807e-06,1.24986576027044,0.142857235065414,0.166148287487698,0.0361124391383243,0.0829156865518735
0.7,0.185399663747244,0.248398334975539,2.29686503719814,0.949130276760797,0.949130276760797,20.7030615870786,0.0360748531926164,0.0857142942582611,0.767870386529627,0.0741899634022242,0.0533642925955375,0.164358859397794,0.199885299543326,0.1548416265018,0.0515764994909235,0.0360748531926164,6.10491827372691e-06,1.24986816164332,0.142857246523208,0.162423032863238,0.0367990928412338,0.083113892146726
0.8,0.194157254625016,0.257095197318164,2.38724014181807,0.95080506214734,0.950805062147341,20.7758468659681,0.0360748668516879,0.0857142953660956,0.771050808842516,0.0749943381476775,0.0540757561245914,0.167333194182005,0.194082291850456,0.158807412975791,0.050591367672776,0.0360748668516879,6.99171392386229e-06,1.24987050265927,0.142857260077646,0.158806735604939,0.0374097524764422,0.083313387203027
0.9,0.203080745770169,0.265941703861811,2.47938525341063,0.952288113181696,0.952288113181696,20.8425010273088,0.0360748826480041,0.0857142966469525,0.773452292521254,0.0757511833948975,0.054774281171852,0.170283475620503,0.188480480047688,0.162788787509165,0.0496405231847939,0.0360748826480041,8.01009127374792e-06,1.24987275833477,0.142857275604931,0.155290416922012,0.037945966117934,0.0835148059417354
1,0.212160572464204,0.274933115299239,2.57321020264751,0.953617004610978,0.953617004610978,20.903934260512,0.0360749005458443,0.0857142980979593,0.775160769243374,0.07646824116533,0.055459936844772,0.173209311758142,0.183056066266622,0.166787681922681,0.0487198732766206,0.0360749005458443,9.15796233116981e-06,1.24987493536987,0.142857293687774,0.151898000271978,0.0384107920936974,0.0837153753492819
1.1,0.221439652300841,0.284123131220246,2.66917641497589,0.954829651878973,0.954829651878972,20.9605881903043,0.0360749214289281,0.0857142997907285,0.776109609935417,0.0771490914482339,0.0561261479093472,0.176097439356733,0.177817988337555,0.170812460387927,0.047830658317788,0.0360749214289281,1.0490199727776e-05,1.24987701787339,0.142857314380646,0.148631842044076,0.0388044484892743,0.0839148348307622
1.2,0.230896293692755,0.293484610556556,2.76705067484211,0.955906891605617,0.955906891605617,21.012239608894,0.0360749448506023,0.0857143016890655,0.776332490538648,0.0777919248306645,0.056776237647482,0.178954561976854,0.172761728865414,0.174858895450783,0.0469722513956087,0.0360749448506023,1.19790695116374e-05,1.24987901387712,0.142857338753152,0.145507144217797,0.0391380797204455,0.0841101597919007
1.3,0.240545503494368,0.30303309360517,2.86709207407281,0.956893549822433,0.956893549822432,21.0597233927659,0.0360749721355558,0.0857143039003348,0.77581541647717,0.078410486794538,0.0574060631374105,0.181764361748792,0.167888174742117,0.178932663930001,0.0461450841537313,0.0360749721355558,1.37063005147007e-05,1.24988090153908,0.142857367005902,0.142527353362287,0.0394136444812915,0.0843007428567437
1.4,0.250385101280816,0.312766322434544,2.96926296785284,0.957783113519372,0.957783113519372,21.1029182383214,0.0360750030913176,0.0857143064089371,0.774560421096571,0.0790027801864416,0.0580162263260412,0.18452920958172,0.163197197106467,0.183032941010708,0.0453490938763783,0.0360750030913176,1.56600179248174e-05,1.2498826840328,0.142857398623615,0.139683616661849,0.0396261116939581,0.0844881441237975
1.5,0.260423251947486,0.322693996869182,3.07361647393428,0.958583828390459,0.958583828390458,21.1421338637025,0.03607503821851,0.0857143092554607,0.772591354614202,0.0795757031802001,0.058607721662985,0.187245093947066,0.15868502792239,0.187157534717076,0.044583904032709,0.03607503821851,1.78708938333062e-05,1.24988435380962,0.142857433676452,0.136976207667201,0.0397760888551998,0.0846722525422817
1.6,0.270678152295154,0.332837194144185,3.18030911474465,0.959321080133917,0.959321080133917,21.1781232719264,0.0360750787284164,0.0857143125381038,0.769947710342711,0.0801448814875931,0.0591813550405462,0.189900961555411,0.154345114966311,0.191303852538878,0.0438489409027603,0.0360750787284164,2.04132752215941e-05,1.24988589216395,0.142857475942593,0.134419856777176,0.0398962889827957,0.0848470881524241
1.7,0.281139642031756,0.343184145659833,3.28925349505455,0.959980694493987,0.959980694493987,21.2104660192747,0.0360751239447094,0.0857143162020368,0.766607436955822,0.0807015903994068,0.059736676483958,0.192502984076717,0.150181116711278,0.195473342019634,0.0431445248264897,0.0360751239447094,2.32456500099105e-05,1.24988730954018,0.142857523254827,0.132006114457497,0.0399679474955434,0.0850160811312108
1.8,0.291913398776282,0.353859475536373,3.40148108881159,0.960584850931264,0.960584850931264,21.2399890060166,0.0360751762537338,0.0857143204408249,0.76267149391215,0.0812700775810676,0.0602817916445427,0.195040666341582,0.146179634725083,0.19965465232044,0.042469436119907,0.0360751762537338,2.65150551596428e-05,1.24988856933818,0.142857575613157,0.129734980708163,0.0399910643934428,0.0851792314786418
1.9,0.302983508800338,0.364844247271806,3.51682720211778,0.961139788547671,0.961139788547671,21.2668389243738,0.0360752356516319,0.0857143252541314,0.758134497925709,0.0818517774972846,0.0608152179312675,0.197511482022817,0.142340801121414,0.203849209364577,0.0418236969102621,0.0360752356516319,3.02211253064067e-05,1.24988967156038,0.142857635360448,0.127601008355846,0.0399796693953828,0.0853351896517666
2,0.314365751222197,0.376156983701346,3.63544114148241,0.961653632388284,0.961653632388284,21.2912755228983,0.0360753026733496,0.0857143306853358,0.753016458022608,0.0824528662349064,0.0613380339869323,0.199911800450498,0.138661667880171,0.208055175925795,0.0412070439093168,0.0360753026733496,3.43967575226193e-05,1.24989060797363,0.142857705579373,0.125597030185954,0.039952222351986,0.0854821799655928
2.1,0.326085239217037,0.387826351860598,3.75757718814978,0.962133563008199,0.962133563008199,21.3135689682487,0.0360753781208279,0.0857143367994927,0.747344837059588,0.0830810671130111,0.0618523958955306,0.202237899681153,0.135138480913763,0.212270100442386,0.0406191520920604,0.0360753781208279,3.90914375469935e-05,1.24989136620431,0.142857783705677,0.123729008093588,0.0398933678289222,0.0856216794859347
2.2,0.338249009855431,0.399963823217036,3.88450728152392,0.962560687659163,0.962560687659163,21.3337175131053,0.0360754656526312,0.0857143438936551,0.741205114108198,0.0837550179197775,0.0623724210549014,0.204489953971562,0.13176252265492,0.216488828739661,0.040059433215562,0.0360754656526312,4.45328157422034e-05,1.24989188932317,0.14285786973936,0.121996942078748,0.0398031058261916,0.0857536882127922
2.3,0.350849656265557,0.412565195226471,4.0160817390114,0.962952536807567,0.962952536807567,21.3520992615646,0.0360755649367515,0.0857143519407853,0.734601722236087,0.0844781094282486,0.0628955174534231,0.206662694764595,0.128532009290924,0.220709982069903,0.0395276667403104,0.0360755649367515,5.06996546236863e-05,1.24989218264312,0.142857972386365,0.120372156847125,0.0397081705984648,0.08587749399511
2.4,0.363920260991951,0.425667189950443,4.15265383731709,0.963313754657128,0.963313754657127,21.3689579291145,0.0360756770530154,0.0857143610285063,0.727567767984813,0.0852591266921182,0.0634250047443699,0.208752779130237,0.125442703898219,0.224930845967389,0.039023502036057,0.0360756770530154,5.76587713776913e-05,1.24989222945626,0.142858089710341,0.118861030270768,0.0396026159938472,0.0859932552273673
2.5,0.377500666748069,0.439310800901562,4.29465469652517,0.963645396794234,0.963645396794234,21.384448341695,0.0360758041137039,0.0857143713283613,0.720138785994518,0.0861083649126879,0.0639663268016469,0.210757838955489,0.122490214024106,0.229149036461765,0.0385466343483768,0.0360758041137039,6.55413658837355e-05,1.24989199692112,0.142858219935187,0.117469412404875,0.0394809879492051,0.0861011171957097
2.6,0.391658681996181,0.453554691909444,4.44283746245894,0.963933673263386,0.963933673263385,21.3983576032554,0.0360759525021972,0.0857143833590574,0.712360355564858,0.0870423665328849,0.0645337150636867,0.212679538791052,0.119669503816408,0.233363536789703,0.0380969487038646,0.0360759525021972,7.47449790328734e-05,1.24989138545413,0.142858365245494,0.116192672065273,0.0393454350971781,0.0862012476395087
2.7,0.406416443561582,0.468428668920844,4.59742937181084,0.964189038773664,0.964189038773663,21.4110733546867,0.0360761216266252,0.0857143970723388,0.70426165178454,0.0880674714527503,0.0651270497545256,0.214512957333132,0.116976588176406,0.237571097364309,0.0376740201924885,0.0360761216266252,8.52321828522456e-05,1.24989040447007,0.142858539445766,0.115000727004293,0.0392109886218677,0.0862945960466649
2.8,0.421813050187024,0.483973255366263,4.75885297783859,0.964412943846289,0.964412943846288,21.4227602044094,0.0360763134856452,0.0857144126305129,0.695877942076384,0.089193808678688,0.0657515409731524,0.21625561918808,0.114407091767703,0.241769297843523,0.0372775390110932,0.0360763134856452,9.71270917715336e-05,1.249889022903,0.14285873786931,0.113902476104447,0.0390748264780141,0.0863806697805101
2.9,0.437866965436988,0.500199723296136,4.92731952367276,0.964607426734065,0.964607426734065,21.433452223073,0.036076533263481,0.0857144304551335,0.687237106881178,0.0904345348292676,0.0664153788636406,0.217906622548928,0.111957228924843,0.245959358245952,0.0369073631362199,0.036076533263481,0.000110750279201052,1.24988715968024,0.142858962719851,0.112892667700468,0.0389401473089992,0.0864595597030641
3,0.45456608076309,0.517076007287324,5.10272718526441,0.964775396445369,0.964775396445368,21.4429900826847,0.0360767908639432,0.0857144513518412,0.678356082433381,0.0918072920913269,0.0671311686651738,0.219467396960966,0.109624087611188,0.250147891977933,0.0365635991189439,0.0360767908639432,0.000126713382967987,1.24988465964152,0.142859216201115,0.111966050127092,0.0388101497582047,0.0865313566763464
3.1,0.47196553619785,0.534665370087517,5.28566278326642,0.964917846613062,0.964917846613062,21.4516398685788,0.036077085809306,0.0857144752814118,0.669275878617443,0.0933198558786117,0.0679018038615845,0.220934243762226,0.107402834094382,0.254329648768844,0.0362458067282214,0.036077085809306,0.000144987795029954,1.24988153059492,0.142859512530161,0.111114778730521,0.0386811409843009,0.0865972209854318
3.2,0.490093716349304,0.552993147314318,5.47643915513276,0.965036532918577,0.965036532918577,21.4594984117498,0.0360774217522271,0.0857145025407579,0.660027927409761,0.0949839271851382,0.0687340418418378,0.222305504591967,0.105289399205187,0.258504098413656,0.0359537632749625,0.0360774217522271,0.0001657996346531,1.24987771551015,0.142859858734924,0.110332560576602,0.0385535522105504,0.0866576729415811
3.3,0.508881535259625,0.571970173338674,5.67436732389318,0.965139185989053,0.965139185989054,21.4665899629555,0.036077809508008,0.0857145340108007,0.650626608801044,0.0968175028794701,0.069638657625339,0.22358099791758,0.10328097331125,0.262678154227978,0.035687525659486,0.036077809508008,0.000189804232623866,1.24987304192895,0.142860254205201,0.109614751364927,0.0384321962971309,0.0867125529120756
3.4,0.528230108294842,0.591472277240064,5.87845203813114,0.965235363110487,0.965235363110488,21.4729165837422,0.0360782620817121,0.0857145707510041,0.641081089653347,0.0988405046033073,0.0706276545004307,0.224760993701974,0.101375131845504,0.266861005158617,0.0354472362581121,0.0360782620817121,0.000217788138163498,1.24986730210443,0.142860703415622,0.108955609272492,0.0383189691764684,0.0867621539140857
3.5,0.548206763717776,0.611570542775371,6.08940640295842,0.965324432718263,0.965324432718264,21.4786041040096,0.0360787802642145,0.0857146128249445,0.631429614939779,0.101062117879838,0.0717061846410931,0.22584324352848,0.0995673023999217,0.271049146996082,0.035232560673839,0.0360787802642145,0.000249805982200813,1.24986048512474,0.142861212845699,0.1083498702935,0.0382149670433833,0.0868068133672461
3.6,0.568805092917219,0.632249433049112,6.30718564685649,0.96541028331816,0.965410283318161,21.4837234464172,0.0360793702649595,0.0857146607380028,0.621697529737871,0.103496291086599,0.0728824395748492,0.226826616206838,0.0978538654111808,0.275244706584095,0.0350433760201737,0.0360793702649595,0.000286237095901324,1.24985249275626,0.142861814862381,0.107798440096767,0.0381109597153646,0.0868474420249916
3.7,0.58978766209476,0.65323819591337,6.5293045076076,0.965495172250664,0.965495172250665,21.4883412678642,0.0360800488177614,0.085714715856795,0.611888055609968,0.106169457611868,0.0741710833511207,0.227710434669385,0.0962330260901534,0.279456816153133,0.034879896256829,0.0360800488177614,0.000328041836077185,1.24984304122042,0.142862502442552,0.10729283663652,0.0380134295213781,0.0868840782618357
3.8,0.611000120234577,0.67435786139164,6.75415538815524,0.965581943466546,0.965581943466547,21.4925257593301,0.0360808288715918,0.0857147792382144,0.602012370321046,0.109103560903042,0.0755844523288457,0.228493858533935,0.0947023334105299,0.283692088610857,0.0347422142046911,0.0360808288715918,0.000375971607313028,1.24983191346553,0.142863283328376,0.106828096831039,0.0379229689902076,0.0869170874616016
3.9,0.632478130423377,0.695639369507836,6.98213795158439,0.965674782520987,0.965674782520988,21.4963486203065,0.0360817147193156,0.0857148512308035,0.592099847833365,0.112310275708504,0.0771295593329589,0.229175673910545,0.0932578355017195,0.287951375059076,0.0346301456346405,0.0360817147193156,0.000430299930945645,1.24981904504734,0.142864165262015,0.106399257598604,0.0378401706506372,0.0869468350081126
4,0.654153714987549,0.716999167562683,7.21255702662587,0.965777143208214,0.965777143208215,21.4998796366119,0.0360827153751603,0.0857149325694657,0.58216993722626,0.115806877707092,0.0788163208418838,0.229754870634301,0.0918963991094361,0.292238669302857,0.0345436574309373,0.0360827153751603,0.000491560983613153,1.24980428828384,0.142865163127397,0.106007377737963,0.0377624305991154,0.0869734720265279
4.1,0.675589748422648,0.737967679671809,7.44060592222251,0.965865858425851,0.965865858425851,21.5030811114235,0.0360838412854111,0.0857150241149468,0.572219168678248,0.119635091426133,0.0806662518505175,0.230228837954638,0.090617496483751,0.296554982255309,0.0344829109689499,0.0360838412854111,0.000560166503412472,1.24978739360361,0.142866290069468,0.105652049753082,0.0376879232457891,0.0869972018128136
4.2,0.69664028171551,0.758379817387045,7.66472103262257,0.96593875910705,0.96593875910705,21.5060001280954,0.0360851017667748,0.0857151266287305,0.562262150342488,0.123817356625918,0.0826917186738817,0.230596227631221,0.0894185447045477,0.300903677675588,0.0344479142133161,0.0360851017667748,0.000636624805534697,1.24976819180359,0.142867551103347,0.105326011139052,0.0376184616602145,0.0870184715643297
4.3,0.717251778205606,0.778167129183773,7.88436802865342,0.966000340451903,0.966000340451903,21.5087106771526,0.0360865057774568,0.0857152408407973,0.552319227882608,0.128369992549645,0.0849021840580083,0.230856092113829,0.0882963085905629,0.305288866059092,0.0344386264398302,0.0360865057774568,0.000721474856397073,1.24974653918764,0.142868955584157,0.105025658848854,0.0375539164606495,0.0870375982748294
4.4,0.737279046785652,0.797165319166879,8.0979917460189,0.966048488049538,0.966048488049538,21.5112600626243,0.0360880626312235,0.0857153675123725,0.542405056507086,0.133315388761115,0.0873099905047391,0.231007086448324,0.0872481998722593,0.30971391728922,0.0344550552138158,0.0360880626312235,0.000815225222572074,1.24972226676187,0.142870512867019,0.10474738983547,0.0374941582653525,0.0870548989380657
4.5,0.75644613892412,0.815127143619323,8.30231347898396,0.966090892962479,0.966090892962479,21.5135771010949,0.036089760186575,0.0857155056617443,0.532518492129511,0.13870423484339,0.0899410136693177,0.231043844330936,0.0862743084930762,0.31417726496152,0.0344972127757947,0.036089760186575,0.000916788729988752,1.24969541259199,0.142872182201795,0.104498486473966,0.0374377276745528,0.087069837095673
4.6,0.774584882122954,0.83187372807563,8.49547514064939,0.966127164149802,0.966127164149802,21.5156882717245,0.0360916039863875,0.0857156557438067,0.522671413138826,0.144563894256056,0.0928099745853481,0.230964314031545,0.0853725168952491,0.318681411377602,0.034565107512784,0.0360916039863875,0.00102639348436231,1.24966584407607,0.142873993105934,0.104270965430173,0.037385030504945,0.0870830731700119
4.7,0.791545065751782,0.847252972278039,8.6757898458158,0.966157469410223,0.966157469410223,21.517615502367,0.0360935961924333,0.0857158179376155,0.51287471578226,0.150924104631022,0.0959329457252871,0.230766022798979,0.0845409583470665,0.323228720693396,0.0346587500404468,0.0360935961924333,0.0011440425719274,1.24963346986224,0.14287594962215,0.104062377783191,0.0373357963597183,0.0870948336676341
4.8,0.807440883227366,0.861476173498871,8.84422182412353,0.966186395311753,0.966186395311753,21.5193553350932,0.0360957018388232,0.0857159893912307,0.503131137059425,0.157837042146964,0.0993394790929429,0.230442245095108,0.0837802222216175,0.327821154239315,0.0347781780451798,0.0360957018388232,0.00126731422084248,1.24959866657455,0.142878055716728,0.103870291216977,0.0372897528132241,0.087105343793217
4.9,0.822065851826437,0.874324378470707,8.99847526030443,0.966214468782351,0.966214468782351,21.5209208981667,0.0360979266737646,0.0857161705774275,0.493451160064544,0.165331938757295,0.103044967569857,0.22999074949626,0.0830883409722112,0.332460605315442,0.034923398338925,0.0360979266737646,0.00139642467577771,1.24956129078746,0.142880243486949,0.103696626821687,0.0372471623302636,0.0871143839116042
5,0.835398376285553,0.885806938637339,9.1383567988277,0.966241986344671,0.966241986344671,21.5223263024183,0.0361002550041293,0.0857163602158895,0.483841656813202,0.173448596908852,0.107072503717949,0.229406684119004,0.082464819657102,0.337149527911916,0.035094514374327,0.0361002550041293,0.00153026501882016,1.24952149120243,0.142882450812177,0.103542955442337,0.0372082443420281,0.0871217701763949
5.1,0.847593510262602,0.896129429092371,9.26592896753971,0.966266173682053,0.966266173682053,21.5235982900752,0.0361026529045741,0.0857165555329327,0.474306997131429,0.182233971241862,0.111452022391638,0.228682660838538,0.0819105685463493,0.341891489919699,0.0352918093549805,0.0361026529045741,0.00166667731780658,1.2494796870818,0.142884741007165,0.103403249777921,0.0371722847174479,0.0871280951350872
5.2,0.858533996674184,0.905194939031747,9.37977676795906,0.966288990288399,0.966288990288399,21.5247441316072,0.0361051145553788,0.0857167560569531,0.464855408061521,0.191723991030141,0.116202910802434,0.227815201238437,0.0814243317248729,0.346688342111094,0.0355152893918486,0.0361051145553788,0.00180512073421895,1.24943588060847,0.142887108360747,0.103275663715999,0.0371390830560187,0.0871335240928908
5.3,0.868314390949074,0.913121362715349,9.48102544742815,0.966309894865418,0.966309894865418,21.5257781641513,0.0361076166891178,0.0857169598845009,0.455491474862595,0.20195180862007,0.12135258954975,0.226795906180979,0.081007283353266,0.351543712759188,0.0357654238704027,0.0361076166891178,0.00194418598238954,1.249390373836,0.142889547161757,0.103158351144131,0.037108438957236,0.0871382223550157
5.4,0.877043327330965,0.920039819750126,9.57096063574919,0.966328240598453,0.966328240598453,21.5267147793768,0.0361101351054667,0.0857171650353917,0.446219507764211,0.212949808371245,0.126929004414848,0.225615952865081,0.0806607974071769,0.356461370991592,0.0360427257003846,0.0361101351054667,0.00208242606241091,1.24934348748833,0.14289205169903,0.103049465949877,0.0370801520205957,0.0871423552266718
5.5,0.884705791082396,0.925965276451726,9.64945938338954,0.96634430738375,0.96634430738375,21.5275678900174,0.0361126537974041,0.0857173702033719,0.437046232477961,0.224757119584794,0.132955488702639,0.224270239366937,0.0803844929611381,0.361443848863193,0.036347325534103,0.0361126537974041,0.00221872520447886,1.24929537831424,0.1428946162614,0.102947162020796,0.0370540218455935,0.0871460880130688
5.6,0.891421447852127,0.931012223097366,9.71783082077032,0.966358805925118,0.966358805925118,21.5283393714213,0.0361151557331728,0.0857175739927819,0.427974408997886,0.237332448643553,0.139451190893988,0.222742639694743,0.0801824923100557,0.366497458379098,0.036680446026226,0.0361151557331728,0.00235228467299247,1.24924634127844,0.142897117396855,0.102858924429334,0.037030321234561,0.0871487238763852
5.7,0.897250458678236,0.935258366150259,9.77677856231487,0.966371873063454,0.966371873063454,21.5290397617721,0.0361176222301235,0.0857177748757938,0.419008904894595,0.250689494608829,0.146439560711345,0.221023754954752,0.0800562379492467,0.371626193707131,0.0370426474390095,0.0361176222301235,0.00248198515826596,1.24919662103434,0.142899577334724,0.102780692725922,0.03700873749358,0.0871506327127106
5.8,0.902244407991957,0.938774160079908,9.82691524480413,0.966383567257447,0.966383567257447,21.5296802062615,0.0361200351344336,0.0857179713682139,0.410154680279219,0.264846865971581,0.153943339274022,0.219105134951582,0.0800071111624024,0.3768340891913,0.0374344811489801,0.0361200351344336,0.00260672330424506,1.24914645064346,0.142902007840347,0.102709235752039,0.0369889999837205,0.0871521077968366
5.9,0.906470159501915,0.941592767706075,9.86892025565968,0.966394198103228,0.966394198103228,21.5302542498457,0.0361223950919191,0.0857181635220146,0.401411091929186,0.279736751660161,0.161952324464673,0.21697610123284,0.0800449708404161,0.382134743321412,0.0378587436765487,0.0361223950919191,0.00272696771001745,1.24909597206923,0.142904394647155,0.102643385427166,0.0369709426888177,0.0871532517880709
6,0.909989517248167,0.943804581827988,9.90353608538834,0.966403892370835,0.966403892370835,21.5307760310291,0.036124678876895,0.0857183494378944,0.392784213298629,0.295389386116647,0.170497797732622,0.214627194242886,0.0801693883483074,0.387529974611459,0.0383154954089826,0.036124678876895,0.00284123593817525,1.24904545732834,0.142906723488577,0.102581973670781,0.0369543995927067,0.0871541673457211
6.1,0.912865988548354,0.945480729449123,9.93148398158957,0.966412838376545,0.966412838376545,21.5312527557421,0.0361268712997347,0.0857185278734252,0.384277856751902,0.311801997920472,0.179597075575085,0.212048544098901,0.0803833982250143,0.393025567164974,0.0388057178204128,0.0361268712997347,0.00294870234467265,1.24899513465658,0.142908980098046,0.102523832402368,0.0369392046792224,0.0871549571290949
6.2,0.915136261094642,0.946641984399463,9.95313153604142,0.966420935614513,0.966420935614513,21.5316846646304,0.0361289738865132,0.0857186989554403,0.37589345197654,0.328842890429854,0.189224935345544,0.209229756042144,0.0806979442314613,0.39863747226164,0.0393325276466012,0.0361289738865132,0.00304973194446901,1.24894509138654,0.14291115299363,0.102468752701351,0.0369252391814442,0.0871556382420387
6.3,0.916843804350629,0.947321853114587,9.96893576805511,0.966428156612187,0.966428156612187,21.5320737596238,0.0361309839364728,0.085718862464533,0.367633031158036,0.346412967808084,0.199366911100628,0.20616056803715,0.081121970155241,0.404379070247972,0.039898501688241,0.0361309839364728,0.00314438867534294,1.2488954504804,0.142913252765808,0.102424128416232,0.0369127588529817,0.0871555496341261
6.4,0.918054818353617,0.947596518111535,9.97965343266044,0.966434718683903,0.966434718683903,21.5324279459743,0.0361328845817123,0.0857190170208001,0.359500645884098,0.364522402867471,0.210044590313997,0.202831162899215,0.0816577164407743,0.410255124431922,0.0405044070368655,0.0361328845817123,0.00323172734978538,1.24884645432081,0.142915249867985,0.102383528311532,0.0369013384090312,0.0871552634292754
6.5,0.918812158879766,0.947505267065492,9.98575678250955,0.966440691070273,0.966440691070273,21.5327511728115,0.0361346691842303,0.0857191620823967,0.351498781472244,0.383115781804315,0.221249981485635,0.199234548381637,0.0823134187277356,0.416279360679697,0.0411526704121926,0.0361346691842303,0.00331151039308557,1.24879825510927,0.142917131621591,0.102346331287655,0.0368908387782929,0.0871548334970118
6.6,0.919076689967615,0.94698115967647,9.98679739588179,0.966445971005296,0.966445971005296,21.5330405908653,0.0361363524840669,0.0857192988592042,0.343626132227868,0.40206442586857,0.232896293485249,0.195384709941675,0.0831153742127696,0.422497364181293,0.0418508774352947,0.0361363524840669,0.0033848780536066,1.24875079766804,0.142918885348054,0.102311916245005,0.0368811208894667,0.0871543137068603
6.7,0.91892537878338,0.946107678120237,9.98363055771468,0.966450699290267,0.966450699290267,21.5333029776339,0.0361379189492182,0.0857194260805995,0.335886760660251,0.421343402000506,0.245008318176153,0.191265927884432,0.0840643043050596,0.42890960622566,0.042599308545039,0.0361379189492182,0.00345101953472948,1.24870432047555,0.142920498368804,0.102279662083987,0.0368720456712526,0.087153757928346
6.8,0.918394837118377,0.944916020404821,9.97665840778072,0.966454932066834,0.966454932066834,21.5335417645225,0.0361393635697026,0.0857195433381387,0.32828286338682,0.440891716990157,0.257572063164684,0.186872807495702,0.0851698201010182,0.43553223888853,0.04340078333124,0.0361393635697026,0.00350980218824756,1.24865895994057,0.142921958005271,0.102248947705005,0.0368634740523506,0.0871532200309938
6.9,0.917477797761637,0.943393423555603,9.96570785486197,0.966458684569337,0.966458684569337,21.5337567515871,0.0361406923478383,0.085719651125413,0.320813942131591,0.460674351307189,0.27052515587517,0.182232149031519,0.0864612496406729,0.442421964015427,0.0442643498161979,0.0361406923478383,0.00356169689491965,1.24861472827212,0.142923306093934,0.102221419243134,0.0368556337898329,0.0871525387111315
7,0.916193466429771,0.941553646985651,9.95095285410797,0.966461996712171,0.966461996712171,21.5339499297367,0.0361419046420407,0.0857197493918007,0.31348112449233,0.480640615070895,0.283834412295667,0.177351328990056,0.0879560254059659,0.449611019105304,0.0451952983059129,0.0361419046420407,0.00360681041650088,1.24857171261096,0.14292458258405,0.102198644345452,0.0368487399417665,0.087151560114035
7.1,0.914578768470989,0.939428202845716,9.93279965585969,0.966464924929307,0.966464924929307,21.5341247563262,0.0361429953636349,0.0857198377224119,0.306286626344022,0.500729329464847,0.297486185754589,0.172224722593652,0.0896636175971336,0.457115266467508,0.046196403882169,0.0361429953636349,0.00364500579200035,1.24853005025342,0.142925728320261,0.102178068982195,0.0368423406974446,0.0871505215550675
7.2,0.912649879968938,0.937029570588149,9.91140877471791,0.966467499200449,0.966467499200449,21.5342829146774,0.0361439648515981,0.0857199161470011,0.299231310305116,0.520905831557166,0.311448680290267,0.16686758115819,0.0916065327823843,0.464978550745645,0.0472749894190437,0.0361439648515981,0.00367642215331803,1.24848981114134,0.142926738099543,0.102159382955435,0.0368363472880584,0.087149447397454
7.3,0.91039591199075,0.93434863343269,9.88666853859444,0.966469701916288,0.966469701916288,21.5344236694715,0.0361448209298371,0.0857199853086028,0.292314128637116,0.541196234399361,0.325675126428741,0.161332785675126,0.0938311131909359,0.473297421428091,0.0484472584233796,0.0361448209298371,0.0037015416509581,1.24845096149354,0.142927606718872,0.102142276067246,0.0368306709447994,0.08714836200442
7.4,0.907849849124219,0.931411282992933,9.85890850137693,0.966471592611289,0.966471592611289,21.5345502061071,0.0361455592888755,0.0857200448560988,0.285537130369817,0.56152813063888,0.340143027384027,0.155612217862261,0.0963450624513141,0.482082991251511,0.0497150185258918,0.0361455592888755,0.00372029038795985,1.24841363566819,0.142928328975225,0.102126438119697,0.0368252228988591,0.0871472897391906
7.5,0.905028805811769,0.928230747474306,9.82829861452605,0.966473202915092,0.966473202915092,21.5346642917617,0.0361461800081839,0.0857200947979805,0.27890124435478,0.581864750207591,0.354821106334236,0.149719824394251,0.0991700607364532,0.491377277554005,0.0510852847043108,0.0361461800081839,0.00373279560358249,1.24837790720327,0.142928899665579,0.102111558914862,0.0368199143814289,0.0871462549649912
7.6,0.901912165598228,0.92478620901904,9.79466080003727,0.966474500132198,0.966474500132198,21.5347650253596,0.0361466908018758,0.085720135767996,0.272404115065012,0.60226832472177,0.369699410251462,0.143713665497397,0.102361213026801,0.501324096341897,0.0525848146052682,0.0361466908018758,0.00373947385737882,1.24834371905603,0.142929396439414,0.102099257909609,0.0368152706160676,0.0871450889016666
7.7,0.898516078033061,0.921090025171946,9.75815610920718,0.966475514247258,0.966475514247258,21.5348541058429,0.0361470919446626,0.0857201677906264,0.266046587360598,0.622704615885233,0.384747207627604,0.137608815963046,0.105941054268525,0.511968068252553,0.0542211280861394,0.0361470919446626,0.00374045978740139,1.24831114142512,0.142929795701752,0.102088796552977,0.0368110665373127,0.0871438587872364
7.8,0.894857344423469,0.917155141584309,9.71895160513992,0.966476276356068,0.966476276356068,21.5349332782449,0.0361473835793761,0.0857201908795525,0.259829562835474,0.643137675261893,0.399933398610614,0.13141958857182,0.1099315420328,0.523352055468769,0.0560014039724674,0.0361473835793761,0.0037358830340284,1.24828024676479,0.142930079205147,0.102079560839232,0.0368071167084568,0.0871426193937156
7.9,0.890946317633085,0.912988685224814,9.67715487055329,0.966476806560858,0.966476806560858,21.5350038315777,0.0361475671536557,0.0857202051553151,0.253753381762985,0.663548474415336,0.415230527716613,0.125167835382932,0.11436034639696,0.535536318194833,0.0579361952339157,0.0361475671536557,0.00372592268426415,1.24825108521226,0.142930247834123,0.102071382350932,0.0368033774734945,0.0871413808932096
8,0.886747552517689,0.908553848272177,9.63238434166191,0.96647705346601,0.96647705346601,21.5350643739686,0.0361476497325226,0.0857202111976036,0.247814836293109,0.683972325991526,0.430653629728344,0.118916605037083,0.119306142227028,0.548716167793817,0.0600752951387018,0.0361476497325226,0.00371089702439651,1.24822358246783,0.142930302473206,0.102064092670637,0.0367998051764203,0.0871401534578236
8.1,0.882273617784098,0.903859883390271,9.5847712675393,0.966477040633031,0.966477040633031,21.5351163241391,0.0361476324918306,0.085720209104744,0.242014438367902,0.704387572371632,0.446173193357053,0.112685756380927,0.124794131837685,0.562945330295187,0.0624273580946908,0.0361476324918306,0.0036909784065564,1.24819779468932,0.142930244006922,0.102057523380906,0.0367963561612289,0.0871389472596632
8.2,0.877533284170416,0.898912399788472,9.53440633298114,0.966476785694208,0.966476785694208,21.5351608784881,0.0361475170732758,0.0857201990131388,0.236352405688202,0.724777062371502,0.461763230976064,0.106498564639583,0.13085374730383,0.578288731343849,0.0650042926562333,0.0361475170732758,0.00366635072648875,1.24817376771519,0.142930080664669,0.102051788414399,0.0367930492324078,0.087137750375388
8.3,0.872529122591018,0.893711059082227,9.4813140054466,0.966476296602932,0.966476296602932,21.5351988704947,0.0361473058789971,0.0857201811213468,0.23082847563397,0.745131001134203,0.477403507002847,0.100383881951999,0.137521325382772,0.594829578894748,0.067823319463192,0.0361473058789971,0.0036372167237935,1.24815153053846,0.142929876112742,0.102049132797618,0.0367903746275044,0.0871363841118631
8.4,0.867249531427226,0.888250570771601,9.42531798688457,0.966475521146064,0.966475521146064,21.5352288139802,0.0361470032727525,0.0857201557865792,0.225438758202719,0.765437210196074,0.493110348371074,0.0943743141129324,0.144819666660732,0.612778666958714,0.0709620946402334,0.0361470032727525,0.00360370482607608,1.24813102334551,0.14292957888966,0.102047375838597,0.0367878435422433,0.0871350161127246
8.5,0.861698734124942,0.882531173893649,9.36646615421347,0.966474474292473,0.966474474292473,21.5352518128982,0.0361466114279544,0.085720123188896,0.220183413730828,0.785686172631112,0.508859256272268,0.0884982755813104,0.152786686226101,0.632204326829,0.0744307919892627,0.0361466114279544,0.0035660264377893,1.24811228548431,0.142929191199784,0.10204639985675,0.0367854235444473,0.0871336525796403
8.6,0.855878467064142,0.876552238463819,9.30477115303088,0.966473160452709,0.966473160452709,21.535268564137,0.0361461328622497,0.0857200835361982,0.215061966003735,0.805867953226259,0.524632148068429,0.0827848395260744,0.161457923773278,0.653197279228521,0.0782501908288047,0.0361461328622497,0.00352437992275108,1.24809534071859,0.142928715247476,0.102046087171492,0.0367830822019392,0.087132299714278
8.7,0.849789013736357,0.87031262683452,9.24022504758243,0.966471577869387,0.966471577869387,21.5352795267869,0.0361455702943792,0.0857200370526508,0.210073566948011,0.825972372414495,0.540414689305256,0.0772634639198661,0.17086753134447,0.675861324285691,0.0824472659836776,0.0361455702943792,0.00347895602673123,1.24808020370813,0.142928153237096,0.102046320102237,0.0367807870825418,0.0871309637183055
8.8,0.843430401839767,0.863817943701176,9.1728681676236,0.966469661001005,0.966469661001005,21.5352833054611,0.0361449274510496,0.0857199840427527,0.205214530065967,0.845939596567103,0.556204302826377,0.0719213899885188,0.180868261675631,0.700264434115606,0.0871202894942979,0.0361449274510496,0.00342986026498956,1.24806681012955,0.142927507373007,0.102046980968401,0.0367785057540777,0.0871296507933907
8.9,0.83680296084065,0.857065839588237,9.1026839024492,0.966467419554348,0.966467419554348,21.5352806925621,0.0361442068698363,0.0857199247162302,0.200484517445385,0.865768370637797,0.571984540991872,0.0667956634874135,0.191526870423145,0.7265168483571,0.0922834216551666,0.0361442068698363,0.00337729870211228,1.24805518883858,0.142926779859569,0.102047952089397,0.0367762057843698,0.0871283671412014
9,0.829906953376082,0.850055726541389,9.02966825132064,0.966464846571808,0.966464846571808,21.5352719959875,0.0361434113516583,0.085719859303798,0.195882449600294,0.885444466837182,0.587742027902591,0.061912300520129,0.202862720411493,0.754719446133535,0.0979694500478676,0.0361434113516583,0.0033214551351515,1.24804534805561,0.142925972901145,0.102049115784641,0.0367738547412408,0.0871271189634055
9.1,0.822742623659159,0.842787502235764,8.95382068990998,0.966461930501607,0.966461930501607,21.5352573900626,0.036142543770035,0.0857197880419568,0.191407042602087,0.904950080952274,0.603464234500029,0.0572942764527061,0.214882108852058,0.784970525990819,0.10421629756488,0.036142543770035,0.00326250722227772,1.24803729031216,0.142925088702095,0.102050354373547,0.0367714201925134,0.0871259124616708
9.2,0.815296481798907,0.835245819454235,8.87504728971065,0.966458592865327,0.966458592865327,21.5352357563849,0.036141608091253,0.085719711254955,0.187055342503375,0.924219880406485,0.6191289307541,0.0529051744894609,0.227308342930134,0.817077752891239,0.111094449403727,0.036141608091253,0.00320061914724004,1.2480309528545,0.142924129466782,0.102051550175531,0.0367688697060105,0.0871247538376651
9.3,0.807569816347126,0.82743173509069,8.79335462883099,0.966454827200281,0.966454827200281,21.5352073675785,0.036140607105738,0.0857196291726209,0.182826192363466,0.943239675034707,0.634724325266363,0.0487724861653025,0.240169238365757,0.851161525104036,0.118639352425302,0.036140607105738,0.00313596959280145,1.2480263431784,0.142923097399566,0.102052585510006,0.0367661708495547,0.0871236492930564
9.4,0.799560444369581,0.819342452680231,8.7087256761726,0.966450610127141,0.966450610127141,21.5351721695125,0.0361395438801278,0.0857195420469625,0.178718013121164,0.961983261216149,0.650236174582736,0.0449086908192898,0.253421081209526,0.887268779213424,0.126894684066496,0.0361395438801278,0.00306873383587728,1.2480234522779,0.142921994704809,0.102053342696387,0.0367632911909688,0.0871226050295123
9.5,0.791261933636598,0.810971339507809,8.62105517778554,0.966445874159497,0.966445874159497,21.5351293206192,0.0361384221773202,0.0857194501858432,0.174728435759555,0.980407769742519,0.665636173623035,0.0412876396576292,0.266854850385072,0.92501723856108,0.135878752809792,0.0361384221773202,0.00299909860630052,1.24802223174044,0.142920860734826,0.102057820633951,0.0367601446023556,0.0871213716588458
9.6,0.782670808027369,0.802314340266474,8.53030540910969,0.966440584922899,0.966440584922899,21.5350785673307,0.0361372452386833,0.0857193538552908,0.170855669163233,0.998482128573231,0.680906947152898,0.0379121576922336,0.280384591404641,0.964358421925104,0.145631193155089,0.0361372452386833,0.00292724104554358,1.2480226625604,0.142919683670356,0.102064347603243,0.0367567189220629,0.0871200518697558
9.7,0.773783910234463,0.793367677620153,8.43644592856192,0.96643471161399,0.96643471161399,21.5350197194946,0.0361360162493386,0.0857192533168211,0.167097984542891,1.01617653798041,0.696032298710869,0.0347881947309047,0.293937622388641,1.00527984758666,0.156193939591878,0.0361360162493386,0.00285333726098381,1.24802472890368,0.142918455254372,0.102071646636704,0.0367529968393861,0.0871187238416197
9.8,0.764606492591879,0.784139186264096,8.33951341187701,0.9664281733845,0.9664281733845,21.5349518647234,0.0361347390444224,0.0857191488840296,0.163453367897903,1.03344854039158,0.710983959557784,0.0318975051768165,0.307400293471762,1.04730102462013,0.167541045554943,0.0361347390444224,0.00277758589765828,1.24802838261992,0.14291717858882,0.102079699520312,0.0367489446247288,0.0871173876004339
9.9,0.755140070157873,0.774631659416795,8.23951123350016,0.966420907617149,0.966420907617149,21.5348743450258,0.0361334172295064,0.0857190408521228,0.15991987835423,1.0502600187987,0.725737826146072,0.0292296324825825,0.320666291467617,1.09011004561001,0.179673158089011,0.0361334172295064,0.00270017696936568,1.24803358669676,0.142915856775647,0.102088488040044,0.036744528548495,0.087116043172195
10,0.745381216769624,0.764841224732597,8.13639873873731,0.96641287579866,0.96641287579866,21.5347868387591,0.0361320541066451,0.0857189294919946,0.156495671721795,1.06657859504995,0.740275301916114,0.0267844183549245,0.333639003344441,1.13361789501468,0.192626084851788,0.0361320541066451,0.00262128907815453,1.24804031884796,0.142914492916799,0.102097993981877,0.0367397148810884,0.0871146905828994
10.1,0.735334865609055,0.75477408959201,8.03024426198849,0.966403979254019,0.966403979254019,21.5346882366699,0.0361306537070672,0.0857188151329469,0.153178672798484,1.08237157383832,0.754569801215771,0.02454717939832,0.346271065047436,1.17731924808155,0.20634602884952,0.0361306537070672,0.00254113320145469,1.24804852597332,0.142913090114222,0.102108199131789,0.0367344698929128,0.0871133298585437
10.2,0.72500679752387,0.744437424880088,7.92112887930522,0.966394112258278,0.966394112258278,21.5345773389327,0.0361292201465059,0.0857186981110503,0.14996677965354,1.09760668765759,0.768593993282127,0.0225019012078688,0.358523322254102,1.22066464355843,0.220768631650712,0.0361292201465059,0.00245992423975778,1.24805815155898,0.142911651469862,0.102119085275756,0.0367287598543721,0.0871119610251243
10.3,0.714395844947106,0.7338305035234,7.80902922194458,0.966383226875608,0.966383226875608,21.5344536881516,0.0361277568480001,0.0857185787068902,0.146858109453972,1.11224816226873,0.782326655111686,0.0206434798168603,0.370289324514464,1.26346641219776,0.235916108153548,0.0361277568480001,0.00237784493576354,1.24806916707314,0.142910180085665,0.102130634199756,0.03672255103587,0.0871105841086378
10.4,0.7035060893238,0.722957884294098,7.6939939615905,0.966371206505312,0.966371206505312,21.5343159465425,0.0361262678977254,0.0857184572539275,0.143850689215077,1.12626205388435,0.795742076858636,0.0189591895014565,0.38155028804925,1.30522363499117,0.251722350925353,0.0361262678977254,0.00229510866684666,1.24808151577042,0.142908679063578,0.102142827689766,0.0367158097078104,0.0871091991350806
10.5,0.692344089588887,0.71182620637625,7.57610159421238,0.966357886904734,0.966357886904734,21.534162166162,0.0361247577800365,0.0857183341172564,0.140942549301655,1.13961478406852,0.808812508349144,0.0174330849246636,0.392351239014133,1.34526321341883,0.268065603479618,0.0361247577800365,0.00221194713237271,1.24809512327946,0.142907151505546,0.102155647531763,0.0367085021405971,0.0871078061304492
10.6,0.680911035854753,0.700437600615707,7.45536598532589,0.966343207073306,0.966343207073306,21.5339917213069,0.0361232301164175,0.0857182095934211,0.138131712819998,1.15227198265361,0.821514620884142,0.0160561977836667,0.40259892481032,1.38328516904654,0.284944703119157,0.0361232301164175,0.00212855232719923,1.24810995342509,0.142905600513516,0.102169075511725,0.0367005946046339,0.0871064051207401
10.7,0.669210172811893,0.688795383896624,7.33182346808144,0.966327025339008,0.966327025339008,21.5338029506448,0.0361216889404407,0.0857180840111943,0.135416290328293,1.16419976219287,0.833822717368823,0.0148169590028324,0.412289419392518,1.41878782371383,0.30228540681985,0.0361216889404407,0.00204513259162954,1.24812594610055,0.142904040576934,0.102185975626165,0.0366915270389646,0.0871048299941223
10.8,0.65724483223028,0.67690149721838,7.20550533599953,0.966309087748269,0.966309087748269,21.5335927482359,0.0361201385196915,0.0857179577165709,0.132794620031323,1.17536473105027,0.845709211552873,0.013703872416594,0.421518874772262,1.45110514556847,0.319939149912603,0.0361201385196915,0.00196190000295313,1.24814301555077,0.142902487039494,0.102209428084589,0.0366806998991607,0.0871029021757066
10.9,0.645018199048781,0.664760201560689,7.0764513802906,0.966289329673682,0.966289329673682,21.5333604439991,0.0361185827271685,0.0857178310265061,0.130264656282237,1.1857326615669,0.857149702629776,0.012705318920369,0.430214694002246,1.47984823158394,0.337882686910237,0.0361185827271685,0.00187906033725274,1.2481611192682,0.142900927103547,0.102235390437613,0.0366688143364562,0.0871008536584858
11,0.632533511882896,0.65237490979459,6.94469828568854,0.966267617276406,0.966267617276406,21.5331044773833,0.0361170255801186,0.0857177042685714,0.127824493757744,1.19526963170641,0.868118625299299,0.0118097243520448,0.438365969216567,1.50452686952975,0.356046959745347,0.0361170255801186,0.00179682167412552,1.24818019893541,0.142899364433454,0.102263986819577,0.0366558106264825,0.0870986762631406
11.1,0.619803749223812,0.639759937116473,6.81036090987313,0.966243569455405,0.966243569455405,21.5328203421222,0.0361154705874463,0.0857175777257652,0.125472714123085,1.20395355473554,0.878590314699432,0.0110115428744889,0.446059223830013,1.52465542002562,0.374304259423407,0.0361154705874463,0.00171534695335696,1.24820016966005,0.142897802693572,0.102295341364819,0.036641629044871,0.0870963618103518
11.2,0.606833031917524,0.626919683921675,6.67348301842395,0.966217029975018,0.966217029975018,21.5325062108441,0.0361139217203531,0.0857174517216215,0.12320745616602,1.21175158065064,0.888539196511715,0.0102997463666574,0.453292375227614,1.53974408504634,0.392580215320864,0.0361139217203531,0.00163484016581458,1.24822097071758,0.142896245548261,0.10232957820768,0.0366262098672532,0.0870939021208
11.3,0.593625336790994,0.613858389397891,6.53410722101338,0.966187846255737,0.966187846255738,21.5321602997342,0.036112382957557,0.0857173265803333,0.121026851473431,1.21863068444489,0.897939697889861,0.00966321756945428,0.460061900123132,1.5493029989501,0.410801324058289,0.036112382957557,0.00155550596982738,1.24824254177636,0.14289469666188,0.102366821482497,0.0366094933692603,0.0870912890151659
11.4,0.580193230812212,0.600590183937737,6.39236156160342,0.966155722397664,0.966155722397664,21.5317791714905,0.0361108578266866,0.0857172025879005,0.118929312477701,1.22456430505435,0.906767229203983,0.00909471378331226,0.466393135514514,1.55295264665961,0.428881543572271,0.0361108578266866,0.00147751628792601,1.24826481416004,0.142893159698787,0.10240719532361,0.0365914198265238,0.0870885143141303
11.5,0.566561311107755,0.587143126373994,6.24849828627366,0.966120182435126,0.966120182435126,21.5313573340612,0.036109349222876,0.0857170799771441,0.116913603861765,1.22953383612525,0.914998873623769,0.00859202011981116,0.472336072039674,1.55049742224939,0.446728096770504,0.036109349222876,0.00140099915185992,1.24828771167482,0.142891638323342,0.102450823865357,0.0365719295146751,0.0870855698383738
11.6,0.552733743137639,0.573521619887429,6.10255869988996,0.96608105622085,0.96608105622085,21.5308927851208,0.0361078611154692,0.0857169590712026,0.114977892056608,1.23350716125866,0.922608873285443,0.0081443826043531,0.477898829321464,1.5414293739142,0.464259645135136,0.0361078611154692,0.00132615713618695,1.24831117089427,0.142890136199903,0.10249783124208,0.0365509627093457,0.0870824474085772
11.7,0.538713271115543,0.559726090390132,5.95461093355726,0.966037921970865,0.966037921970865,21.5303803969137,0.036106396333785,0.0857168400984019,0.11312075223282,1.23647496070387,0.929576687623219,0.0077473386236996,0.483105576376862,1.52566879650409,0.481392984374744,0.036106396333785,0.00125311818400685,1.24833512517638,0.14288865699283,0.102548341588115,0.0365284596861668,0.0870791388454213
11.8,0.524497994633917,0.545750324530314,5.80469762228336,0.965990279745518,0.965990279745518,21.5298140124103,0.0361049572940179,0.0857167232528948,0.11134086725753,1.23843768769379,0.935884060334317,0.00739821019012437,0.48798122453592,1.50330846881234,0.498046070314329,0.0361049572940179,0.00118198399375111,1.24835950856089,0.142887204366481,0.102602479037803,0.0365043607207699,0.0870756359695866
11.9,0.510099448806528,0.531607314391266,5.65293515377613,0.965937855686522,0.965937855686522,21.529190451967,0.0361035476074103,0.0857166088276865,0.109636608463506,1.23936752509794,0.941506127415815,0.00708915691988355,0.492548537835588,1.47394222438264,0.514133502903738,0.0361035476074103,0.00111293218194714,1.2483842531154,0.142885781570109,0.102660605855164,0.0364785205010974,0.0870719175937116
12,0.49552907689348,0.517309287554663,5.49939084181267,0.965880032201652,0.965880032201652,21.5285022755424,0.0361021691146518,0.085716496970128,0.108006828946878,1.23926751881933,0.946429919845387,0.0068176607339475,0.496825047110297,1.43801468958689,0.529567028916958,0.0361021691146518,0.00104603076650409,1.24840930082231,0.14288436317052,0.102739538284508,0.0364448798863776,0.0870670637173608
12.1,0.48079766537876,0.502867614910415,5.34413469529371,0.965816225035371,0.965816225035371,21.5277424475643,0.0361008238266283,0.0857163878415447,0.106450334815068,1.23813811826401,0.950641254462671,0.00658077008334452,0.500829068912328,1.39588495944055,0.544258932262571,0.0361008238266283,0.000981358203888768,1.24843459247601,0.142882975381618,0.102826464682876,0.0364080284814545,0.0870617727893713
12.2,0.465911948745984,0.488288381962324,5.18725335076765,0.965746055603873,0.965746055603873,21.5269064278457,0.0360995148042582,0.0857162816894762,0.104965642277212,1.23596375367062,0.954118457445478,0.00637285911300589,0.504583767304311,1.34738444063332,0.558124810717522,0.0360995148042582,0.000919057351569607,1.24846006154162,0.142881621347336,0.10292180773151,0.0363677992593367,0.0870560203220381
12.3,0.45099974328175,0.473726836584481,5.02990921781059,0.965668600749822,0.965668600749822,21.5259832671729,0.0360982430634062,0.0857161785938546,0.103552522576537,1.23270367252986,0.956850615599925,0.00619320510763196,0.508102485572574,1.29367415850934,0.571059688049998,0.0360982430634062,0.000859151130590625,1.2484856581404,0.142880304211608,0.103025990111651,0.0363240251930326,0.0870497818276559
12.4,0.436120405808695,0.45925396665274,4.87264281433302,0.965583196594928,0.965583196594928,21.524965048342,0.0360970105215915,0.0857160787084689,0.102210101664294,1.22833573442537,0.958822581283187,0.00603896425033623,0.511402947509594,1.23528870931371,0.582969539549501,0.0360970105215915,0.000801714610008983,1.24851132473282,0.14287902711837,0.103139434504539,0.0362765392555507,0.0870430328185198
12.5,0.42129894269982,0.444898481464381,4.71568261580302,0.965489309357621,0.965489309357621,21.5238453755004,0.0360958195487507,0.0857159822241666,0.100937181707876,1.22284713780676,0.960017082161173,0.00590622843320476,0.514505074885267,1.17244837013134,0.593765835577505,0.0360958195487507,0.000746849024843353,1.24853699993542,0.142877793211555,0.103262563591417,0.0362251744198995,0.0870357488069245
12.6,0.406423882119343,0.430500033333621,4.5586071077076,0.965385584882608,0.965385584882608,21.5226080674112,0.0360946697735319,0.0857158891080155,0.0997339386279987,1.21623134509551,0.960422270149459,0.00579545292138701,0.517419514774158,1.10691181360231,0.603333451255422,0.0360946697735319,0.000694495481273686,1.24856265097657,0.142876605635097,0.103395800053526,0.0361697636590875,0.0870279053051649
12.7,0.391526632715965,0.416092913686894,4.40176721542856,0.965271319370046,0.965271319370046,21.5212447191057,0.0360935629867905,0.0857157995035125,0.0985995249172554,1.20847045234055,0.960022780392095,0.0057038645484225,0.520163816344218,1.0392617259642,0.611577553810508,0.0360935629867905,0.00064472154996848,1.24858822197292,0.142875467532932,0.103539566572106,0.036110139946123,0.087019477825536
12.8,0.376626200080717,0.40169451093026,4.24544211573077,0.965145741184784,0.965145741184784,21.5197461132581,0.0360925007569063,0.0857157135360078,0.0975331941313122,1.19954822142864,0.958803671206602,0.0056290095772696,0.522754833974952,0.970195874929979,0.618401731417942,0.0360925007569063,0.00059758179060917,1.24861365946234,0.142874382048993,0.1036942858284,0.0360461362540147,0.0870104418803327
12.9,0.361818296467242,0.387425777281821,4.08969654179103,0.965006903024625,0.965006903024625,21.5180888071549,0.0360914811527176,0.0857156310461429,0.0965352880768629,1.18953331454469,0.956763909726965,0.005571950696512,0.52520031275342,0.901522254388775,0.623744913296607,0.0360914811527176,0.000552926253127019,1.24863895317635,0.142873352327215,0.103860380503648,0.035977585555771,0.0870007729818497
13,0.347098029629504,0.373271655966468,3.93475467418358,0.964854104314478,0.964854104314478,21.5162644529452,0.0360905059305999,0.0857155521745082,0.0956050383366711,1.17840066185419,0.953887279398577,0.00553015500600565,0.527517464003541,0.833929924362531,0.627504410328175,0.0360905059305999,0.000510820472330952,1.24866404696079,0.142872381511532,0.104038273279092,0.0359043208244004,0.0869904466423821
13.1,0.332497358233261,0.359266075692312,3.78088673018092,0.964686120767374,0.964686120767374,21.5142583582869,0.0360895754227716,0.0857154769459205,0.0947421419044567,1.16616115094084,0.950165017796893,0.00550240235119996,0.529719768316314,0.768396000114531,0.629613818122225,0.0360895754227716,0.000471247563582121,1.24868890290277,0.142871472745878,0.104228386835973,0.0358261750329113,0.0869794383742247
13.2,0.318099645228605,0.345505249840612,3.62918441669023,0.964500511455923,0.964500511455923,21.5120410691133,0.0360886874424351,0.085715405180894,0.0939473709045476,1.15288760141316,0.945612481812144,0.00548927258146553,0.531813593090394,0.705416246902433,0.630209902193561,0.0360886874424351,0.000434050379640963,1.24871351892902,0.142870581796553,0.104449744045537,0.0357350669779189,0.0869668070847615
13.3,0.303925075117036,0.332008840799431,3.47972978857657,0.964296330764949,0.964296330764949,21.5096012742588,0.0360878428987901,0.085715336951041,0.0932201760717273,1.13857671530898,0.940215384484667,0.00548913325090091,0.533814048195275,0.646078033329363,0.629179722033878,0.0360878428987901,0.000399244163052598,1.24873784891757,0.14286971451614,0.104701704189016,0.0356312820974473,0.086952580689928
13.4,0.290011734292842,0.318816364687342,3.33296323194657,0.964071864987597,0.964071864987597,21.506918563439,0.0360870413471822,0.0857152722182629,0.0925605415467333,1.12327045724247,0.933975845875319,0.00550130617678147,0.53573227515555,0.59105588521737,0.626545177793894,0.0360870413471822,0.000366770158020581,1.24876186674503,0.142868893209259,0.104977167571403,0.0355178540529123,0.0869371053996845
13.5,0.276388812743068,0.305949299462335,3.18946836439968,0.963824250409304,0.963824250409304,21.5039594433681,0.0360862808960609,0.0857152108274767,0.0919688934968045,1.10709368213686,0.926923446083684,0.00552609510545118,0.537574755590005,0.540138890433155,0.622546188322458,0.0360862808960609,0.000336494520318293,1.24878556978332,0.142868118647916,0.105277488079196,0.0353942195997214,0.0869203108371542
13.6,0.263094804301489,0.293448435906008,3.0496619835248,0.963551894311681,0.96355189431168,21.5007048569451,0.0360855612570126,0.0857151527532194,0.091445205187195,1.09007623237932,0.91905714728052,0.00556271769812028,0.539353116366152,0.494093402149179,0.617181544782877,0.0360855612570126,0.000308366652093823,1.24880892940206,0.142867391604118,0.105604019598892,0.0352598154932821,0.0869021266254603
13.7,0.250090749049279,0.281252645553532,2.91311513459884,0.963251588010348,0.963251588010348,21.4971145076326,0.0360848806022497,0.0857150978459723,0.0909944495938776,1.07194638439522,0.91038145002839,0.00561166686811573,0.541071832914319,0.452278540634566,0.61073525935183,0.0360848806022497,0.000282262167211598,1.24883194566804,0.142866712849873,0.105958116016991,0.035114078489002,0.0868824823877262
13.8,0.237406161781523,0.269388998282349,2.78021891508673,0.962921261196196,0.962921261196196,21.4931636727277,0.0360842380826446,0.0857150460349705,0.090617139785441,1.05273439337399,0.900904031767783,0.00567255956078226,0.542740547778957,0.415079678277945,0.603294945509085,0.0360842380826446,0.000258101865111132,1.24885459935701,0.142866083157187,0.10634113121999,0.0349564453422883,0.0868613077470751
13.9,0.225055519229837,0.257870656912476,2.6509272642014,0.962557659218093,0.962557659218093,21.4888128094575,0.0360836322106495,0.0857149971982517,0.0903133203250407,1.03264639321657,0.890637434660089,0.00574539954539387,0.544365970702142,0.381951971874357,0.595041433163237,0.0360836322106495,0.000235780139758293,1.24887688564535,0.142865503298067,0.106754419094388,0.0347863528085488,0.0868385323266302
14,0.213052980854534,0.246709880478698,2.525213621466,0.962157606837979,0.962157606837979,21.4840233361598,0.0360830615325672,0.0857149512165617,0.0900831876829806,1.01186516602782,0.87959368197457,0.0058301770253007,0.545954950456342,0.352409708880754,0.586151922612568,0.0360830615325672,0.0002151926696754,1.24889879887752,0.142864974044519,0.107199333526683,0.0346032376431907,0.0868140857495148
14.1,0.20146739424099,0.235989450046118,2.40375578787679,0.961717249489026,0.961717249489025,21.4787480226271,0.0360825245528704,0.0857149079675079,0.0899312674103653,0.990213208026397,0.867786577331534,0.00592698926963163,0.547511501082793,0.326159196428435,0.576746970641948,0.0360825245528704,0.000196238143816163,1.24892033679641,0.142864465523855,0.107696137483158,0.0344006834134634,0.0867869165527029
14.2,0.190341300494574,0.225758009915758,2.28690592648752,0.961233073739,0.961233073739,21.4729439652629,0.0360820198077867,0.0857148673311421,0.08986009164032,0.967675992523176,0.85522897944028,0.00603587991130989,0.549041010322587,0.302838111897885,0.566972040342139,0.0360820198077867,0.000178814339253968,1.24894149527322,0.142863969917841,0.108251485392892,0.0341764861247525,0.0867566793438773
14.3,0.179658338603337,0.21598322412717,2.1749594739279,0.960700239262329,0.960700239262329,21.4665516631002,0.036081545772841,0.0857148291830222,0.0898712618267143,0.944471310209466,0.841946976860852,0.00615718114061835,0.550546531563108,0.282133973421569,0.55689583058982,0.036081545772841,0.000162824930056979,1.24896227591497,0.142863507520836,0.108854685021899,0.0339338113342145,0.0867239287518247
14.4,0.16944506500928,0.20669195297435,2.06822308454904,0.960114736767697,0.960114736767697,21.4595220178246,0.0360811009655255,0.0857147934018349,0.0899672206534944,0.92063800554853,0.827958385716594,0.00629102426669095,0.552032540426519,0.263705529813335,0.546637545175652,0.0360811009655255,0.000148169974724587,1.24898267662302,0.142863077254172,0.109508232201638,0.0336717423152899,0.0866885351505459
14.5,0.1596974389018,0.197871711325871,1.96651643724378,0.959470782644717,0.959470782644717,21.4517838271364,0.0360806838960127,0.0857147598661571,0.090151224934178,0.896232836466964,0.813300115934199,0.00643770816478942,0.553500268421905,0.247327210458819,0.536237658857136,0.0360806838960127,0.000134759749624647,1.24900270115255,0.142862678039181,0.110214622763566,0.033389362341419,0.0866503689140418
14.6,0.150429381547255,0.189533097170898,1.8700287989485,0.958763496840538,0.958763496840538,21.4432770805817,0.0360802930833305,0.0857147284550291,0.0904262948767743,0.871315567136315,0.797997074072101,0.0065974620080134,0.55495248565677,0.232719262613686,0.525780211768054,0.0360802930833305,0.000122499421457917,1.24902235012726,0.142862308797196,0.110976352539142,0.0330857546860424,0.0866093004163132
14.7,0.141656451648104,0.181692381718783,1.77875369782366,0.957986139788116,0.957986139788116,21.433918349035,0.0360799271107015,0.0857146990531104,0.0907981024506335,0.845877516653543,0.782084471839412,0.00677064469488082,0.556388030585615,0.219777567532069,0.515295701025881,0.0360799271107015,0.000111306930220454,1.24904162846383,0.142861968449548,0.111795917359823,0.0327600026226007,0.0865652000313609
14.8,0.133373494990484,0.174337620267141,1.69268571083241,0.957132654232173,0.957132654232172,21.4236318624619,0.0360795845570098,0.0857146715445402,0.0912697501357307,0.82002909093515,0.765597908102596,0.00695761724373588,0.557807798750953,0.208261705321341,0.504837400800659,0.0360795845570098,0.00010109627835108,1.2490605391346,0.14286165591757,0.112675813057068,0.0324111894245342,0.0865179381331857
14.9,0.125547318185918,0.16742430602823,1.61163399901842,0.95619530303551,0.956195303035509,21.4123188398666,0.0360792641138344,0.085714645822914,0.0918441930914837,0.793983018609934,0.748586988619935,0.0071589489888986,0.559210127648791,0.19796807158179,0.494424164857695,0.0360792641138344,9.17949283604654e-05,1.24907908781321,0.142861370122592,0.113618535462335,0.0320383983652835,0.0864673850957885
15,0.118181544458174,0.160952625104169,1.53559281569239,0.955167686509107,0.955167686509107,21.3998998265194,0.036078964374009,0.0857146217735538,0.0925257260809089,0.767785982875301,0.731086933099928,0.00737496802770481,0.560595199176024,0.188708706026591,0.484103315749558,0.036078964374009,8.33188207175259e-05,1.24909727795077,0.142861103411442,0.114636627491866,0.0316407372639288,0.0864131025894975
15.1,0.111254888310451,0.154899632724534,1.46425239720907,0.954039477378102,0.954039477378101,21.386245899071,0.0360786842284219,0.085714599306464,0.0933219453923118,0.741412164762292,0.713153602085344,0.00760605408179951,0.561958329011692,0.180447021628785,0.473875825784842,0.0360786842284219,7.56123936830643e-05,1.24911511630305,0.142860849626272,0.115740346917234,0.0312173083568027,0.0863547224973016
15.2,0.10475914110521,0.149251395513105,1.39754138456323,0.952803742519501,0.9528037425195,21.3712701443482,0.0360784223095677,0.0857145783102796,0.0942368595153461,0.714955273850476,0.69482721247384,0.00785260895049232,0.563298982279949,0.172995582172035,0.463778939836543,0.0360784223095677,6.85960002463629e-05,1.24913260709714,0.142860614105791,0.116922382610011,0.0307671709583459,0.0862924165188693
15.3,0.0986799180554855,0.143994887816229,1.33528153168992,0.951448806272344,0.951448806272343,21.3548210376626,0.0360781776472349,0.0857145587063531,0.0952772645504714,0.688460028627181,0.676156581131064,0.00811509342904135,0.564612751427157,0.166305105039033,0.453811450670726,0.0360781776472349,6.22238372402063e-05,1.24914975691293,0.142860395274946,0.118185988971615,0.0302894101952313,0.0862260317206116
15.4,0.0930046534572366,0.13911457532603,1.27732359573178,0.949965752488207,0.949965752488206,21.3367855168214,0.0360779490347228,0.0857145403965806,0.0964486610973041,0.661982338364666,0.657187466084966,0.00839392080376747,0.56589719981939,0.160256575725247,0.443992730602633,0.0360779490347228,5.64303810640909e-05,1.24916657113448,0.142860191558685,0.119534420403465,0.029783111194132,0.0861554151689393
15.5,0.0877154286233835,0.134591054546817,1.22350333902248,0.948342686932824,0.948342686932824,21.3170079523399,0.0360777355071215,0.0857145233026876,0.0977571964379887,0.635614624157838,0.637968421992967,0.00868960777534372,0.56714870579171,0.15478124267178,0.434328363752789,0.0360777355071215,5.11686635660017e-05,1.24918305572687,0.142860001381953,0.120970931306977,0.0292473590817211,0.0860804139302633
15.6,0.0827942605687856,0.130405157672308,1.17365457946653,0.946567550640696,0.946567550640696,21.2953304325132,0.0360775361138136,0.0857145073475764,0.099209105009278,0.609448004164065,0.618548192704163,0.0090026731992004,0.568363517714828,0.149814843582908,0.424822595690161,0.0360775361138136,4.6392929452982e-05,1.24919921673586,0.142859823169699,0.122498776083571,0.0286812389846718,0.0860008750709945
15.7,0.0782228678391427,0.126536716109117,1.12758369221947,0.944628419439482,0.944628419439482,21.2715959985444,0.0360773498800015,0.0857144924521434,0.100810529674366,0.583564389187452,0.598978026781348,0.00933363531341507,0.569538313282681,0.145283586196324,0.415483360690949,0.0360773498800015,4.2054897587866e-05,1.24921505994405,0.142859655346868,0.124121209134665,0.0280838360296571,0.0859166456575436
15.8,0.0739762180261208,0.122959130413445,1.08504144461331,0.942510236957979,0.942510236957979,21.245601386558,0.0360771760644166,0.0857144785563964,0.10256812970647,0.558077626021889,0.579315939521887,0.00968313210120955,0.57066916719096,0.141153466428956,0.406309410081743,0.0360771760644166,3.81230590776699e-05,1.24923059132847,0.142859496338408,0.125841484861676,0.02745423534335,0.0858275727563215
15.9,0.0700371835946112,0.119654255584125,1.04584891253364,0.940200475556994,0.940200475556994,21.2171787777326,0.0360770137407306,0.0857144655851977,0.104487968776826,0.533055064474336,0.559612225043562,0.010051646706692,0.571753376243463,0.137347691532636,0.397306505217952,0.0360770137407306,3.45525414252511e-05,1.24924581671966,0.142859346783722,0.127654819577247,0.0268012634804575,0.0857342988138289
16,0.0663878270173921,0.116606400126576,1.00978572484541,0.937680720099143,0.937680720099143,21.1860601334212,0.0360768624048338,0.0857144534978897,0.106575933144107,0.508491513240964,0.539924657832866,0.0104395820716986,0.57279212603461,0.133786439929509,0.388469262303724,0.0360768624048338,3.13264093106865e-05,1.24926074172747,0.142859209136548,0.129550894961155,0.0261391616279084,0.0856379417674892
16.1,0.0630080939167724,0.113793430265225,0.976655779730947,0.934938962070998,0.934938962070998,21.1520894870388,0.0360767210946424,0.0857144422164276,0.108838368663274,0.484491527966243,0.520304661117902,0.0108475035124442,0.573781222913345,0.130410678669491,0.37980354338957,0.0360767210946424,2.8397868205768e-05,1.24927537229761,0.142859079802964,0.131542731013751,0.0254521818815203,0.0855372150086822
16.2,0.0598799308576743,0.111197440575298,0.946270952695648,0.931959504343223,0.931959504343223,21.11504844111,0.0360765890886884,0.0857144316824015,0.111280926545833,0.461112671368109,0.500804508164232,0.011275931641208,0.57471927347755,0.127168820902439,0.371309782602753,0.0360765890886884,2.57355229743477e-05,1.2492897141451,0.14285895878297,0.133630327735035,0.0247403242412933,0.0854321185374078
16.3,0.0569913760688405,0.108810352236662,0.918518008083094,0.928719294561877,0.928719294561877,21.0745997372505,0.0360764660833286,0.0857144218714731,0.113906717346927,0.438362314537495,0.481470625494338,0.0117254290118992,0.575609670456036,0.124076297047473,0.362980403617647,0.0360764660833286,2.33338700412493e-05,1.24930377242455,0.142858846076565,0.135813685125008,0.0240035887072272,0.0853226523536661
16.4,0.0543221690678269,0.106610699585088,0.893181688710792,0.925205300440852,0.925205300440852,21.030568042025,0.0360763512057147,0.085714412712888,0.116722312773533,0.416316204928301,0.462357404684856,0.0121965010410854,0.576449286401936,0.121057239484534,0.354818742797988,0.0360763512057147,2.11521335981252e-05,1.24931755305402,0.142858741683749,0.138092803183668,0.0232419752793222,0.085208816457457
16.5,0.0518566441108871,0.104583847941975,0.870106865558676,0.921399866021145,0.921399866021145,20.9826933096449,0.0360762438695224,0.0857144041592471,0.119731979484428,0.395016989631434,0.443512618185366,0.0126897085702072,0.577238111554849,0.118081971713877,0.34682319753522,0.0360762438695224,1.91669393884233e-05,1.24933106151164,0.142858644476381,0.140467351524745,0.0224579842226808,0.0850907213300722
16.6,0.0495865500169514,0.102724771635017,0.849244305434997,0.917280123905192,0.917280123905192,20.9305908210922,0.0360761438811006,0.0857143961951332,0.122935318125438,0.374465483732665,0.424967978936246,0.0132057597969384,0.577979968589831,0.115184747060809,0.338986880561008,0.0360761438811006,1.73778144879034e-05,1.24934430252385,0.14285854820161,0.142935498946449,0.0216654735281948,0.0849689793260711
16.7,0.047493280873309,0.101015025632487,0.830396887412477,0.91283048467663,0.91283048467663,20.8740499684716,0.0360760504984147,0.085714388760465,0.126338445615038,0.354720922376525,0.406777627621137,0.0137451571301128,0.578673328033412,0.112310538307576,0.331310284844558,0.0360760504984147,1.57523033510072e-05,1.24935728186688,0.142858455665196,0.145488937693075,0.02086541210985,0.0848440066978054
16.8,0.0455637911357387,0.0994429390127373,0.813443106011258,0.908032591485735,0.908032591485735,20.8127737903769,0.036075963252899,0.0857143818174232,0.129943588224507,0.33580735531813,0.388981346696872,0.0143085103781666,0.579318970533644,0.109448903152273,0.32379098620921,0.036075963252899,1.42734811872833e-05,1.24937000473362,0.142858367813813,0.148118644551244,0.0200630237343261,0.0847164147054338
16.9,0.0437923675093458,0.0980048247056524,0.798352821932824,0.902866944332455,0.902866944332455,20.746367144956,0.0360758819904518,0.0857143753537617,0.133746981708403,0.317694054458232,0.371594899529381,0.014896564148447,0.579919484119648,0.106640815165936,0.31642501163439,0.0360758819904518,1.29412923030565e-05,1.24938247550458,0.142858285344082,0.150813227773045,0.0192624230558241,0.0845868970030218
17,0.0421627766674844,0.0966855407153662,0.784964807165509,0.897315683365241,0.897315683365241,20.6745757559167,0.0360758061057906,0.085714369320543,0.137753456786258,0.300428884874321,0.354668511160362,0.0155098696439636,0.580474863659105,0.103853478385618,0.309210610321716,0.0360758061057906,1.17314778678245e-05,1.24939469972582,0.142858208154495,0.153571132052315,0.0184641358392391,0.0844555603501828
17.1,0.0406646593847434,0.0954761337773288,0.773188691802856,0.891361733416779,0.891361733416779,20.5970825099948,0.0360757352238538,0.0857143636875412,0.141962941337785,0.284014353611753,0.338231022653309,0.0161490658726408,0.580985764841022,0.101082662957887,0.302145235695784,0.0360757352238538,1.06317333207589e-05,1.24940668229176,0.142858136137304,0.156380653495668,0.0176724868489574,0.0843231791822565
17.2,0.0392947426461209,0.09437473174762,0.763015248675434,0.884992119820363,0.884992119820363,20.5135238291708,0.0360756692070486,0.085714358443809,0.146369256484418,0.268395516835392,0.322281506713692,0.0168148603253601,0.581452180652877,0.0983351846011217,0.295226206630246,0.0360756692070486,9.64128159483475e-06,1.24941842730914,0.142858068898876,0.159239704270793,0.0168881001792158,0.0841898330714501
17.3,0.0380392817908515,0.0933689983579764,0.754315341953283,0.878187808395479,0.878187808395479,20.4236047987061,0.0360756075668629,0.0857143535499101,0.1509752476082,0.253602328735219,0.306863026231038,0.0175078592923289,0.581875083389177,0.0956015364425585,0.288451040831379,0.0360756075668629,8.74231087177342e-06,1.24942994004868,0.142858006096027,0.162137196061727,0.0161149874232667,0.0840562069892486
17.4,0.0368904466690887,0.0924521838402566,0.747030305887035,0.87093741797859,0.87093741797859,20.3270257154128,0.0360755500269172,0.085714348983617,0.155777730027744,0.239613575539743,0.291987008616851,0.0182286783352269,0.582253900330313,0.0928822466754925,0.281817338554089,0.0360755500269172,7.92685682892162e-06,1.24944122500345,0.142857947740625,0.165067828024424,0.0153551365329798,0.083922654806635
17.5,0.0358455089401463,0.0916219310612934,0.741165874441243,0.863241738347083,0.863241738347083,20.223527498061,0.0360754965121534,0.0857143447390179,0.160767089209975,0.226359671821013,0.277628654642126,0.0189778779686494,0.582585420213265,0.0901875737573458,0.275323027782034,0.0360754965121534,7.19574712781861e-06,1.24945228583739,0.142857893566691,0.168024320383959,0.0146108584918024,0.0837895844816578
17.6,0.0348920753179365,0.0908675614129569,0.736605781776206,0.855078502461469,0.855078502461469,20.1127741105617,0.0360754465661269,0.0857143407792922,0.165945891431325,0.213862668157834,0.26383179338041,0.0197561229892312,0.582871430272053,0.0875093429841709,0.268965415644498,0.0360754465661269,6.53315376051034e-06,1.24946312778512,0.142857842983109,0.17099827581632,0.0138838345545245,0.08365732263151
17.7,0.0340214622779262,0.0901815903753002,0.733280590064664,0.846434293336687,0.846434293336687,19.9944590549313,0.0360753998787832,0.0857143370794832,0.171312027525485,0.202109441858931,0.250613911838346,0.0205640381663243,0.58311179913367,0.0848464549773885,0.262742047577511,0.0360753998787832,5.92964177764665e-06,1.24947375547839,0.142857795920872,0.173983091567791,0.0131767571998311,0.0835263264912559
17.8,0.0332310736801213,0.0895622239279433,0.731188845416757,0.837324669269752,0.837324669269752,19.8684624718213,0.0360753563313329,0.0857143336301179,0.17686002296629,0.191055078089211,0.237954701521166,0.0214021797160615,0.583299634878867,0.082224004647143,0.256651029117288,0.0360753563313329,5.38360291299488e-06,1.24948417264498,0.14285775212396,0.176971522084955,0.0124919566946739,0.0833970065097576
17.9,0.0325191024169549,0.0890084056396392,0.730337905860253,0.827768944265403,0.827768944265403,19.7346886935429,0.0360753158297778,0.0857143304237303,0.182583967017567,0.180650541190879,0.225828954970351,0.0222710949688687,0.583427169302334,0.0796704821455049,0.250690538398911,0.0360753158297778,4.894443376529e-06,1.2494943828955,0.142857711350793,0.179955935920202,0.0118295643450278,0.083269446571975
18,0.0318749363790603,0.0885108481453783,0.730636795123955,0.817744521486506,0.817744521486506,19.5927720918838,0.0360752780034674,0.0857143274304583,0.188482816715076,0.170892780753459,0.214266133437037,0.0231714304129001,0.58349641288474,0.0771764893068478,0.24485794340934,0.0360752780034674,4.45024859529989e-06,1.2495043911481,0.142857673344,0.18292912354889,0.0111921157224894,0.0831440876162089
18.1,0.0312919766049653,0.0880640155790435,0.732039355790072,0.807247906239308,0.807247906239309,19.4424700813671,0.0360752426078442,0.0857143246306473,0.194553310459175,0.161757787188652,0.203270781241958,0.0241037873421535,0.583504919172626,0.0747498967209478,0.239150981385228,0.0360752426078442,4.04426378816629e-06,1.24951420172494,0.142857637849675,0.185883782956967,0.0105816193614312,0.083021292311371
18.2,0.0307735773042107,0.0876718423789664,0.734602760917004,0.796344566635761,0.796344566635761,19.2841839487605,0.0360752096618436,0.0857143220259467,0.200789938966506,0.153198041306284,0.192797066714896,0.0250685380001221,0.583437362624807,0.0723854526347026,0.233568116823816,0.0360752096618436,3.67975707967866e-06,1.2495238174919,0.142857604767653,0.188814162248516,0.00999799784542901,0.0829011733467959
18.3,0.0303159456764153,0.0873314627024656,0.738309985708254,0.7850504511065,0.7850504511065,19.1178526396024,0.036075178995196,0.0857143196027083,0.207188806933598,0.145182905305806,0.182835331351622,0.0260662191031318,0.583287665704341,0.0700873279719268,0.22810729200298,0.036075178995196,3.35279951053004e-06,1.24953324236057,0.142857573976653,0.191714292655831,0.00944144543909168,0.0827838755024882
18.4,0.0299120133266147,0.0870368940239539,0.743109999245287,0.773358812381212,0.773358812381212,18.9432032006873,0.0360751503509164,0.085714317340273,0.213746758771049,0.137689478410823,0.173392495416908,0.0270974427481674,0.583053989389822,0.0678640122273905,0.222766209858702,0.0360751503509164,3.05616357710551e-06,1.24954248072183,0.142857545209093,0.194576703057171,0.00891403844570102,0.0826697658628268
18.5,0.0295574138476435,0.0867847247218345,0.748979821738761,0.761281624525665,0.761281624525665,18.760137470838,0.0360751235435501,0.0857143152237649,0.22046002871065,0.130688477692221,0.164461803602916,0.0281627588518626,0.5827309983733,0.0657204325728303,0.217542770756425,0.0360751235435501,2.78534269446572e-06,1.24955153657119,0.142857518321959,0.197395684972488,0.00841624503683674,0.0825589908091548
18.6,0.0292557739446509,0.0865777769769283,0.755951452415288,0.748962349294412,0.748962349294412,18.5700541007347,0.0360750986734216,0.0857143132613737,0.227320923762833,0.124155264701057,0.155991821598414,0.0292621251529033,0.582298217943447,0.0636305372011751,0.212435226811819,0.0360750986734216,2.54566853541556e-06,1.24956041196162,0.142857493358707,0.200169077127684,0.00794611554730796,0.0824513072944071
18.7,0.0290012545154109,0.0864114906175283,0.763991781848652,0.736388734736849,0.736388734736849,18.372579148335,0.0360750755024227,0.0857143114339738,0.234326401732297,0.118059700783598,0.147984026001361,0.0303962006740515,0.581753102159421,0.0616049610219339,0.20744141358193,0.0360750755024227,2.33082186019302e-06,1.24956911124655,0.142857470071399,0.202889175084928,0.00750547862795507,0.0823470808252534
18.8,0.0287903414897658,0.0862831187569109,0.77308369287825,0.723586775968217,0.723586775968217,18.1677740633979,0.0360750538755724,0.0857143097291489,0.241472278075772,0.11237299826992,0.140426897206038,0.0315654721856772,0.581088701339135,0.0596453277964744,0.202559268940713,0.0360750538755724,2.13734517598172e-06,1.24957763821435,0.142857448315702,0.205550245222283,0.00709481958750457,0.0822464605432278
18.9,0.0286203945854646,0.0861905073957058,0.783201696254247,0.710608362359809,0.710608362359809,17.9560226941295,0.0360750336777457,0.0857143081376957,0.248754207741241,0.107069315043519,0.133304340886285,0.0327703227898485,0.580295364282192,0.0577533746602667,0.197786761479297,0.0360750336777457,1.96307097539457e-06,1.2495859963386,0.142857427995215,0.208151398906763,0.00671389135713124,0.0821493629241928
19,0.0284921238783959,0.086133435230745,0.794232897250057,0.697648968834922,0.697648968834922,17.7395555825627,0.0360750149797631,0.0857143066653902,0.2561682638838,0.102143477342465,0.126583911956365,0.0340105883848102,0.579349057190164,0.0559447317863278,0.193121947822639,0.0360750149797631,1.81160271775798e-06,1.24959418749183,0.14285740905636,0.210687537088591,0.00636203323407819,0.0820557843711367
19.1,0.0284013119543377,0.0861088384742589,0.806192951462473,0.684692893971524,0.684692893971524,17.5178872728612,0.0360749975789683,0.0857143052959779,0.263709904586566,0.0975599137253791,0.12025721297045,0.0352869096608073,0.578246899259793,0.0542145963664055,0.188562755121236,0.0360749975789683,1.67805629771957e-06,1.24960221590126,0.142857391431141,0.213154712505264,0.00603873123307982,0.0819657033305604
19.2,0.0283455077998683,0.0861146723089803,0.8190514319211,0.671800138592947,0.671800138592947,17.291505936878,0.0360749813707406,0.0857143040211018,0.271374808422929,0.0932939496748938,0.11430722591333,0.0365996388072049,0.576978426787244,0.0525654903830952,0.184107156939434,0.0360749813707406,1.56059022202846e-06,1.24961008495003,0.142857375065604,0.215549601325851,0.0057432792986432,0.0818790569197879
19.3,0.0283239536425008,0.0861504161900153,0.832690841199178,0.659093540877255,0.659093540877255,17.0619331992111,0.0360749663158252,0.0857143028376611,0.279160343001543,0.0893310145360728,0.108716799530887,0.0379489187812303,0.575527896956829,0.0509987910780779,0.179753221483838,0.0360749663158252,1.45927936243408e-06,1.24961779730727,0.142857359919382,0.217869198315383,0.00547479348148698,0.0817957518511787
19.4,0.0283378514649256,0.0862173137636213,0.846892906620443,0.646768666887099,0.646768666887099,16.8318868015181,0.0360749524506223,0.0857143017486386,0.287065830818602,0.0856682318531369,0.103468628358438,0.0393346503750666,0.573873456914662,0.0495145507711717,0.175499126499895,0.0360749524506223,1.37641658940893e-06,1.24962535481576,0.142857345965698,0.220110816834849,0.00523221193854146,0.0817156644321288
19.5,0.0283831521658676,0.0863118815979108,0.86170937867422,0.63482621128844,0.63482621128844,16.6008795386426,0.0360749396088184,0.0857143007407165,0.295085356328972,0.0822713910412329,0.0985458201322107,0.0407573832522429,0.572009625404686,0.0481163718562195,0.171342756228196,0.0360749396088184,1.30835173642546e-06,1.24963276153248,0.142857333100119,0.222271891648247,0.0050161872019101,0.081638800195902
19.6,0.0284580448690111,0.0864326511334227,0.877076913025076,0.623349930840092,0.623349930840092,16.3697902837463,0.0360749277105047,0.0857142998075248,0.303215236653175,0.0791196373921667,0.0939313064654452,0.0422173905010037,0.56992394293185,0.0468063435415312,0.167282120013005,0.0360749277105047,1.25396780036292e-06,1.24964002057064,0.142857321231994,0.224350176528076,0.00482718995112838,0.0815651339368375
19.7,0.0285607186980402,0.0865781538106954,0.892932165337577,0.61242358230087,0.61242358230087,16.1394979099908,0.0360749166757724,0.0857142989426936,0.311451788911735,0.0761921161977445,0.0896080189713826,0.0437149452095936,0.567603950001106,0.0455865550354166,0.163315227198587,0.0360749166757724,1.21214777810056e-06,1.24964713504343,0.142857310305455,0.226343273015021,0.00466518533222083,0.0814945965737962
19.8,0.0286963526535406,0.0867538626836492,0.908576091196551,0.602341900307004,0.602341900307004,15.9146968290359,0.0360749066019312,0.0857142981540899,0.319794200380875,0.073503030784221,0.0855691723409402,0.0452496259680937,0.565029132491393,0.0444446548841572,0.159440507691298,0.0360749066019312,1.18645041948589e-06,1.24965410579064,0.142857300253196,0.228248941692344,0.00453050243851493,0.0814271372226663
19.9,0.0288621433059569,0.0869573234929389,0.924035614833888,0.593158683038826,0.593158683038826,15.6957241126423,0.0360748973839076,0.085714297433322,0.328238380622819,0.0710265482490564,0.0817962380039815,0.0468218044825657,0.562188174653859,0.0433847828508983,0.155655911116146,0.0360748973839076,1.17509477068453e-06,1.2496609362483,0.142857291028079,0.230064933303775,0.0044231483698338,0.0813626889282482
20,0.029056273283304,0.0871870612282848,0.939247982668105,0.584957491194114,0.584957491194114,15.4834550882046,0.0360748889416282,0.0857142967740069,0.336780644090866,0.0687417813047424,0.0782721380177175,0.0484317544866491,0.559068624478593,0.0424090415636085,0.151959446426567,0.0360748889416282,1.17695948341418e-06,1.24966762953171,0.142857282599748,0.231788960111508,0.00434292856088967,0.0813011699033858
20.1,0.0292778752682396,0.0874425443741377,0.954064037620125,0.577850561299244,0.577850561299244,15.2792836859649,0.0360748812191067,0.0857142961716966,0.345417695346005,0.066632607704538,0.0749811921014104,0.0500796553187294,0.555656935181775,0.0415175708949468,0.14834917973823,0.0360748812191067,1.19155873143073e-06,1.2496741884472,0.142857274928959,0.233418791094997,0.00428995953447688,0.0812425153576014
20.2,0.0295283708248639,0.0877253934780711,0.968139976673083,0.57196960761009,0.57196960761009,15.0857563422272,0.0360748741930113,0.0857142956245431,0.354146459885342,0.0646947236838042,0.0719137282081482,0.0517654308989847,0.551940577882107,0.0407182777171964,0.144823424631041,0.0360748741930113,1.21839467172483e-06,1.24968061526781,0.14285726798733,0.234952122299881,0.00426425575278694,0.0811866571536375
20.3,0.0298121512282376,0.0880400212835864,0.980879453290805,0.567471615777404,0.567471615777404,14.9069148131579,0.0360748678823779,0.0857142951340722,0.362964149859719,0.0629391593764505,0.0690678696785428,0.053488673755047,0.547908344376687,0.0400291462021816,0.14138081575756,0.0360748678823779,1.25695387012598e-06,1.24968691157473,0.14285726173961,0.236386611733424,0.00426605589629234,0.0811335186735252
20.4,0.0301260591345817,0.0883837431354597,0.992328053702012,0.564449334854492,0.564449334854492,14.7429999464056,0.0360748621985495,0.0857142946932343,0.371867248783485,0.0613379681415363,0.0664219249924622,0.05524981877128,0.543545669469977,0.0394425453375601,0.138019171645431,0.0360748621985495,1.30676252316659e-06,1.2496930807078,0.142857256137844,0.237719793191214,0.00429592914517357,0.081083025549798
20.5,0.0304701269912419,0.0887568734992257,1.00226010505086,0.563022658109087,0.563022658109087,14.5958587250605,0.0360748570983764,0.0857142942986036,0.380852548068139,0.0598796736054808,0.0639625757200417,0.0570489448805702,0.538839406518039,0.0389616682218435,0.134736655689098,0.0360748570983764,1.36733008078384e-06,1.24969912526371,0.142857251139909,0.238949106532157,0.00435440708831221,0.0810351039103462
20.6,0.030844387245564,0.0891597268404196,1.01044993448152,0.563311478808922,0.563311478808922,14.4673381322133,0.036074852538709,0.085714293946754,0.389916839125178,0.0585527993947035,0.0616765034314169,0.0588861310158039,0.533776408876931,0.0385897079535435,0.131531431283004,0.036074852538709,1.43816599291487e-06,1.24970504783914,0.142857246684598,0.240071723329871,0.00444240405568241,0.0809896850781225
20.7,0.0312623885166412,0.0896071350904146,1.01688611619866,0.565187958990169,0.565187958990169,14.3599958409316,0.0360748484238246,0.0857142936298872,0.399063252733859,0.0573702660701902,0.0595701940273639,0.0607609054399504,0.528378439693193,0.0383241828241452,0.128402561532296,0.0360748484238246,1.51054729954753e-06,1.24971085125289,0.142857242715128,0.24108460038239,0.00456078647299817,0.080946723423891
20.8,0.0317225672489985,0.0900976984781362,1.02131767884334,0.568801244267436,0.568801244267436,14.275594915336,0.0360748447167814,0.0857142933450936,0.408287831746916,0.0563177164443906,0.0576279905632258,0.0626734121095404,0.522628230140572,0.0381689560189416,0.125348103592695,0.0360748447167814,1.58495554166272e-06,1.2497165380754,0.142857239165707,0.24198433762658,0.00471057196081031,0.0809061967599659
20.9,0.0322248072598495,0.0906315718282903,1.02351659359906,0.574273952076685,0.574273952076685,14.2159745234384,0.0360748413750078,0.0857142930889954,0.4175872978652,0.0553834058636468,0.0558363568314767,0.0646237360128835,0.516512249690783,0.0381272830392704,0.122366210965006,0.0360748413750078,1.66099069661909e-06,1.24972211090093,0.142857235965584,0.242767778175336,0.00489309344059158,0.0808680436528603
21,0.0327709985588597,0.0912110647791591,1.02328663213571,0.581691929343999,0.581691929343999,14.1830793202846,0.036074838348129,0.0857142928575658,0.426959313735859,0.0545592108879757,0.054184696162455,0.0666118804028804,0.510022149442367,0.0382015770802875,0.119455170693234,0.036074838348129,1.73703081303646e-06,1.24972757235669,0.142857233038375,0.243431446172143,0.00510978910218043,0.0808322254677798
21.1,0.0333679559271193,0.0918439069740561,1.02080640519624,0.591001560541374,0.591001560541374,14.1781609803728,0.0360748355691543,0.0857142926454165,0.436403615606866,0.0538411305381376,0.0526664097615525,0.0686377796119417,0.503163073904394,0.0384013545890283,0.116613491879227,0.0360748355691543,1.80974034503263e-06,1.24973292521313,0.142857230341439,0.243970674429902,0.00536167883553489,0.0807988167655478
21.2,0.0340328246469231,0.0925491973897474,1.01704080884774,0.601856685182756,0.601856685182756,14.2010175398978,0.0360748329362391,0.0857142924443042,0.445924289437872,0.0532338113602295,0.0512832850209469,0.0707012234006517,0.495968472187654,0.0387510322273333,0.113840149426931,0.0360748329362391,1.87218920628096e-06,1.24973817254114,0.142857227786904,0.244381683536058,0.00565053937467055,0.0807677876941596
21.3,0.0347655564067818,0.0933271124263396,1.01164608334346,0.614398040665621,0.614398040665621,14.2538664013565,0.036074830405548,0.0857142922507378,0.455518181735744,0.052727507371377,0.0500231517632705,0.0728022421480517,0.488424684573023,0.0392502274497654,0.111133342981489,0.036074830405548,1.92342989223074e-06,1.24974331691157,0.142857225297158,0.244660120978928,0.00597807858816855,0.0807391568903575
21.4,0.035575502266299,0.0941880107193119,1.00500983004429,0.628492319688724,0.628492319688724,14.3369860580739,0.0360748279270968,0.0857142920607086,0.465185448105448,0.0523187857936318,0.048880183472126,0.074940784395616,0.48054259142082,0.0399160918458134,0.108491684407535,0.0360748279270968,1.96137269713962e-06,1.24974836088172,0.142857222848246,0.244801139670358,0.00634584698249444,0.08071300317808
21.5,0.0364828719205226,0.0951536682164008,0.998398518809701,0.643672867681354,0.643672867681354,14.4471025341453,0.0360748254982406,0.0857142918740412,0.474928685737789,0.052008195694884,0.0478531419398265,0.0771168099970223,0.472358839012121,0.0407945031635652,0.105914237086204,0.0360748254982406,1.98714120710243e-06,1.2497533063822,0.142857220437006,0.244799557962361,0.00675540488508946,0.0806894373181238
21.6,0.0374917557864336,0.096228912250391,0.991773968856312,0.659967872850878,0.659967872850878,14.5862153744161,0.0360748230460608,0.08571429168487,0.484746867371745,0.0517903752271799,0.0469339777691627,0.0793302620133642,0.463871824987694,0.0418886961375709,0.103399394137617,0.0360748230460608,1.99708898486259e-06,1.24975815627393,0.142857217995455,0.244650276520029,0.00720875798722402,0.080668528410792
21.7,0.0386135588083113,0.0974260441182482,0.985615180793208,0.677180427494622,0.677180427494622,14.7535386917161,0.0360748205443598,0.0857142914911126,0.494640407760646,0.0516623732985609,0.0461176004691787,0.08158110522039,0.455099204463745,0.0432159948921786,0.100945884481921,0.0360748205443598,1.99074060307847e-06,1.24976291279115,0.142857215493411,0.244347839934429,0.00770780621910048,0.0806503940046043
21.8,0.0398689995602401,0.0987660180757465,0.980761684263964,0.694824823570113,0.694824823570113,14.943177189408,0.036074818085494,0.0857142913002878,0.504610750739824,0.0516232274449231,0.0454021621432793,0.0838693881682449,0.446090723808208,0.044790714439413,0.0985529906553385,0.036074818085494,1.97566617299449e-06,1.24976757655578,0.14285721300137,0.24388742040754,0.00825341267555201,0.0806352939004491
21.9,0.0412660913855249,0.100257984405248,0.977561191577584,0.712809321341878,0.712809321341878,15.1562055951934,0.0360748156000938,0.085714291106817,0.514657936317681,0.0516692624063615,0.0447813914949121,0.086195045125847,0.436852351960907,0.0466312746856643,0.0962192399761836,0.0360748156000938,1.94846044752325e-06,1.2497721503892,0.142857210494662,0.243263020347092,0.00884770354602882,0.0806233770064982
22,0.0428180901180086,0.101915921002232,0.976498279445791,0.730897861004857,0.730897861004857,15.3907901735831,0.0360748130846719,0.0857142909104552,0.524782075893164,0.0517978466150281,0.0442508675317773,0.0885580520990494,0.427408687089346,0.04875361706767,0.0939434967534258,0.0360748130846719,1.91009763045275e-06,1.24977663618874,0.142857207993759,0.242468760099757,0.00949242035245879,0.0806148627015048
22.1,0.0445472869115022,0.103761805776692,0.97780125245,0.748741523714854,0.748741523714854,15.6398427278108,0.036074810642957,0.0857142907196217,0.534979620924479,0.0520075836004713,0.0438095451918661,0.090958416666401,0.417820647375122,0.0511635664216755,0.0917253950627235,0.036074810642957,1.867988065336e-06,1.24978103413615,0.142857205513445,0.241500305727324,0.0101881203584175,0.080610074559814
22.2,0.0464644307883503,0.105807397053747,0.982025788925927,0.766135561932231,0.766135561932231,15.9029873505543,0.036074808241715,0.0857142905316672,0.545251698245726,0.0522954991222688,0.0434520668452277,0.0933961060740433,0.408102754150687,0.0538798709926473,0.0895635856445183,0.036074808241715,1.82132027607074e-06,1.24978534660473,0.14285720307699,0.240353352637725,0.0109352239177692,0.08060937225545
22.3,0.0485843245470205,0.108067991186393,0.989589672874649,0.782838830274608,0.782838830274608,16.1774926473835,0.0360748058946533,0.0857142903477357,0.555597328083804,0.0526591863390936,0.0431746490443364,0.0958710926625163,0.39828594984263,0.0569141319152167,0.0874570841686841,0.0360748058946533,1.77204311157098e-06,1.24978957519532,0.142857200731057,0.239022032220515,0.0117351150037467,0.0806130800085466
22.4,0.0509274116452081,0.110562814366817,1.00027472522601,0.798835448028823,0.798835448028823,16.4573879049612,0.036074803658275,0.0857142901724126,0.566003596882113,0.0530972849254005,0.0429768526251569,0.0983831800715453,0.388426464041627,0.0602174600572153,0.0854057932809604,0.036074803658275,1.72347919134413e-06,1.24979372038041,0.142857198515679,0.237501730948418,0.0125882583560688,0.0806215984503891
22.5,0.0535073018185887,0.113306331742877,1.01463324331488,0.81383662380439,0.81383662380439,16.7406268811959,0.0360748015372356,0.0857142900061137,0.576472048996823,0.0536071666900184,0.0428541867866368,0.100932376323788,0.378549890654991,0.0638142509242342,0.0834085410458613,0.0360748015372356,1.67728679639112e-06,1.24979778399949,0.142857196387221,0.23579355445256,0.013491736303357,0.0806354629721822
22.6,0.0563397988831671,0.11631453460729,1.03296951620045,0.827641683371071,0.827641683371071,17.0239032037628,0.0360747995528431,0.0857142898505939,0.586999563409956,0.0541866102327011,0.0428034643235321,0.103518623303175,0.368691662442713,0.0677052599279392,0.0814645012219596,0.0360747995528431,1.6356574092642e-06,1.24980176745242,0.142857194409553,0.233892507605117,0.0144459957200437,0.080655137667963
22.7,0.0594389266202308,0.119598948783619,1.05495991534262,0.840625350567262,0.840625350567262,17.3047846007253,0.0360747977206321,0.0857142897071101,0.597556175109046,0.0548326999576977,0.0428240371695282,0.106141238879174,0.358882834321461,0.0717654658634867,0.0795734588283221,0.0360747977206321,1.59883019643852e-06,1.24980567153122,0.142857192613997,0.231796153707804,0.0154499052530983,0.0806811662905767
22.8,0.0628207723728284,0.123176276832319,1.08100874561411,0.852495300751893,0.852495300751893,17.57982547152,0.0360747960628302,0.0857142895774965,0.60814303883451,0.0555433250374363,0.0429123136808914,0.108800264329831,0.349159536361764,0.076015658062023,0.0777344902608807,0.0360747960628302,1.56930760878599e-06,1.24980949773259,0.142857190996503,0.229508518473695,0.0164992092873947,0.0807140749025675
22.9,0.0665007722547142,0.12706158761294,1.11129058696674,0.863169719828489,0.863169719828489,17.8459000069741,0.0360747945995527,0.0857142894634053,0.618751488397212,0.0563161206715186,0.043065631162989,0.111495512636242,0.33955629699134,0.0804306102257199,0.0759468955464526,0.0360747945995527,1.54887783840183e-06,1.2498132473308,0.142857189564773,0.227032512873691,0.0175899997647015,0.0807544466168275
23,0.0704863304405433,0.131259500564563,1.14557700144917,0.873004608840917,0.873004608840917,18.1040342596504,0.0360747933472065,0.085714289366157,0.629334512198393,0.0571455827787824,0.0432822210063461,0.114225586003438,0.330074522614655,0.0849270720199837,0.0742099251597037,0.0360747933472065,1.53810907333404e-06,1.24981692107557,0.142857188349039,0.224368202024815,0.0187195093715811,0.0808029386721925
23.1,0.0747932804004492,0.135785601500844,1.18406250712938,0.881896494086379,0.881896494086379,18.3508970193239,0.0360747923260904,0.0857142892874202,0.639885341074397,0.0580295018654398,0.0435593762841171,0.11699035731207,0.320750380273348,0.0894826877142138,0.072522881578897,0.0360747923260904,1.53884986176181e-06,1.24982052026715,0.142857187366116,0.221518582887401,0.0198834642235171,0.0808602254425371
23.2,0.0794355891285191,0.140653047980846,1.22684796807062,0.889843642109625,0.889843642109625,18.5841218926561,0.0360747915556415,0.0857142892287863,0.650388295088255,0.0589649389261522,0.0438945978385283,0.119789418080532,0.311612340055403,0.0940616178507285,0.07088505576728,0.0360747915556415,1.55266524519146e-06,1.24982404608388,0.142857186650723,0.218497191170835,0.0210738804147314,0.0809265636820634
23.3,0.0844039840652807,0.145847559396327,1.27369691126079,0.897072929711154,0.897072929711154,18.806558271012,0.0360747910841557,0.0857142891941645,0.660774924598366,0.0599421955239035,0.0442845231632321,0.122620247868211,0.302644845926048,0.0986058014792782,0.0692950570221531,0.0360747910841557,1.58247046466269e-06,1.24982749880359,0.142857186224773,0.215312137756785,0.0222842589028503,0.0810025447221742
23.4,0.0897112336336004,0.151380837503261,1.324680742445,0.903609521599751,0.903609521599751,19.0162076781237,0.0360747909319824,0.0857142891852179,0.671025981454675,0.0609579502223401,0.0447266587833627,0.125482309023453,0.29387334340158,0.103076133312044,0.0677521489835126,0.0360747909319824,1.62982918007749e-06,1.24983087954919,0.142857186107983,0.21197162467652,0.0235077904935152,0.0810888345609938
23.5,0.0953678912357707,0.157261972945717,1.37983992692428,0.909498853651175,0.909498853651175,19.2115588268325,0.0360747911222793,0.0857142892038357,0.681117272976327,0.0620082407249397,0.0452184238902606,0.128374864633145,0.285319157524994,0.107431603101545,0.0662555295328277,0.0360747911222793,1.6964408792235e-06,1.24983418935867,0.142857186323888,0.208487070187457,0.0247363388745415,0.0811860266111044
23.6,0.101356644955571,0.16346881604573,1.43894449173288,0.914835952898373,0.914835952898373,19.3945535721727,0.036074791733705,0.0857142892563935,0.690977313077519,0.063082276182221,0.0457552092013874,0.131294745357643,0.276972443429501,0.111688817119186,0.0648037517059128,0.036074791733705,1.78736102231284e-06,1.24983742812338,0.142857186975615,0.20487844449581,0.0259620882662496,0.0812935443973089
23.7,0.107669289154324,0.169989381326364,1.5018495162183,0.919705391216051,0.919705391216051,19.5660802068464,0.0360747928262159,0.0857142893477546,0.700549653563571,0.0641714627540981,0.0463330943622852,0.134239574684293,0.268832963878813,0.115843268832664,0.0633955741649515,0.0360747928262159,1.90650223479651e-06,1.24984059611157,0.142857188092165,0.201160541939393,0.0271754345645124,0.0814119322236864
23.8,0.114314363450492,0.176830373951185,1.56856647984324,0.92417251480605,0.92417251480605,19.7250896597893,0.0360747944253778,0.0857142894800013,0.709805498960969,0.0652712466143199,0.0469494258674145,0.137208434005909,0.260918148816511,0.119851628016321,0.062030133692211,0.0360747944253778,2.05567561800105e-06,1.24984369428459,0.142857189722597,0.197351391883263,0.0283662774162181,0.0815414517049064
23.9,0.12127451541244,0.183968482306024,1.63888301536092,0.92827970888565,0.92827970888565,19.8720922519769,0.0360747965958568,0.0857142896583804,0.718694471935776,0.0663735278485322,0.0476001625456997,0.140198914097312,0.253230329361615,0.123726024528195,0.060706284054711,0.0360747965958568,2.23911191014867e-06,1.24984672285299,0.142857191926063,0.193471348767121,0.0295238843293898,0.0816822298209716
24,0.128486295443643,0.191325927867092,1.71220475502616,0.93198005996855,0.93198005996855,20.0090547144192,0.0360747994589961,0.0857142898927291,0.727147231830964,0.0674663751469549,0.0482793175860054,0.143206653673923,0.245756184148104,0.12757312703925,0.0594226523593083,0.0360747994589961,2.46458709220705e-06,1.24984968098557,0.142857194818703,0.189545423193541,0.0306376048759259,0.0818335242171364
