T,PIF4m,PIF5m,PIF,phyB,PR,INT,IAA29m,ATHB2m,CDF1m,FKF1m,FKF1,CDF1,COm,CO,FTm,InducedC1,InducedC2,RepressedC1,PHYAm,phyAr,phyAfr,phyAmarker
0,0.397695473748121,0.472736382628039,4.36956775340757,1,0.287180131257507,3.0390033151899,0.0382331348644126,0.0859002656888098,1.14780133246897,0.0630809564856463,0.0522176556816149,0.228996468690818,0.201399454320984,0.00789256362746168,0.00130232462410364,0.0382331348644126,0.0908743654951154,1.22152985987694,0.145071886587074,0.276815422784666,0.00546894850504087,0.0800100791125904
0.1,0.422394715541296,0.49721846342779,4.62519886165093,1,0.843245474055438,4.72701933528608,0.03835929143218,0.085910978614416,1.16996454383853,0.0773558138559281,0.052597265829215,0.233623075884877,0.192373120749919,0.0477464690891908,0.00127766553470816,0.03835929143218,0.0950147566635246,1.2190911931681,0.145161937362109,0.256011715461258,0.0238718934734747,0.0800704913412155
0.2,0.446991528532403,0.521399986594662,4.8793387332908,1,0.950470314349694,6.99577935137514,0.0382627458295442,0.0859024138658956,1.19112129087172,0.0912083312554621,0.0544675090265758,0.238297313775661,0.183467659582386,0.101660437773524,0.0012991120755646,0.0382627458295442,0.089400755296346,1.21900407380989,0.145064866463306,0.2345990639299,0.0395073450961919,0.0803392215866909
0.3,0.471313229641865,0.545105310338255,5.13058187218914,1,0.964309942667054,9.06309082245233,0.038134519111156,0.0858912360430739,1.2103744189628,0.101883248956244,0.0573599166684117,0.242978585555594,0.17506968432299,0.1511955160423,0.0014097088841672,0.038134519111156,0.0821163533308163,1.219383888194,0.144934296046927,0.216429094645145,0.0496729552811672,0.0808388994034216
0.4,0.495173299845547,0.568142740359931,5.37724055233224,1,0.966313480904254,10.8494872962001,0.0380056454571107,0.0858800488552642,1.2268964236349,0.109885747543738,0.060834175287167,0.247638185547514,0.167151622711013,0.196151234127015,0.00163448314173313,0.0380056454571107,0.0749399877453047,1.21987134833224,0.144803060862123,0.201024054437736,0.0558674857909899,0.0815092530215457
0.5,0.518602122933246,0.590612815062709,5.618133862098,1,0.966532280479805,12.3847388251006,0.0378821987081018,0.0858693526914639,1.24000944923863,0.115754909995936,0.0645452633001589,0.252252123660514,0.159683630988104,0.236895594228161,0.0019846143402966,0.0378821987081018,0.0682314254852657,1.22038923244115,0.144677941940609,0.18789738546681,0.0593053502778381,0.0822753727815604
0.6,0.541524856137656,0.612451623795425,5.85360784520595,1,0.966506216253124,13.7007401176814,0.0377654045731155,0.08585924528208,1.24936909978889,0.119890775459578,0.0682817523734537,0.256802257009588,0.152641763411405,0.273781840904456,0.00246073705175092,0.0377654045731155,0.0620511195363596,1.22091722351874,0.14455961988908,0.176662399718578,0.060846876321801,0.0830723524077035
0.7,0.563846261187192,0.633570463678289,6.08274128231476,1,0.966495147071577,14.8278224848098,0.0376555654841846,0.085849748311723,1.2548453817274,0.122651570895687,0.0718849090038473,0.26127166302228,0.146002670044539,0.307099773486492,0.00305771307736722,0.0376555654841846,0.0563991984053579,1.22144582842385,0.144448369567957,0.167012525678347,0.0611026653617049,0.0838534251197488
0.8,0.5856107282876,0.654057637663895,6.30548313996082,1,0.966499050419183,15.7909829792289,0.0375526135692053,0.0858408534656183,1.25650342018329,0.124321660554592,0.075254176426759,0.26564566657045,0.139745701412379,0.337104177977545,0.00376712304411167,0.0375526135692053,0.0512535686158741,1.22197050020747,0.144344114680459,0.158699361473373,0.0605075565265578,0.0845887341756482
0.9,0.606656797182877,0.673729792521819,6.52107963992154,1,0.966504363613938,16.6150231346359,0.0374563326821589,0.0858325401189241,1.25453579503966,0.125176034827583,0.0783117053704293,0.269909214455437,0.133848981746404,0.364061104091397,0.00457773968072026,0.0374563326821589,0.0465817931826856,1.22248806171877,0.144246622327492,0.151518227076101,0.0593752500548145,0.085262298702009
1,0.627020319606148,0.692662546211793,6.72914167356122,1,0.966505387020426,17.3202540899737,0.037366392387458,0.0858247785611471,1.24924957888734,0.125429669511415,0.0810218445031325,0.27404957230995,0.128292652771639,0.388206346712069,0.00547697178593251,0.037366392387458,0.0423465145023002,1.22299715157745,0.144155567394022,0.145299039087822,0.0579307140998558,0.0858665842405149
1.1,0.646630608172563,0.710785865441405,6.92933295106284,1,0.966504447988243,17.9240392829355,0.0372824278201858,0.0858175364268927,1.2410123346275,0.125256017365437,0.0833770226491109,0.278054873451348,0.123057852542459,0.409759046117514,0.00645175643402598,0.0372824278201858,0.0385100968299212,1.22349707128276,0.144070585315575,0.139900686653973,0.0563299508177542,0.0863991930297495
1.2,0.665496603307756,0.728131737671093,7.12160256333835,1,0.966503106318226,18.4415430981681,0.0372040800059369,0.085810782006261,1.23019670438576,0.124799245221609,0.0853837849403913,0.281914630237224,0.118126791093021,0.428922898883177,0.00748949319082432,0.0372040800059369,0.0350370009448671,1.22398736010038,0.143991323305217,0.135203868107226,0.0546843337759823,0.0868610056054244
1.3,0.683634329293927,0.744736280073796,7.30607651270353,1,0.966503001313757,18.8850995400164,0.0371309953247634,0.0858044842493476,1.21717853275468,0.124165644256418,0.0870662842584959,0.285620042844849,0.113483042709468,0.445881924952359,0.00857822665184416,0.0371309953247634,0.0318942551727932,1.2244678883425,0.143917419984846,0.131112610871277,0.0530550449816159,0.0872565882043508
1.4,0.701032573330797,0.760593608060049,7.48287997261538,1,0.96650334505227,19.2645785226057,0.0370628526781301,0.0857986150016149,1.20228912039381,0.123429723060722,0.0884561029522433,0.289164092021884,0.109111555160102,0.460801384167386,0.00970748267824521,0.0370628526781301,0.0290532457124651,1.22493857573626,0.143848547465607,0.127541144494925,0.0514936288935842,0.0875898843226379
1.5,0.717706046254176,0.775729751061508,7.65210966278603,1,0.966503510095474,19.5885266625239,0.036999350535574,0.0857931478459487,1.18582298831325,0.122649896347963,0.0895860451649114,0.292540636378309,0.104998058846754,0.473835962078989,0.0108678058981377,0.036999350535574,0.0264878964667965,1.22539936550497,0.14378437730282,0.124422805422341,0.0500148221903871,0.0878678430654761
1.6,0.733657229966933,0.790157465231623,7.81388805436066,1,0.96650368118198,19.8669195890669,0.0369401698317876,0.0857880547965977,1.16810059667299,0.12190385611287,0.0904848039790835,0.295742605606156,0.101127513878345,0.485151028486531,0.0120489100815768,0.0369401698317876,0.0241696875238599,1.22585016054166,0.143724614817919,0.121696716844545,0.0486379856400826,0.0880969750938839
1.7,0.748911164023963,0.803908048080266,7.96840324092349,1,0.966503752642107,20.1042274496481,0.0368850659407472,0.085783314516449,1.14931032983981,0.121205348588722,0.0911902834379646,0.298766840049663,0.0974881641168072,0.494867835066977,0.0132444610345005,0.0368850659407472,0.0220800552541143,1.22629102113636,0.143668976602176,0.119310585843418,0.0473721021657802,0.0882833738618843
1.8,0.763475532567147,0.816998488837518,8.11579131104818,1,0.966503645390902,20.3091459734215,0.0368337369912174,0.0857789005586245,1.12974303957047,0.120616964029889,0.0917331337359079,0.301607212324868,0.0940657587134066,0.50314124049073,0.0144450887670349,0.0368337369912174,0.0201927904800282,1.22672189445329,0.143617198205471,0.117221813349628,0.0462160199793132,0.0884333888595797
1.9,0.777377284113491,0.82945727133749,8.25634241624242,1,0.966503589438949,20.4836249931933,0.0367859809512546,0.0857747953904688,1.10950159874435,0.1201291821103,0.092146507342133,0.304262942006166,0.0908505749887366,0.510067180653372,0.0156470218183979,0.0367859809512546,0.018494610502352,1.22714295776216,0.143569027104674,0.115390697849925,0.0451704395408219,0.0885515548265242
2,0.790630261851001,0.841305871472236,8.39021995632464,1,0.966503525261314,20.6345729708749,0.0367415214979531,0.0857709748449006,1.08883039410733,0.119784762559414,0.092462891698945,0.306729233419115,0.0878294942378884,0.515785545662883,0.0168422746325163,0.0367415214979531,0.016962650358798,1.22755421142604,0.143524227345133,0.113784774195512,0.044229454677774,0.0886423667880772
2.1,0.80325288385599,0.85256022539823,8.51765309575581,1,0.966503490464515,20.763022479862,0.0367001871416846,0.0857674240804223,1.06778551392936,0.119572418504473,0.0927052998046687,0.309006503804298,0.0849941534691598,0.520376680948323,0.0180286456914759,0.0367001871416846,0.0155866992133623,1.2279558694417,0.143482575578323,0.112375214766187,0.0433863642587877,0.0887093716021673
2.2,0.815262698033275,0.863242750721574,8.63884386587507,1,0.966503506858833,20.8739408034685,0.0366617328289816,0.0857641217176822,1.04655326395195,0.119515472052549,0.0929051438397671,0.31109158856083,0.0823328586344153,0.523962298811316,0.0191999020186803,0.0366617328289816,0.0143478124167356,1.22834800194759,0.143443861721971,0.111134714018753,0.0426369411948818,0.0887565317196593
2.3,0.826672663719581,0.873363927486288,8.75392361726753,1,0.96650352187728,20.9685045209454,0.0366260017435952,0.0857610541814832,1.02518123602299,0.119610938356226,0.0930781934267999,0.312985051141094,0.0798378481383337,0.526616799204226,0.0203543022300956,0.0366260017435952,0.0132367307993828,1.22873080516555,0.143407891612138,0.110045076175363,0.0419683358261711,0.0887862207979729
2.4,0.837499169507579,0.882941520261381,8.86307909353758,1,0.966503538855157,21.0498521060005,0.0365927880276487,0.0857582035650278,1.00379139073484,0.119868080894636,0.0932497811443211,0.314685471649302,0.0774991845923729,0.528440518122975,0.02148766222957,0.0365927880276487,0.0122389354206596,1.22910441249306,0.143374481793786,0.109088162872039,0.0413717321070023,0.0888009785865925
2.5,0.847749356682095,0.891980202452619,8.96637827057222,1,0.96650355293976,21.1190171090112,0.0365619541564986,0.0857555579717929,0.98241535071606,0.120288959857037,0.093430945271962,0.31619452183719,0.0753099704767323,0.529498576588677,0.0225988403097309,0.0365619541564986,0.0113466135942082,1.22946901712288,0.143343457670956,0.108244179126462,0.0408445363977243,0.0888036627508279
2.6,0.857436028077946,0.900492341704529,9.06396034054193,1,0.966503557314664,21.178165896001,0.0365333238971591,0.0857531021030413,0.961134653537797,0.120878781668585,0.0936409131287915,0.317512091072458,0.0732615855195711,0.529875956175971,0.023685005570353,0.0365333238971591,0.0105482127443431,1.22982478100346,0.143314663711604,0.107504291591178,0.04037346159168,0.0887956596156622
2.7,0.866573677220624,0.908492599059554,9.1559778163906,1,0.966503548744791,21.2294015250627,0.0365067247522809,0.0857508209868074,0.940028646027387,0.121642772694864,0.093898374718842,0.318638130006663,0.0713455944256841,0.529655670184657,0.0247434491619848,0.0365067247522809,0.0098324821881194,1.23017186839828,0.143287945128777,0.106853467395915,0.0399548667687829,0.0887789997540671
2.8,0.87517958091587,0.915999178728217,9.2425646926988,1,0.966503545999496,21.2726259136066,0.0364820683883215,0.0857487070399222,0.919084616866061,0.122580793910374,0.0942059526833822,0.319575710468141,0.0695574309140138,0.528877145682955,0.0257748884806296,0.0364820683883215,0.00919595447457145,1.23051050874331,0.143263159891004,0.106280026991127,0.0395845238791693,0.088755310131541
2.9,0.88326630975281,0.923024138070932,9.32385915948875,1,0.966503541440758,21.3100570340696,0.0364591764627136,0.0857467447785695,0.898386214576695,0.123698159466597,0.0945832588418856,0.320324651601035,0.0678883763614776,0.527626460235144,0.0267764098594826,0.0364591764627136,0.008626886457017,1.2308408624133,0.143240182038332,0.105777997316969,0.0392553107201742,0.0887255818148388
3,0.890851350072906,0.929585448313932,9.40004232470338,1,0.966503537028333,21.34232389357,0.0364379384532582,0.0857449246652967,0.877952408401835,0.124997224505702,0.0950382177381534,0.320886716306614,0.0663329166027693,0.525954354004313,0.027747693366709,0.0364379384532582,0.00811954861438637,1.23116313756338,0.143218876395805,0.105333952807369,0.0389647417492054,0.0886913250183887
3.1,0.897953563426455,0.935702675336008,9.47131288403841,1,0.966503535284815,21.3697089385891,0.0364182597198393,0.0857432385540749,0.8577883176088,0.126479839320973,0.0955761991928523,0.321264039726649,0.064886300276245,0.52390326130117,0.0286890032056484,0.0364182597198393,0.00766958337857252,1.23147755284159,0.143199132524375,0.104942770205977,0.0387088793876814,0.0886532646765008
3.2,0.904587383271575,0.941390250327782,9.53781290165212,1,0.966503536920502,21.3936105206318,0.0363999944829611,0.0857416738185714,0.837943657576808,0.12814947978964,0.0962107990860386,0.32145755841021,0.0635413198369889,0.521542360796321,0.0295987226984709,0.0363999944829611,0.00726821557300148,1.23178429310932,0.143180842138109,0.104598237824063,0.0384844388834855,0.0886122124396602
3.3,0.910770773990819,0.946665366666326,9.59974522438534,1,0.966503537980868,21.4138549442032,0.0363830836787684,0.0857402254122093,0.818404679808766,0.130009818993874,0.0969438420207919,0.321469266694347,0.0622950774452618,0.518895442858354,0.0304781460892556,0.0363830836787684,0.0069136900674262,1.23208358329782,0.143163896682334,0.104293876839894,0.0382860702641966,0.0885693030827662
3.4,0.916520114246004,0.951544518116492,9.65727905794093,1,0.966503539087016,21.4312515044273,0.0363674106488521,0.0857388832574275,0.799197466077738,0.132063835107022,0.097784555088065,0.321300642439727,0.0611417852029143,0.516016451107306,0.0313266874146947,0.0363674106488521,0.00659967905887817,1.23237562501282,0.143148204783285,0.104025942991417,0.038111581812399,0.0885249882196723
3.5,0.921852333655135,0.956044497751991,9.71058807286814,1,0.966503540273825,21.4463532314027,0.036352876955326,0.08573763886463,0.780337254684093,0.134314845482444,0.0987402118727778,0.320953298385543,0.0600765989643201,0.512949836305744,0.0321443049528912,0.036352876955326,0.00632121357332785,1.23266062284283,0.143133675482015,0.10378979784526,0.0379579828777337,0.0884797728811798
3.6,0.926785864414179,0.960182966900288,9.7598514394554,1,0.966503540905002,21.4590930827313,0.0363394321965907,0.0857364879270234,0.76181248013878,0.136767182827961,0.0998133299794334,0.320429173917832,0.0590971925813991,0.509715069483584,0.0329323404674894,0.0363394321965907,0.00607681792784454,1.23293878477711,0.143120222996163,0.103581033289159,0.0378224738966957,0.0884340353557645
3.7,0.931337348469684,0.96397653056074,9.80524458176254,1,0.966503540754029,21.4701096734325,0.0363269694337823,0.0857354212163835,0.743642348616912,0.139423932134848,0.101011853253516,0.319729836554417,0.0581982632962752,0.506361001594148,0.0336905297257062,0.0363269694337823,0.00586094368343977,1.23321031674286,0.143107772490953,0.103397445593705,0.0377027747610989,0.0883879978810219
3.8,0.93552519818153,0.967443151439425,9.84695289055109,1,0.966503540359768,21.4795293830924,0.036315431182527,0.0857344338002103,0.72582330310761,0.142289372962077,0.10233984854972,0.318856986511896,0.0573772028747428,0.502911076365167,0.0344198964593243,0.036315431182527,0.00567140324015923,1.23347541303517,0.143096237306236,0.103232921705071,0.0375969570460882,0.0883426305392173
3.9,0.939367683693119,0.97060067117614,9.88516071590291,1,0.966503540154721,21.4875126236492,0.036304756233305,0.085733520422827,0.70835332121402,0.145367690417077,0.103801637072462,0.317812322358076,0.056631196182454,0.499390638657271,0.0351213724484239,0.036304756233305,0.00550576458548569,1.23373426940762,0.143085555775249,0.103086550509809,0.0375031948964377,0.0882978262348731
4,0.942882105800473,0.973466106223015,9.92004531462827,1,0.966503539846447,21.4944517715217,0.0362948579860036,0.0857326736257833,0.691240840467189,0.148662425825674,0.105403273673663,0.31659753142258,0.0559560178538674,0.495837991451307,0.0357952627303591,0.0362948579860036,0.00535992979107918,1.23398709155499,0.143075669050115,0.102957230199192,0.0374199788044754,0.088253544380072
4.1,0.946080863731199,0.976049782400559,9.95174651334995,1,0.966503539603941,21.5003472512824,0.0362857002097542,0.085731890312408,0.674477381647823,0.152178664628743,0.107148108718032,0.315214012945171,0.0553503874263311,0.492266217584307,0.0364430185799791,0.0362857002097542,0.00523293096471178,1.23423405163127,0.143066522864949,0.102844097040311,0.0373460986124956,0.0882097199594793
4.2,0.948979540029968,0.978366237339519,9.98042836488534,1,0.966503539515187,21.5053711275762,0.0362772234325711,0.0857311653745249,0.658061753471527,0.15592074373138,0.109040641241431,0.313663341012214,0.0548116457195197,0.488699971225918,0.037065575491833,0.0362772234325711,0.00512237957154751,1.23447533913304,0.14305806918632,0.102746926754499,0.0372806276010878,0.08816617840488
4.3,0.951595099798481,0.980431837915971,10.006265443811,1,0.966503539632988,21.5097700106198,0.036269358088542,0.0857304928303341,0.641995929901179,0.159892674939613,0.111085869162915,0.311947165648282,0.0543365347576436,0.48516893212979,0.03766364495021,0.036269358088542,0.00502527007272883,1.23471115108898,0.14305021910085,0.102656457998266,0.0372215868483065,0.0881245434529163
4.4,0.953944030002677,0.982262895183834,10.0294032773456,1,0.966503539696928,21.513473114381,0.0362620857906154,0.0857298711175206,0.626269558747191,0.164100927336044,0.113287100557583,0.310066247302202,0.0539250678338243,0.481678500244126,0.0382390184437904,0.0362620857906154,0.00494154788499607,1.23494162520135,0.143042949463706,0.10257629712779,0.0371689687237215,0.0880839183219515
4.5,0.956042317925097,0.983874523191593,10.0500071962017,1,0.966503539761612,21.5166536412288,0.0362553474945053,0.085729295164215,0.61088157865421,0.168549908981322,0.115648872879734,0.308022121053507,0.0535746278246507,0.478253202001134,0.0387926370017813,0.0362553474945053,0.00486883803248862,1.23516694914828,0.143036221132232,0.102506124028653,0.0371224188048839,0.0880441969118383
4.6,0.957905918613662,0.985281888916311,10.0682392012364,1,0.966503539837261,21.5194456591244,0.0362490909064952,0.0857287604811457,0.595829474932348,0.173244384579831,0.118175544032744,0.305816168500652,0.0532830465509344,0.474914410891321,0.0393255791237938,0.0362490909064952,0.00480514544033808,1.23538730212366,0.143029999667953,0.102445944143967,0.0370818227807721,0.0880052254585676
4.7,0.959547294929541,0.986496323870437,10.0842393225253,1,0.966503539883446,21.5217783671245,0.0362433058553147,0.0857282662110873,0.581104214867774,0.17819175674782,0.120871053481839,0.303448103216648,0.0530513057049022,0.47166447635901,0.0398396743551536,0.0362433058553147,0.00475069220055937,1.23560280505421,0.143024251512206,0.102395517872958,0.0370470040793333,0.0879669062360527
4.8,0.960982922358653,0.987533619996167,10.0981709458972,1,0.966503539891402,21.5237938627965,0.0362379376134443,0.0857278076552284,0.56670341341555,0.183396597830723,0.123739715341677,0.300919471956142,0.052877021362809,0.4685258081721,0.0403359681366161,0.0362379376134443,0.00470336998077847,1.23581364101621,0.143018899595842,0.102347515089797,0.0370144148612342,0.0879304541980265
4.9,0.962226660741459,0.988406575900825,10.1101774824314,1,0.966503539854771,21.5255533675006,0.0362329495208885,0.0857273816715556,0.552622208313563,0.188864736776307,0.126785800200248,0.298231242410902,0.0527592343065069,0.465512946233914,0.0408158289761376,0.0362329495208885,0.00466199655282389,1.23601996559914,0.143013939102412,0.102305367122141,0.036985765407205,0.0878951198462179
5,0.963284005481707,0.989118170365034,10.120324756872,1,0.966503539841402,21.5270265919172,0.0362283310138957,0.0857269873621893,0.538853172616214,0.194604322935048,0.130014018688429,0.29538430814834,0.0526993212780694,0.462630291000659,0.0412811157358812,0.0362283310138957,0.00462663972622945,1.23622188408863,0.14300934349701,0.102268775347747,0.0369610191839542,0.0878608494530883
5.1,0.964171111311145,0.989683896192453,10.1287774671117,1,0.966503539824576,21.5282998645439,0.0362240382726287,0.0857266209694093,0.52539214771544,0.200620548622248,0.133428520662759,0.292379657197198,0.0526956821584795,0.459895164263984,0.0417330623887909,0.0362240382726287,0.004595774308828,1.23641956587566,0.143005089934021,0.102237629352984,0.0369402868251294,0.0878275657957893
5.2,0.964896106232012,0.990110213812706,10.1356175480776,1,0.966503539808243,21.5293988178519,0.0362200474430183,0.0857262804501772,0.512233435027677,0.20692115833049,0.137034150259538,0.289218567425707,0.0527487440375175,0.457318064490274,0.0421732977000006,0.0362200474430183,0.00456879381947568,1.23661313551665,0.14300115173998,0.102211313121925,0.0369231972741265,0.0877952824058664
5.3,0.965458741045478,0.990394463227932,10.1408340480544,1,0.966503539796598,21.5303069859726,0.0362163515309306,0.0857259652071799,0.499370450461447,0.213516815154773,0.140836689317248,0.285902902009109,0.0528608817200972,0.454904646262553,0.0426038031050963,0.0362163515309306,0.00454583055669504,1.23680267346962,0.142997475295091,0.102186571265069,0.0369069637738308,0.0877644549369487
5.4,0.965875124396517,0.990551793554195,10.1445973915615,1,0.966503539793358,21.5310901068744,0.0362129106204737,0.0857256718200918,0.486798339023101,0.220412483145502,0.144840088658778,0.282433381215771,0.05303066678143,0.452670022631745,0.0430258713934062,0.0362129106204737,0.00452557423188587,1.23698834630184,0.142994058749992,0.102164774356693,0.0368929690320986,0.0877347847830998
5.5,0.966155107746187,0.990590541585439,10.1470086232861,1,0.966503539802424,21.5317824740067,0.0362096973889494,0.0857253979484428,0.474511584306443,0.227615306345178,0.149048999505031,0.278811162497506,0.0532581256038523,0.450625688606328,0.0434410587744467,0.0362096973889494,0.00450726637324281,1.23717028764217,0.142990883788409,0.102145620818776,0.0368810567274977,0.0877062561883324
5.6,0.96629513942645,0.990505663040193,10.148021827346,1,0.966503539810028,21.5323654706395,0.0362067088434877,0.0857251433400508,0.462505533323471,0.235133773972347,0.153469842449701,0.27503707294647,0.0535472454176521,0.448778759493095,0.0438516975284798,0.0362067088434877,0.00449111403542802,1.2373485711861,0.142987934652498,0.102128892906482,0.036871123101606,0.0876788470888302
5.7,0.966300089975037,0.990300521984753,10.1476834343661,1,0.966503539813503,21.5328537275344,0.0362039267029364,0.0857249064305035,0.450774990534841,0.242975529969097,0.158107926254937,0.271112147244927,0.0538995245509933,0.44713910269863,0.0442596322714719,0.0362039267029364,0.00447671755936332,1.2375233082898,0.142985187404012,0.102114164193112,0.0368627772910181,0.0876525530751355
5.8,0.966180347669389,0.989983991146157,10.1461003750353,1,0.966503539817457,21.5332836572766,0.0362013226701495,0.0857246847956916,0.439314404953102,0.251147664501515,0.162967831275482,0.267037556076114,0.0543148307480285,0.445718388645347,0.0446663881300861,0.0362013226701495,0.00446327980239125,1.23769463498257,0.142982601913124,0.102100581353273,0.0368550879343263,0.08762740526799
5.9,0.965901198567906,0.989511359448167,10.1429644830762,1,0.966503539821326,21.5336730634061,0.0361988758536953,0.085724476652692,0.428118516069822,0.259658212215948,0.168054862079465,0.262814580716469,0.0547946214998657,0.444527055791921,0.0450737859191816,0.0361988758536953,0.00445025501182997,1.23786268444794,0.142980177216678,0.102088372067397,0.0368483341483549,0.0876033467941241
6,0.96473692957474,0.988004598662114,10.1317228820293,1,0.966503539823821,21.5339852314858,0.0361965711269078,0.0857242808062052,0.417182731809749,0.268524497239289,0.173377855049531,0.258447964530545,0.0553477331812448,0.443576201112045,0.045484827325815,0.0361965711269078,0.00443661352861975,1.23802783383463,0.142977898480893,0.102077400337805,0.0368423279635615,0.0875803511315771
6.1,0.962893309745247,0.985709010521469,10.1142407029511,1,0.96650353982463,21.5342569385181,0.0361943855920894,0.0857240952688021,0.406501559034912,0.277751321273088,0.178940885604203,0.253937783911506,0.0559730552684811,0.442876033886597,0.0459009221951887,0.0361943855920894,0.00442197801020671,1.23819013142089,0.142975752413532,0.102067586301131,0.0368369018095308,0.0875583877195896
6.2,0.960254633432877,0.982482211215482,10.0894778398484,1,0.966503539823105,21.5344995980149,0.0361922990334942,0.0857239183264348,0.396069815583639,0.287347807779596,0.184749672274027,0.249285725925606,0.0566729101283664,0.442437069758505,0.0463240297516694,0.0361922990334942,0.00440574598545669,1.23834973898532,0.142973705170905,0.102058669118531,0.0368319844229512,0.0875374184146716
6.3,0.956778547511611,0.978315605009483,10.0562421817425,1,0.966503539820622,21.5347118544714,0.036190285281998,0.0857237478143468,0.385883570610462,0.297321008372023,0.190811000207375,0.244494881580488,0.0574536818144898,0.442274109392062,0.0467567541546244,0.036190285281998,0.00438666423928328,1.23850701416837,0.142971711004444,0.102050299773783,0.0368275711393691,0.087517398877598
6.4,0.952461317849684,0.973271033570334,10.0132615893254,1,0.966503539819625,21.5348856296886,0.0361883150341125,0.0857235813304905,0.375939552068999,0.30767688386635,0.197132216110794,0.239569081037734,0.0583238927971979,0.442404209450596,0.0472020391119589,0.0361883150341125,0.00436313694973705,1.23866241772885,0.142969768742394,0.102042647254491,0.0368235298312371,0.0874982876336199
6.5,0.947159743775058,0.967155964755154,9.95955293325493,1,0.966503539818706,21.5350371234412,0.0361863703056211,0.0857234173297589,0.366232108761601,0.318425334324481,0.203718638710105,0.234509485118501,0.0592843429845965,0.442836279404938,0.0476616021044136,0.0361863703056211,0.00433480556670282,1.23881603802962,0.1429678574011,0.102035707509968,0.036819822137113,0.0874800357438904
6.6,0.940789220645079,0.959884740049688,9.89401165838706,1,0.966503539818075,21.535172335259,0.036184428356583,0.0857232539070064,0.356756589076736,0.329574604757805,0.210576438775053,0.229318376151298,0.0603390768729421,0.443582651719925,0.0481376758047085,0.036184428356583,0.00430079170773422,1.23896811989347,0.142965956042909,0.102029516573115,0.036816435233136,0.0874625899908635
6.7,0.933947650561442,0.952226035157541,9.82304652872171,1,0.966503539817549,21.5352845042013,0.0361824902049883,0.0857230911706625,0.347509640174764,0.341134687251647,0.21771303085538,0.224005239975085,0.061503800033803,0.444674758344127,0.0486350836823249,0.0361824902049883,0.00426140782008485,1.23911884021492,0.14296410345031,0.10202301930707,0.0368128665557737,0.0874460871216207
6.8,0.926577394631328,0.944127946194699,9.74584983934561,1,0.966503539817323,21.5353791256334,0.0361805340495689,0.0857229272951379,0.338486661758456,0.353113895844052,0.225134634862413,0.218572643528103,0.0627830176909557,0.446125686360417,0.049156160772015,0.0361805340495689,0.00421582257082988,1.23926844113293,0.142962300225112,0.102015925328559,0.0368089691607179,0.0874305351741418
6.9,0.918634899411543,0.935556200870811,9.66176894385471,1,0.966503539817584,21.5354614315725,0.0361785385793687,0.0857227604963989,0.329683080334401,0.365520580628854,0.232847496376381,0.213023302413322,0.0641814757273205,0.447948917023327,0.049703295576922,0.0361785385793687,0.00416322920317049,1.23941716338454,0.142960489747699,0.10200906996654,0.0368051161367874,0.0874157514984328
7,0.910215629255674,0.926627915879583,9.5719898185521,1,0.966503539818277,21.5355335946599,0.0361764952446835,0.0857225900539291,0.321094977760103,0.378359780521554,0.240857594311322,0.207362587447671,0.0657087445729499,0.450166795471993,0.0502802754739342,0.0361764952446835,0.00410353744862848,1.23956515032056,0.14295865780189,0.102002525656164,0.0368013403603176,0.0874016870420773
7.1,0.90160347441557,0.917595481856304,9.48114303687325,1,0.966503539818516,21.5355922187151,0.0361744372716838,0.0857224187076484,0.312720531756245,0.391620715313916,0.249168939316452,0.201603139115266,0.0673885023325116,0.45282904933398,0.0508954757726847,0.0361744372716838,0.00403909262041641,1.23971215512395,0.142956790594679,0.101996397765992,0.0367976969883724,0.0873882897016915
7.2,0.892789411994196,0.908501002439854,9.38850445296078,1,0.966503539818706,21.5356425644417,0.0361723329448145,0.0857222438181349,0.304554661967583,0.40531719605288,0.257788601761824,0.195746297006202,0.0692224963493865,0.455942839418892,0.0515501397174191,0.0361723329448145,0.00396845385421503,1.23985853750412,0.142954874756234,0.101990824597992,0.0367942634587444,0.0873755043229241
7.3,0.88387024778732,0.899462557366565,9.29528456590331,1,0.966503539818787,21.5356867648354,0.0361701740117823,0.085722064689508,0.296593465172496,0.419454149034396,0.266722546548999,0.189797483691643,0.0712203974890236,0.459530705807352,0.0522480873474493,0.0361701740117823,0.00389154822094616,1.24000443803417,0.142952897339896,0.101985977387543,0.0367911394899546,0.087363272700456
7.4,0.874792258930127,0.890354700250047,9.20087999775126,1,0.966503527308964,21.5357242947416,0.036167979259557,0.085721882857222,0.288833596016853,0.434030361078245,0.275973283885035,0.183770212176387,0.0734066622478354,0.463644209252418,0.0529986584986559,0.036167979259557,0.00380976066598715,1.24014968959489,0.142950845822185,0.101982060303433,0.0367884470812527,0.0873515335780009
7.5,0.865531592317847,0.881100308171502,9.10504730248879,1,0.966503492261782,21.5357551564688,0.0361657621096428,0.0857216994139623,0.281271598447548,0.449045837275062,0.285544009500234,0.177676390061245,0.0758028131743252,0.46832915186611,0.0538100977005616,0.0361657621096428,0.00372418684522061,1.24029418612315,0.142948708102791,0.101979310447858,0.0367863305126169,0.0873402226483047
7.6,0.856210121814857,0.871858016131143,9.00929905054338,1,0.966503436760468,21.5357819256839,0.0361635098068028,0.0857215132922561,0.273903476339322,0.464506526349412,0.295441263618615,0.171520092588945,0.0784160588306838,0.473603240814146,0.0546853057612932,0.0361635098068028,0.00363451104459481,1.24043811943316,0.14294647250458,0.101977997856424,0.0367849563447542,0.0873292725531458
7.7,0.846877358282881,0.86266938985217,8.91427583495016,1,0.966503356874502,21.5358059002126,0.0361612225942697,0.0857213244972905,0.266725501748178,0.480415425621597,0.305669925703605,0.165309284281952,0.081260715612577,0.479498134246647,0.0556298369973006,0.0361612225942697,0.00354111838784326,1.24058153342351,0.142944142525731,0.101978888051136,0.0367837324380006,0.0873186347392658
7.8,0.837403216354863,0.85333806308493,8.81799528741629,1,0.966495686745493,21.5358148991857,0.0361589337326859,0.0857211357594319,0.25973441575839,0.496767369842102,0.316231014874949,0.159058649660903,0.0843648369683078,0.485563177226197,0.056653005327027,0.0361589337326859,0.00344619989392542,1.24072405643775,0.14294178862635,0.101984865808568,0.0367785663588678,0.0873083561824751
7.9,0.827671229232322,0.843707328065116,8.71873315535041,1,0.966283927011975,21.535641707043,0.0361566630963454,0.0857209487055334,0.252927922057354,0.513551208312819,0.327124730632513,0.152783101362835,0.0877709072523422,0.481722975659362,0.0577427614921261,0.0361566630963454,0.00335105271411763,1.24086546215447,0.14293945463196,0.102089955667524,0.0366818660454321,0.0872977852679847
8,0.817696789139482,0.833826226166517,8.61682614658894,1,0.958346054463604,21.5288949935381,0.0361543963585826,0.0857207621421826,0.246333762186856,0.530744851265768,0.338337505631629,0.146484399627931,0.091950260072013,0.232208655066187,0.0582514637190135,0.0361543963585826,0.00325487141926204,1.24100592221665,0.142937142665729,0.103728120813251,0.0351481759712435,0.0872786343513269
8.1,0.80748254739389,0.823702066724117,8.51246644539486,1,0.910797849127176,21.447537037438,0.0361521508880473,0.085720577478613,0.24022143667512,0.548094350481747,0.349816007991132,0.140077920852555,0.0984123344184421,0.0115212603133707,0.0569888702049523,0.0361521508880473,0.00315898040032378,1.24114523861926,0.142934860341081,0.111764064887671,0.0280675389298054,0.0871857644871093
8.2,0.797015284491798,0.813320645868186,8.40552893131247,1,0.850677675392625,21.2189164982682,0.0361499926293103,0.0857204000974996,0.23482235981569,0.565285580964526,0.361561958437692,0.13351238117301,0.10586029329325,0.00671585275680105,0.0556216355977813,0.0361499926293103,0.00306791719014109,1.24128259484234,0.142932668678571,0.120810201032806,0.0213584004251509,0.0869912905470667
8.3,0.786253630110932,0.802631567467835,8.29570148669243,1,0.793735291049705,20.8596912051592,0.0361479931648544,0.085720235839307,0.230083283939304,0.582305176830624,0.373535968958881,0.126850917722218,0.113909188566604,0.00694127828385646,0.0542870548148578,0.0361479931648544,0.00298646925643932,1.24141706224696,0.142930634894378,0.12928248033888,0.0162557784006348,0.0867404969129803
8.4,0.775247441238935,0.79170565480138,8.18309310566175,1,0.740579222763558,20.3991631835329,0.0361462075770151,0.0857200891935943,0.225917877521826,0.599151645019245,0.385689950154991,0.120164164985057,0.122633819070344,0.0072353457278741,0.0529845913941336,0.0361462075770151,0.00291817109495768,1.24154787520895,0.142928818273476,0.137207670658186,0.0124049918720863,0.0864638795779377
8.5,0.763944180996469,0.780474967854745,8.06763781063308,1,0.69097729394404,19.8621851512273,0.036144678887488,0.0857199636642923,0.222239582593287,0.615824155903644,0.397981883873895,0.113516382227302,0.132118547480776,0.00755246153570149,0.0517134862966487,0.036144678887488,0.00286564656623333,1.24167438766307,0.142927262823693,0.144637118595584,0.00950254276795607,0.086179440972659
8.6,0.752375223189629,0.768984681965291,7.94924274691314,1,0.644702041815971,19.268055233017,0.0361434413398111,0.0857198620402543,0.218977731324916,0.632325328094575,0.410377524622914,0.106959408815948,0.142437679903363,0.00789419666220893,0.0504730294939712,0.0361434413398111,0.00283086508798256,1.24179604206665,0.142926001104547,0.151622949151006,0.00731323243957837,0.0858963409306636
8.7,0.740531565571686,0.757224052311892,7.82806646667987,1,0.601531340092789,18.63392992445,0.0361425274320244,0.085719786969172,0.216066328059267,0.648655837783043,0.422845435337885,0.100540568680106,0.153661562809426,0.00826281042574249,0.0492625096355175,0.0361425274320244,0.00281563322775257,1.24191228606462,0.14292506714541,0.158206361188751,0.00565601432833942,0.0856207500858058
8.8,0.728404332390274,0.745183139471204,7.704049944712,1,0.561258317222981,17.9737730079732,0.036141967878747,0.0857197409567039,0.213448711125291,0.664806895755716,0.435357734536354,0.0942994630753551,0.165846347623099,0.00865930752272764,0.0480812344823189,0.036141967878747,0.00282158741524797,1.24202257106152,0.142924490333852,0.16442088102405,0.00441232226410193,0.0853535909954875
8.9,0.715976606947138,0.732841478434862,7.57707095411164,1,0.523678206913033,17.3010654818497,0.0361417931287356,0.0857197264873374,0.211068895087278,0.680767575136655,0.447887049138054,0.0882747571093154,0.179046137007168,0.00908445183255786,0.0469285138226108,0.0361417931287356,0.00285033778859226,1.24212634863791,0.142924299973883,0.170294418421288,0.00348208449427615,0.0850963358889569
9,0.703246541910525,0.720199622316435,7.44694780736009,1,0.488622255537615,16.6227592332749,0.0361420301290345,0.0857197457693574,0.20889578619287,0.696511729612111,0.460411865886104,0.082486171585846,0.193270843501866,0.00953679004069037,0.0458037109657388,0.0361420301290345,0.00290315656985017,1.24222307611122,0.142924524638392,0.175852273735983,0.00278247773867037,0.0848503965102282
9.1,0.690210220694066,0.707254397141008,7.31364100155964,1,0.455905144206718,15.9491267854061,0.0361427077578088,0.0857198011649613,0.206886983612117,0.712020793999724,0.472907039638313,0.0769621383861046,0.208546167981658,0.0100158704261131,0.0447061665403037,0.0361427077578088,0.002981495612658,1.24231220514513,0.142925191321858,0.181116122112147,0.00225857702922291,0.0846154791964252
9.2,0.676879801191326,0.694023626156223,7.17724274429863,1,0.425382147687925,15.2838252352557,0.0361438517654127,0.0857198947938917,0.20502662036083,0.727257650591803,0.485351633724239,0.0717102766032668,0.224836021636508,0.0105184312173092,0.043635285260968,0.0361438517654127,0.00308648445456016,1.24239318496264,0.142926327002083,0.186104851914487,0.00186825966169535,0.084391428737427
9.3,0.663217481999836,0.680460472800867,7.03749924169255,1,0.396899500462105,14.6325323017155,0.0361454875768037,0.0857200287475465,0.20329122486236,0.742188154779075,0.497721767759964,0.0667434843744148,0.24210901189909,0.0110417143053969,0.0425904594823154,0.0361454875768037,0.00321925771637103,1.24246547839275,0.142927957507765,0.190835804543699,0.00157754878338609,0.0841780527596598
9.4,0.649166126860605,0.666493041057032,6.89406641203861,1,0.370322663223494,13.9982484384077,0.0361476386321533,0.0857202049623434,0.201668854440571,0.756768806522585,0.509993963433344,0.0620652116632412,0.260297163915541,0.0115815412592603,0.0415711137967409,0.0361476386321533,0.0033807656819044,1.24252855392453,0.142930105897085,0.19532450945162,0.00136132288355844,0.0839749731069337
9.5,0.634926694354788,0.652379057301352,6.74828785305014,1,0.345545371373704,13.3818025502917,0.0361503250084869,0.0857204251156596,0.20015703031352,0.770948265927556,0.522139105940771,0.0576680746016261,0.279261554892208,0.0121317044031252,0.0405767225611377,0.0361503250084869,0.00357167012976103,1.24258189680569,0.142932795676816,0.199584904754481,0.0012013181674181,0.0837816860962806
9.6,0.620489768468274,0.63810791426166,6.60011319238331,1,0.322426309744883,12.7872217464216,0.0361535709847267,0.0857206912102455,0.198739236785377,0.784687205972158,0.534133292326195,0.0535590696996938,0.298947062003786,0.0126885571698305,0.0396066988496251,0.0361535709847267,0.00379299660995597,1.24262497203188,0.142936049002307,0.203629738746316,0.00108389514691942,0.0835977048976647
9.7,0.605857190559894,0.623680047580021,6.44966992788069,1,0.300842919581912,12.2169214177695,0.0361573946771107,0.0857210047527329,0.197405426601867,0.797941285502297,0.545949802116571,0.0497380818338546,0.319258690345184,0.013247743245048,0.0386604866134248,0.0361573946771107,0.00404533048561554,1.2426573066129,0.142939880606506,0.207470767445402,0.000998733301039542,0.0834225780035564
9.8,0.590977603672309,0.609015303306876,6.29712768847972,1,0.28072590841952,11.6689300520357,0.0361617926826389,0.0857213655105613,0.19616245068442,0.810653774973179,0.557553576476679,0.0461855641666415,0.339992603640496,0.0138035778288468,0.0377376155917912,0.0361617926826389,0.00432775571072497,1.24267865636971,0.142944300429297,0.21111907303712,0.00093763496675598,0.0832559253197458
9.9,0.57588529251552,0.594159212393437,6.14271421942342,1,0.261940479373202,11.1466257872513,0.0361667890156023,0.0857217754683607,0.19499672873554,0.822782739985588,0.568919890691718,0.0429056845507599,0.361077771114616,0.0143518466927069,0.0368375104768733,0.0361667890156023,0.00464126227267531,1.24268848323031,0.142949311097207,0.214584973515297,0.000894466772898073,0.0830973868726756
10,0.560613127666836,0.579148759400751,5.98655517085438,1,0.244410233728874,10.6491978167175,0.0361723628977884,0.0857222329522436,0.193909463436402,0.834266823777335,0.580013383630535,0.0398845177778498,0.382360281538632,0.0148881928382644,0.0359596803437382,0.0361723628977884,0.00498395085409272,1.24268679110862,0.142954904974898,0.217878043622173,0.000864706516525387,0.0829465708029947
10.1,0.545196929748591,0.564024522940152,5.82876670227244,1,0.228063029553933,10.1755536365742,0.0361784894568555,0.085722735953121,0.192902795215467,0.845042999924441,0.590797860855394,0.0371069440154212,0.403681629415361,0.0154082964586755,0.0351036400407149,0.0361784894568555,0.00535366304354456,1.24267363483215,0.142961063916454,0.221007243762155,0.000844979751445544,0.0828030935501248
10.2,0.529646983627101,0.548795971321101,5.66954712471609,1,0.212789877975307,9.7270391294676,0.0361851792594747,0.0857232853634272,0.19197074730784,0.85506269468948,0.601244341077323,0.0345681841647954,0.424923077492756,0.0159075158152003,0.0342688544424515,0.0361851792594747,0.00575048316237626,1.24264862851727,0.142967758390464,0.22398091773066,0.000832845315247413,0.0826665979303172
10.3,0.514093001534342,0.533617045286351,5.51011931345088,1,0.198554937265498,9.30133327187178,0.0361923387817623,0.0857238735055352,0.191118166569277,0.86427575872893,0.611309240414461,0.0322484538699268,0.44598183275994,0.016385087896796,0.0334548663038892,0.0361923387817623,0.0061683643574975,1.24261278530413,0.142974954582671,0.226807125593956,0.000826202939494045,0.0825367389909008
10.4,0.498563944581414,0.518519887902698,5.35072935239761,1,0.185268574172923,8.89859092500765,0.0361999573913234,0.0857244995325751,0.190342935150115,0.872628102300551,0.620959766834306,0.0301379648922894,0.466725532660858,0.016836788103299,0.0326611651180525,0.0361999573913234,0.00660608430337012,1.24256599094221,0.142982594850282,0.22949327757034,0.000823688530107038,0.0824132089111535
10.5,0.483079560517898,0.503521170905025,5.19166614377143,1,0.172860542311461,8.51827789671118,0.0362079873097498,0.0857251595264498,0.189644670308666,0.880074695200491,0.630160573847512,0.0282244734606768,0.487050719128876,0.0172602408689577,0.0318872564399336,0.0362079873097498,0.00706036251075099,1.24250866093904,0.142990624467417,0.232046688300204,0.000823951736188775,0.0822956961631657
10.6,0.467570701296477,0.48851518132139,5.03281168064888,1,0.16129681436693,8.15889276050073,0.0362162999120754,0.0857258428717989,0.189025010531045,0.886599461445936,0.638873644752248,0.0264929545952936,0.506936666526521,0.0176574720878245,0.0311326708971161,0.0362162999120754,0.00752357049734604,1.24244239487561,0.142998973454018,0.234474049996494,0.00082624658692949,0.0821839136067814
10.7,0.452092222001317,0.473565828972859,4.87464895350458,1,0.150498981528467,7.82005199743316,0.0362248680472569,0.0857265473616049,0.188483374181472,0.892148316185421,0.647063792796578,0.0249314114794772,0.526255230162828,0.0180249151252341,0.030396909431862,0.0362248680472569,0.00799351339372409,1.24236730054247,0.143007548292917,0.23678156727268,0.000830066987030304,0.0820775874618187
10.8,0.436674898470334,0.458705892224152,4.71722598939432,1,0.140425505163534,7.50079462700855,0.0362335631278877,0.0857272623608869,0.188020302742481,0.896680481821136,0.654696761752185,0.0235285824558507,0.5449937232029,0.0183643871287002,0.0296795008170437,0.0362335631278877,0.00846284314171185,1.24228505970966,0.143016255469968,0.238975372626988,0.000834876306256511,0.08197644821522
10.9,0.421348682101495,0.443966927654239,4.56060338893237,1,0.131033670848172,7.20017099861195,0.0362422601470471,0.0857279775325343,0.187636316429673,0.9001551249075,0.661738199521077,0.0222731168467766,0.563135247965965,0.0186775186745787,0.0289799728740819,0.0362422601470471,0.00892438891222971,1.24219729720201,0.143024983799993,0.241061062748513,0.00084038657560731,0.0818802458673224
11,0.406129604452149,0.42935986321664,4.40505404464149,1,0.12226091210101,6.91742275535858,0.0362508945507209,0.085728687568674,0.187331576387872,0.902530469065441,0.668152135342126,0.02115216095691,0.580591810867273,0.0189627902725778,0.028297837360085,0.0362508945507209,0.00937397221146902,1.24210467638193,0.14303360518534,0.243043642142407,0.000846428857158543,0.0817887567454127
11.1,0.391089236717525,0.414968773606496,4.25126957763042,1,0.11408098743452,6.65165582421805,0.0362593100028064,0.0857293795054431,0.187106462042792,0.903790537859655,0.673909898353404,0.0201579033052903,0.597405689895204,0.0192228986437266,0.027632654318926,0.0362593100028064,0.00980350859911892,1.24200955274291,0.143042018227941,0.24492900733706,0.000852589057992644,0.0817017197965541
11.2,0.37626980523815,0.400839680650651,4.09963817701317,1,0.106451247422937,6.40200708945561,0.0362673889582362,0.0857300436182077,0.186961316347037,0.90390429220134,0.678978906084379,0.0192799303111836,0.61356029390846,0.0194588552062326,0.0269839593083224,0.0362673889582362,0.010206455725997,1.2419135269522,0.143050090510751,0.246721221276625,0.000858907758706295,0.0816189484908393
11.3,0.361700748499902,0.387002023556821,3.95041580278608,1,0.099321892414968,6.16762692585808,0.0362750307762391,0.0857306715939201,0.186896466359014,0.902834129022232,0.683324871469874,0.0185066944549071,0.629013377868956,0.0196709369596891,0.0263512772154536,0.0362750307762391,0.0105769432529687,1.24181787074006,0.143057706296958,0.248425501071688,0.000865148622126501,0.0815402095360045
11.4,0.34736305217632,0.373418677914789,3.80377899615965,1,0.092679076538733,5.94776797637052,0.0362821218040305,0.0857312540108792,0.186912249701073,0.900606708554381,0.686931797812697,0.0178344516461942,0.643830601693228,0.0198612573495428,0.0257342256752243,0.0362821218040305,0.010910206716453,1.2417247813096,0.143064760908024,0.250046060241386,0.00087126535308672,0.081465308617782
11.5,0.333292946728952,0.360127724740296,3.66007266006803,1,0.0864795961149962,5.74157572102846,0.0362885490021089,0.085731781519706,0.187009005015328,0.897191870260339,0.689767401892345,0.0172527936860349,0.657992449511215,0.0200306884658826,0.0251323411533493,0.0362885490021089,0.0111999549244497,1.24163580149424,0.143071152720628,0.251586693787496,0.000877293997368763,0.0813940677789985
11.6,0.319520849230007,0.347158988229025,3.51962705081066,1,0.080686601386417,5.54822709120767,0.0362942051753121,0.0857322452533598,0.187187068202215,0.892571945473353,0.691803546152085,0.0167528328392631,0.671496561228641,0.0201803325376977,0.0245451799491257,0.0362942051753121,0.0114405692158441,1.24155254428838,0.143076781880834,0.253051873943839,0.000883117765565598,0.0813262846864197
11.7,0.306143175272738,0.334625538037069,3.38303262802957,1,0.0752909833504387,5.36715916845382,0.0362990975517602,0.085732645858132,0.187446725693387,0.886786691729645,0.693039426409086,0.0163334820361853,0.684396455006379,0.0203117234679748,0.0239724186614574,0.0362990975517602,0.0116344558008393,1.24147586598845,0.143081614660279,0.25444450893391,0.000888792978762959,0.0812618250432435
11.8,0.293176261056579,0.322539066171133,3.25056746000493,1,0.0702535113073603,5.19751524230797,0.036303100926884,0.0857329729682161,0.187788321088859,0.879813245609293,0.693443708674702,0.0159850769598867,0.696686726855557,0.0204259792197772,0.0234136001599456,0.036303100926884,0.0117748385760569,1.24140754244208,0.143085547531723,0.255768886589553,0.000894252637870957,0.0812004926197992
11.9,0.280641369376361,0.310916995510506,3.12247847583054,1,0.0655480218702192,5.03858873012786,0.0363061632756226,0.0857332223044995,0.188212137483395,0.87167417803189,0.693002460826077,0.0157017747472757,0.708384344870691,0.020524230476801,0.0228683310594901,0.0363061632756226,0.0118597399584569,1.24134873427344,0.14308860714453,0.257027604204938,0.000899517716180861,0.081142166954347
12,0.268472505213526,0.299664074765633,2.99845238622867,1,0.0611644822721092,4.8899293641773,0.0363083721485512,0.0857334012010856,0.188718271498417,0.862505339603857,0.691736248378879,0.0154827644664916,0.719523908543517,0.0206070985232016,0.0223363146070968,0.0363083721485512,0.0118956576150388,1.24129916544718,0.143090731585974,0.258224295109576,0.000904567696566877,0.0810866811754614
12.1,0.256719994985875,0.288835256057423,2.87892271648317,1,0.0570713563778705,4.75074518906056,0.0363096290310915,0.0857335015107598,0.189307068338783,0.852291570318693,0.689619648819646,0.0153205272308709,0.7301165133451,0.0206758837122509,0.0218171252316754,0.0363096290310915,0.0118777910468295,1.24126047510656,0.143092044569892,0.259375226484565,0.000909414042340893,0.0810332820045274
12.2,0.245398937981323,0.27844343188698,2.76397103571324,1,0.0532495918140057,4.62046879133807,0.0363099558206446,0.0857335250965865,0.189978822162999,0.84110246136391,0.686662154711155,0.0152116663962376,0.740182580120645,0.0207315208398457,0.0213104204686378,0.0363099558206446,0.011808390994924,1.24123295514077,0.14309258992459,0.260478073790193,0.000914067951997559,0.0809820761526614
12.3,0.234528780835053,0.268512319407159,2.65351563266179,1,0.0496884090663263,4.49870399820986,0.0363094648334763,0.0857334813319758,0.190733873256444,0.829061266297395,0.682903440323306,0.0151557124924572,0.74974500632666,0.0207747270330586,0.0208159200606461,0.0363094648334763,0.0116948028380278,1.24121580283131,0.143092288622862,0.261524869688833,0.000918519387853451,0.0809334328422287
12.4,0.224121386849716,0.259046753696591,2.5477596155981,1,0.046362597787474,4.38475593179594,0.0363081106629295,0.0857333664896015,0.191572481442696,0.816197632260502,0.678330532206028,0.0151470900082219,0.758822369321466,0.020806599111445,0.0203332352386112,0.0363081106629295,0.0115354850799861,1.24121012484798,0.143091140664708,0.262515614180484,0.000922768349908569,0.0808873520732291
12.5,0.214164000757641,0.250027945527864,2.44663445538186,1,0.0432587778585345,4.2781958326646,0.0363059720565863,0.0857331871300625,0.192495423775618,0.802495044163736,0.672966395322452,0.0151845575348174,0.767430924177621,0.0208286870016999,0.0198620766340649,0.0363059720565863,0.0113355948106615,1.24121538316448,0.143089146050129,0.263450307265146,0.000926814838162913,0.0808438338456627
12.6,0.204635502436988,0.241427826803231,2.3500190761386,1,0.0403656390507448,4.17864429842817,0.0363031488078017,0.0857329515545337,0.193503627186697,0.787912738437928,0.666839332398936,0.0152676514896811,0.775585748056214,0.0208427204885351,0.0194021736445472,0.0363031488078017,0.0111013839364241,1.24123074154025,0.143086304779123,0.26432894894282,0.000930658852616482,0.0808028781595294
12.7,0.195549870239579,0.233257263060792,2.25801288523581,1,0.0376631859887156,4.08551482722351,0.0362996524030108,0.0857326607608289,0.194597389729066,0.772511696817291,0.659955249197332,0.0153926445739736,0.78330686057086,0.020849674682195,0.0189531769264475,0.0362996524030108,0.0108345105730555,1.24125661502557,0.143083189449436,0.265178828810468,0.000934354360391179,0.0807632254527683
12.8,0.186876926502618,0.225481691122583,2.17028572388656,1,0.0351430827527284,3.99851688550456,0.0362955792722117,0.0857323227272799,0.195777414089049,0.756396273374681,0.652345978585866,0.0155593821000826,0.790606110205264,0.0208500407289733,0.0185148426146637,0.0362955792722117,0.0105405444558056,1.24129197600458,0.143079679795704,0.265994215107341,0.000937890026521832,0.0807251402770469
12.9,0.178599591065106,0.218079536922908,2.08665566786456,1,0.0327934347419222,3.91726730428619,0.0362910042268392,0.085731943663635,0.197044335804721,0.739634515067623,0.644035970692174,0.0157667226322052,0.797498036332707,0.0208446493997427,0.0180868946793682,0.0362910042268392,0.0102241505337195,1.24133620679088,0.143075570055491,0.266765301343553,0.000941246457976154,0.0806890752547556
13,0.170715829236673,0.211044147356588,2.00711107417435,1,0.0305982593977922,3.84127650163529,0.0362859772444725,0.0857315277480199,0.198398713279061,0.722252761843737,0.635041194881043,0.0160123912289934,0.804000269427398,0.0208347216017322,0.0176690201422044,0.0362859772444725,0.00988895440234811,1.24138916059564,0.143070860228796,0.267492087519105,0.000944423654754144,0.0806550303858944
13.1,0.163221635955808,0.204376341079092,1.93153256621822,1,0.0285508808627337,3.77030886427755,0.0362805721447424,0.0857310810519272,0.199841313163364,0.704375894430375,0.625407790534746,0.016296407116494,0.810120850900442,0.0208169240615468,0.0172610002869388,0.0362805721447424,0.00953893096538666,1.24144991950809,0.143065550315619,0.268174573633996,0.000947421616855802,0.0806230056704633
13.2,0.156110735877047,0.198071359785667,1.85980521403554,1,0.026642145572417,3.70406015172928,0.0362748592304331,0.0857306093792922,0.201372843841397,0.686102248408033,0.615172924492765,0.0166182035425968,0.815870595966876,0.0207894533413504,0.0168625904238273,0.0362748592304331,0.0091781367442807,1.2415177448588,0.14305964031596,0.268812759688227,0.000950240344281128,0.0805930011084622
13.3,0.14937303477835,0.192115064088316,1.79182156741655,1,0.024858732177177,3.64211068471256,0.0362689028885923,0.0857301180839895,0.202993915684292,0.667485507392274,0.604358670754138,0.0169762280730909,0.821264985696343,0.020753079361221,0.0164735021727178,0.0362689028885923,0.00881076555084164,1.24159219948279,0.143054017374792,0.269435636548872,0.000952974361609621,0.0805636890451269
13.4,0.143000609896532,0.186501236966447,1.72754911337228,1,0.0231951350452973,3.5842661317486,0.0362627555556969,0.0857296114495033,0.204705508531822,0.648609017322682,0.593022785589268,0.0173705912281565,0.826307904799475,0.0207117151149019,0.0160935327945038,0.0362627555556969,0.00843941525349047,1.24167252075927,0.143048323352856,0.270031500641053,0.000955585509392957,0.0805356054529381
13.5,0.136985489432112,0.181222851340845,1.66693433523751,1,0.0216443440145202,3.53028812596869,0.0362564736726628,0.0857290941069227,0.206508517371993,0.629554412357552,0.581215610776351,0.01780109712196,0.831005680780302,0.0206680793176104,0.015722462789813,0.0362564736726628,0.00806708991199343,1.24175799097566,0.14304236258648,0.270593957903213,0.000958052939824884,0.0805090431519162
13.6,0.131319573550575,0.176270765048355,1.6098688752069,1,0.0201954205545646,3.4798233229661,0.036250124136098,0.0857285715949418,0.20840361564266,0.61039885715011,0.568968128663322,0.0182667498346689,0.835371019339381,0.0206217723925508,0.0153600288977883,0.036250124136098,0.0076978541621887,1.24184800967583,0.143036135075663,0.271123008335353,0.0009603766529054,0.0804840021420612
13.7,0.125985029686564,0.171625314164955,1.55619394884681,1,0.0188436945763283,3.43270820816556,0.0362437389579894,0.0857280465062609,0.210391652651861,0.59122521545559,0.556342347746459,0.0187675162240451,0.83940563174956,0.0205709570813494,0.0150060424361941,0.0362437389579894,0.00733305136802623,1.24194200823049,0.143029640820404,0.271618651937473,0.000962556648634506,0.0804604824233733
13.8,0.12096572654408,0.167268842547344,1.50576420705202,1,0.0175837423581354,3.38875610438041,0.0362373553172077,0.0857275218678218,0.212473466059058,0.572115742431158,0.543396539164322,0.0193032641705531,0.843112594764751,0.0205143117762894,0.0146603055026329,0.0362373553172077,0.00697440705876159,1.24203940248198,0.143022879820705,0.272080888709573,0.000964592927012201,0.0804384839958522
13.9,0.116253421408986,0.163193003890451,1.45849659872291,1,0.0164066456745076,3.34767293217465,0.0362310343508423,0.08572700272009,0.214649839510646,0.553149871237767,0.530171644376251,0.0198734026088068,0.846501316710712,0.0204529058798661,0.0143225774419209,0.0362310343508423,0.00662541881830925,1.24213953626945,0.143016669511286,0.272535968774541,0.00096659207906398,0.0804168183131045
14,0.111832384596179,0.159381776499844,1.41420117616896,1,0.0153084196017479,3.30932005123518,0.0362247908325515,0.0857264902399753,0.216921687062872,0.534376938657434,0.516725419234473,0.0204778306729347,0.849570996391488,0.020387094775471,0.013992682041186,0.0362247908325515,0.00628640460147349,1.24224203193962,0.143010554074521,0.272969254549198,0.00096849466754422,0.0803961481319017
14.1,0.107687166408118,0.155819383525241,1.3726937259725,1,0.0142848359514842,3.27355106316672,0.036218642128721,0.0857259858198568,0.219289915017692,0.515848598509529,0.503114977447934,0.0211164271795685,0.852321367115793,0.0203172040063481,0.0136704398099718,0.036218642128721,0.00595785572310999,1.24234649378319,0.143004443568615,0.273377857750157,0.000970288964313984,0.0803766042272051
14.2,0.103805821948155,0.152493113002461,1.33386181463481,1,0.0133286214206292,3.24012245621275,0.0362126380607323,0.0857254935492928,0.221755332611197,0.49764550859656,0.489389394567353,0.02178881661697,0.854758852962508,0.0202431855856636,0.0133556302299962,0.0362126380607323,0.00564243356754106,1.24245230007067,0.14299833799357,0.273761778377416,0.000971974969373273,0.0803581865990147
14.3,0.100175407418658,0.149391056223395,1.29756744150632,1,0.0124365086303776,3.20892051992115,0.0362067809054713,0.0857250135846424,0.224318716789529,0.479785787225849,0.475595178314965,0.0224945181108908,0.856880820125397,0.0201651012617853,0.013048091232039,0.0362067809054713,0.0053397593276873,1.24255922510854,0.142992237349384,0.274121016430976,0.000973552682722086,0.0803408952473304
14.4,0.0967829725074823,0.146501279773093,1.26367253044161,1,0.0116052002853131,3.17983056655441,0.0362010733136527,0.085724546113128,0.226980845358974,0.462288114100795,0.461778906438972,0.0232330532761232,0.858684703433886,0.0200830134402387,0.0127476602930592,0.0362010733136527,0.00504947761828038,1.24266703986378,0.142986141636058,0.274455571910837,0.000975022104360425,0.0803247301721524
14.5,0.0936149684832241,0.143809580679402,1.23203207028645,1,0.0108286509665201,3.15264813547814,0.0361955522756902,0.0857240941570379,0.229742575137796,0.445222738460601,0.447993589234272,0.0240041723693432,0.860174242551541,0.0199970448927353,0.0124541332022657,0.0361955522756902,0.00477338456877722,1.24277520853679,0.142980076529772,0.274775222359417,0.000976430434314451,0.0803092606192898
14.6,0.0906574910847017,0.141302515689539,1.20251151960315,1,0.0101036494732924,3.12726212277398,0.0361902200991202,0.085723657883101,0.232604527598796,0.42860669054194,0.434276942093488,0.0248073108219537,0.861347186933679,0.0199071164455335,0.0121673512719233,0.0361902200991202,0.00451118408016901,1.2428835322241,0.14297415305527,0.275077290540388,0.000977761573788072,0.0802945994751206
14.7,0.0878961001512383,0.138966425926068,1.1749827004974,1,0.00942837331543105,3.10360745428803,0.0361850623699893,0.0857232360842854,0.235567151688072,0.412430911735686,0.420655965683097,0.0256417204235365,0.862198541394601,0.0198129980326647,0.0118871790602032,0.0361850623699893,0.004261602012818,1.24299198472459,0.142968402148355,0.27536281191439,0.000979019762556672,0.0802806999124181
14.8,0.085317652551101,0.136788174384433,1.14930203349305,1,0.0087976389289916,3.08150765076651,0.0361801051450972,0.0857228308784503,0.238631313915333,0.396749485847353,0.407183593349245,0.0265070974290243,0.8627299535592,0.0197148247901954,0.0116134248635823,0.0361801051450972,0.00402573136311847,1.24310012184838,0.142962854007638,0.275632979066496,0.000980210029817205,0.0802675082310528
14.9,0.0829123347354075,0.134759253751114,1.12536390360348,1,0.00820840133496617,3.06085745255993,0.0361753504895872,0.0857224424156754,0.241797491472007,0.38157949000139,0.393892896651113,0.0274029392448431,0.862939548308399,0.0196124935683486,0.0113459341618314,0.0361753504895872,0.00380331290128704,1.24320775991858,0.142957538831731,0.275888984581777,0.00098133740476662,0.0802549707308954
15,0.0806801344148859,0.13288352520496,1.10314477280289,1,0.0076597878341279,3.04162445890065,0.0361707788167132,0.0857220690755816,0.245065575088791,0.366905308567708,0.380791579193328,0.0283286710072423,0.862822959865349,0.0195056500385412,0.0110845923438124,0.0361707788167132,0.00359295169556887,1.24331497146335,0.142952486819247,0.276132021045303,0.00098240691660187,0.0802430337118162
15.1,0.0786053365101583,0.131145034120802,1.08248960595801,1,0.0071474454752407,3.02365954037856,0.0361664052286453,0.0857217120742769,0.248436395076612,0.352763703618975,0.36792798707767,0.0292838336379371,0.862379812784825,0.0193943422906779,0.0108292208592508,0.0361664052286453,0.00339507234459498,1.24342141853971,0.142947728168796,0.276363281042147,0.000983423594519906,0.0802316434736859
15.2,0.0766785998517249,0.129535584668133,1.06330265439525,1,0.00666858306021211,3.00686607608908,0.0361622301616127,0.085721371429837,0.251910239323206,0.33916603833569,0.355331120556516,0.0302678401215367,0.861608240390385,0.0192785792804332,0.0105796707266532,0.0361622301616127,0.00320935439633985,1.24352694242107,0.14294329307899,0.276583957157379,0.000984392467717679,0.0802207463163749
15.3,0.0748966919339525,0.128052595897187,1.04558280440236,1,0.00622286000550872,2.99123057267367,0.0361582362509297,0.0857210457135321,0.255485845540488,0.326072857197826,0.342993213266867,0.0312794629841526,0.860505768857134,0.0191591271605283,0.0103358444334023,0.0361582362509297,0.00303472185425519,1.24363163676849,0.142939211748442,0.276795241976071,0.000985318565392141,0.0802102885397539
15.4,0.0732482737651736,0.126686035645738,1.02920335719492,1,0.0058066836461057,2.97662922258635,0.0361544297545667,0.085720735416612,0.259164008597047,0.313512143505867,0.330955289884248,0.0323183246706313,0.859070730074904,0.0190357472473702,0.0100975761652466,0.0361544297545667,0.0028711013651294,1.24373526031267,0.142935514375764,0.276998328083294,0.000986206916740244,0.0802002164436932
15.5,0.0717247051961039,0.125428329284672,1.01407948480603,1,0.00541756700447517,2.96297573111067,0.0361508089439507,0.0857204403812762,0.262944818210444,0.301489087608922,0.319241741357285,0.0333837655531621,0.857301226288606,0.0189085281029378,0.00986472338833925,0.0361508089439507,0.00271808208041465,1.24383768543669,0.142931720015626,0.277185601809782,0.000987028233996465,0.0801908792075902
15.6,0.070316591422961,0.124268459883273,1.0001218569902,1,0.00505544989160877,2.95026691724521,0.036147359806383,0.0857201594599171,0.266826148685128,0.289974680296225,0.307835198104958,0.0344753102536389,0.855200016808365,0.0187765994964129,0.00963720145531478,0.036147359806383,0.00257490825194607,1.24393900812355,0.142927838423711,0.277357903539151,0.000987786173869113,0.0801822392442676
15.7,0.0690154322473525,0.123199491188242,0.987246480729372,1,0.00471739528135502,2.93840107281137,0.0361440828913849,0.0857198926782943,0.270808500587655,0.278980454235023,0.296767795578033,0.0355922649750907,0.85276434022502,0.0186402277981724,0.0094148570972618,0.0361440828913849,0.00244123299290824,1.24403905928969,0.142924171002145,0.27752109829203,0.000988503973500252,0.0801740290931758
15.8,0.0678124412675701,0.122213181450671,0.975367655512766,1,0.00440138650903073,2.92730801057279,0.0361409740897134,0.0857196396867822,0.274891534287403,0.268504971882394,0.28605583151333,0.0367340057973931,0.849993201325081,0.0184993157556651,0.00919755899876289,0.0361409740897134,0.00231657861303279,1.244137754652,0.142920726209827,0.277676004110384,0.000989185202535339,0.0801662121892515
15.9,0.0667123886812826,0.121316906484986,0.964500216602111,1,0.00410730675559598,2.91698307178158,0.0361380236041172,0.0857193996849968,0.279073153033118,0.258518987824891,0.275680628296556,0.0379007281384712,0.846893529985643,0.0183538856156839,0.0089852255272111,0.0361380236041172,0.00220046852644617,1.24423516415,0.142917512505656,0.277823439036181,0.00098983343061983,0.0801587519674311
16,0.0657058212672751,0.120501656348456,0.954553518351616,1,0.00383304590711095,2.90735284599819,0.0361352276051339,0.0857191723454843,0.283353103623104,0.249022432327991,0.265660204025643,0.0390917677767519,0.843463941175322,0.0182038342477664,0.00877772292340011,0.0361352276051339,0.00209242498855725,1.2443311959147,0.142914538348531,0.277964221111385,0.000990452227399182,0.080151611862651
16.1,0.0647851791225955,0.119760602251389,0.945450955968131,1,0.00357675918258197,2.89835307450916,0.0361325814689126,0.085718957277838,0.287730887455731,0.240011352002601,0.256007692131715,0.0403065749196311,0.839704156682989,0.0180490752107597,0.00857492436683803,0.0361325814689126,0.00199197040901495,1.24442577961588,0.142911812197352,0.278099168377963,0.000991045162518849,0.0801447553098478
16.2,0.0639467180319121,0.119090914886039,0.937157487416979,1,0.0033372430093834,2.88994167302597,0.0361300795430051,0.0857187540126475,0.292205317527436,0.231471591856816,0.246724035859116,0.0415448199330677,0.835617241019567,0.017889750077726,0.00837672147835983,0.0361300795430051,0.00189868394729831,1.24451889043668,0.142909342511018,0.278229098877881,0.000991615805624289,0.0801381457439579
16.3,0.0631934858008685,0.118496497484445,0.929724995946523,1,0.00311453906010436,2.88211966798869,0.0361277149024632,0.0857185619865776,0.296773792346105,0.223368520921201,0.237786190843249,0.0428065548703282,0.831213293838713,0.0177265959380802,0.00818304305369707,0.0361277149024632,0.00181230084339601,1.24461058662924,0.142907137748428,0.278354830653105,0.000992167726360959,0.0801317465999179
16.4,0.0625168490125728,0.117969674354534,0.923055866801675,1,0.00290654737872025,2.87481394207135,0.0361254828108412,0.0857183807978295,0.301436143120524,0.215702723731552,0.229212367686071,0.0440911753417152,0.826490315439837,0.0175593256854835,0.00799375395352551,0.0361254828108412,0.00173228790303049,1.24470078357992,0.142905206368481,0.278477181745601,0.000992704494374313,0.0801255213126642
16.5,0.0619125068634337,0.11750706447463,0.917107934649374,1,0.0027119623480343,2.86797887817462,0.0361233777199691,0.0857182099846901,0.30619129876075,0.208461723248483,0.221005475353404,0.0453983204349162,0.821450793822412,0.0173880320919985,0.00780874275229505,0.0361233777199691,0.00165821149529339,1.24478944966458,0.142903443885292,0.278593963592027,0.000993216759171084,0.0801195674157462
16.6,0.0613774437167049,0.117104963515115,0.911858960061508,1,0.00253058357914155,2.8616072421857,0.036121394831065,0.0857180491560064,0.311037365919847,0.201616575609944,0.213146191849045,0.0467280876234762,0.816105789802493,0.0172126835987869,0.00762793621249273,0.036121394831065,0.00158988375808897,1.24487661372737,0.142901496129113,0.278696341011095,0.000993666608070055,0.0801142788907521
16.7,0.0609079872207398,0.116759832355382,0.9072765215556,1,0.00236164591608719,2.85567218644569,0.0361195289624127,0.0857178978845692,0.315972871420777,0.195146751431625,0.205626555105716,0.0480803401476781,0.810461983522598,0.0170333121795825,0.00745124158267781,0.0361195289624127,0.00152699124248276,1.24496227371339,0.142899690978635,0.278793635042474,0.000994094150235058,0.0801092399275627
16.8,0.0604997462571461,0.116468312694145,0.903317053510253,1,0.00220376607201338,2.85012539649979,0.0361177745131789,0.0857177557037069,0.320996801957514,0.189040930876271,0.198451036364925,0.0494546848822498,0.804521260529512,0.0168500193437733,0.00727854475364477,0.0361177745131789,0.00146908304622028,1.24504639374911,0.142898023433386,0.278886305437871,0.000994501415648244,0.0801044299413386
16.9,0.0601488983611809,0.11622702879577,0.899944090146734,1,0.00205599576094721,2.84493367179758,0.0361161262604101,0.0857176221813072,0.326107805115415,0.183282135618029,0.191615440117246,0.0508508929450438,0.798288986361866,0.0166628905985351,0.00710974692012794,0.0361161262604101,0.00141580889077548,1.24512896131995,0.142896488492894,0.278974811948991,0.000994890434291763,0.0800998283472405
17,0.0598545556482609,0.116034655032926,0.897128556515088,1,0.00191871102094484,2.84010995792625,0.0361145817199001,0.0857174971204829,0.331303199599806,0.177851915077606,0.18509077555277,0.0522689257786616,0.791783148604157,0.0164725934617148,0.00694480111065683,0.0361145817199001,0.00136719939549391,1.24521002659039,0.142895081156687,0.279059614327541,0.000995263236147767,0.0800954145604291
17.1,0.0596119389620092,0.115887147321746,0.894831577379799,1,0.00179053182805015,2.83560601040359,0.0361131347758464,0.085717380012437,0.336582066219315,0.17273377089305,0.178880930586359,0.0537084924538874,0.785004997928484,0.0162790237013402,0.00678359162182172,0.0361131347758464,0.00132278010674184,1.24528955661209,0.142893796424294,0.279141172325226,0.000995621851198408,0.0800911679960652
17.2,0.059417602842669,0.115781393303642,0.893017636460577,1,0.00167068003196038,2.83139455706521,0.0361117805571418,0.0857172704552768,0.341942881838323,0.167910535598375,0.172978524260787,0.0551693885395601,0.777961521425442,0.0160823415953937,0.00662602630743531,0.0361117805571418,0.00128224967987438,1.24536754692282,0.142892629295243,0.279219945693753,0.000995968309425835,0.0800870680693093
17.3,0.0592711059841827,0.115717609565591,0.891679975986068,1,0.00155878334771732,2.82746251022392,0.0361105156798172,0.0857171681720613,0.347384317219597,0.163369699421841,0.167370876399915,0.0566515079341417,0.770664473990921,0.0158827750269964,0.00647203221632363,0.0361105156798172,0.00124545202771466,1.24544400805825,0.142891574769062,0.279296394184826,0.000996304640812201,0.0800830941953223
17.4,0.0591735486540095,0.115697720934177,0.890826595537636,1,0.00145467775908981,2.82380406091948,0.0361093375230245,0.0857170729499683,0.35290514262435,0.159101142675189,0.162042587547452,0.0581547949936803,0.763128057107473,0.0156805865706674,0.00632154624718303,0.0361093375230245,0.00121230560157099,1.24551895825018,0.14289062784528,0.279370977550152,0.000996632875339657,0.0800792257892647
17.5,0.0591203940783713,0.115717405750175,0.890411531778292,1,0.00135743767773238,2.82038678421555,0.0361082406754262,0.0857169843417139,0.358503764479809,0.155086005899422,0.156988201784794,0.0596790095669724,0.75535752587283,0.0154759119455804,0.00617446928088495,0.0361082406754262,0.00118245628935462,1.24559238758812,0.142889783523424,0.279444155541436,0.000996955042990354,0.0800754422662973
17.6,0.0591094735688546,0.115774966463536,0.890411490851682,1,0.00126645744692718,2.81718943637898,0.0361072208979519,0.0857169019985101,0.364178742057559,0.151309101157946,0.152198085976056,0.061223989013144,0.747361893704395,0.0152689401620372,0.00603071732916122,0.0361072208979519,0.0011556644811357,1.24566429798401,0.142888976682484,0.279508470011691,0.0009972379479655,0.0800720676492272
17.7,0.059145431298947,0.115875787896351,0.890882919017322,1,0.00118180217264914,2.81421425919804,0.0361062779721148,0.0857168259052683,0.369931688572475,0.147760018812864,0.147658570645127,0.0627900657429076,0.739158944995343,0.0150595524140368,0.00589024283828578,0.0361062779721148,0.0011320071692986,1.2457347006892,0.142888233668649,0.279568509080164,0.00099750198685893,0.0800689016758692
17.8,0.059226078863642,0.116018152002007,0.89180229164897,1,0.0011028642569764,2.81143994097191,0.0361054076472088,0.0857167557122347,0.375761154457953,0.144423557099064,0.143360034337392,0.0643770756826974,0.73075766777965,0.0148479386027092,0.00575296171454797,0.0361054076472088,0.00111124382765843,1.24580359758857,0.142887556883244,0.279625707318265,0.00099775352650866,0.0800658813346825
17.9,0.0593497676402223,0.116200901869446,0.893152401920872,1,0.00102908924644045,2.80884703075498,0.036104605991078,0.0857166910960945,0.381665932110975,0.141284892835506,0.139292535799449,0.0659848939818295,0.722167745014728,0.0146342642409329,0.00561879275094188,0.036104605991078,0.0010931590143964,1.24587099130697,0.142886939577771,0.279680294261667,0.000997993572693344,0.0800629960604313
18,0.0595154989795493,0.116423243007569,0.894925727710172,1,0.000960092927846734,2.80642204084033,0.0361038702591335,0.0857166318317934,0.387645938002993,0.138330779178594,0.135445596778735,0.0676135247784466,0.713400861996372,0.0144187234740802,0.00548766456231561,0.0361038702591335,0.00107762456864612,1.24593688481727,0.142886375003728,0.279732499446045,0.000998223131191638,0.0800602352878797
18.1,0.0597216704840614,0.116682539404784,0.897115729389615,1,0.000895843346641388,2.8041638272403,0.0361032004658937,0.0857165779220953,0.393704044698595,0.135551887593444,0.131808508050387,0.069263245151301,0.704472443200364,0.0142017624702409,0.00535952712457435,0.0361032004658937,0.00106470543840435,1.24600127816048,0.142885856412615,0.279782552407072,0.000998443207782199,0.0800575884517918
18.2,0.059967541250581,0.116978569523773,0.899715879132245,1,0.000835878218721013,2.80205616621824,0.0361025932360744,0.0857165290898965,0.399839473431847,0.132934061064649,0.128370786571663,0.0709339983627641,0.695393370906624,0.0139835072582696,0.00523430425231883,0.0361025932360744,0.00105422986863156,1.24606417519149,0.142885377055932,0.279830682680422,0.000998654808243682,0.0800550449869318
18.3,0.0602520067180383,0.117310072677234,0.902719776354975,1,0.000779923675871993,2.80008943653632,0.0361020466764886,0.0857164851804606,0.406053039760214,0.130465252121217,0.125121844152418,0.0726258737917229,0.686176518961577,0.0137642226976391,0.00511193120742866,0.0361020466764886,0.00104612965565521,1.24612557812072,0.14288493018518,0.279877119801768,0.000998858938354743,0.0800525943280638
18.4,0.0605737022614319,0.117675841046909,0.906105190953386,1,0.000727694664226651,2.7982536299902,0.0361015589647767,0.0857164460445438,0.412346596300504,0.128135838750452,0.122052432077419,0.0743389362701058,0.676833436289608,0.0135440959681738,0.00499234484607079,0.0361015589647767,0.00104032772435009,1.24618548665616,0.142884509051857,0.279922093306784,0.000999056603894038,0.080050225909952
18.5,0.0609312049482857,0.118074558769549,0.909848371660589,1,0.000678929917041602,2.7965395724263,0.0361011284800928,0.0857164115495056,0.418722313720496,0.125936735551735,0.119153424639538,0.0760732673006523,0.667375796247406,0.0133233224596127,0.0048754837063524,0.0361011284800928,0.00103675966124203,1.24624390005043,0.142884106907464,0.279965832731144,0.000999248810640222,0.0800479291673604
18.6,0.061323249912729,0.118504629364358,0.913939391072713,1,0.000633429461317535,2.79494023322392,0.0361007539432603,0.085716381591224,0.425181909637089,0.123857368039973,0.116414514537719,0.0778290092609838,0.657816950986689,0.0131021978840271,0.00476128810232453,0.0361007539432603,0.00103539680772412,1.24630081929608,0.142883782389435,0.280006590342732,0.00099942785538269,0.0800457791039127
18.7,0.0617484155336828,0.118964426824087,0.918359818812143,1,0.000591000046095969,2.79344882001369,0.0361004342128473,0.0857163560767586,0.431727770560678,0.121888620010941,0.113826111058035,0.0796063010871853,0.648169669874206,0.012880984253305,0.00464969998720796,0.0361004342128473,0.00103621265969093,1.24635624393142,0.142883564635097,0.280043510491384,0.000999589964136906,0.0800438121172148
18.8,0.0622086294710529,0.119457185777288,0.923134606012402,1,0.000551374811192593,2.79205596620636,0.0361001676525464,0.0857163348720289,0.438367403933388,0.120024632263147,0.111381014653385,0.0814052491828376,0.638443384431736,0.0126598717624349,0.00454065999993944,0.0361001676525464,0.00103913025968315,1.24641017154783,0.142883388078465,0.280078601350915,0.000999743976795125,0.0800419406691302
18.9,0.0627026608889741,0.119981510165115,0.928246386687957,1,0.000514399489649501,2.79075624691488,0.0360999534619587,0.0857163179121616,0.445104260812277,0.118257597365865,0.109070078741693,0.0832260215992262,0.628650808513021,0.0124391320597215,0.00443411318860414,0.0360999534619587,0.00104414285479076,1.24646260064856,0.142883249553398,0.280111984126654,0.000999890421988782,0.0800401588825609
19,0.0632300944125407,0.12053716909283,0.933687809376969,1,0.000479918703698295,2.78954420002377,0.0360997908639541,0.0857163051341074,0.451943339973664,0.116580938220324,0.106884858817409,0.0850687905244451,0.618803895710161,0.0122190246527318,0.00433000551543672,0.0360997908639541,0.00105124021722238,1.24651352890303,0.142883145893752,0.280143780023925,0.00100002982834931,0.0800384608804091
19.1,0.0637913605370066,0.121124940317133,0.939463330654893,1,0.000447771601021694,2.78841417298206,0.0360996792385718,0.0857162964875554,0.458890692299503,0.114987407591277,0.104817474947344,0.0869338133890739,0.608913877768077,0.0119996998176423,0.00422828355514055,0.0360996792385718,0.00106041857329761,1.24656295096552,0.142883073933386,0.280174110248057,0.00100016272450816,0.0800368407855769
19.2,0.0643888741019379,0.121747759051276,0.945607755534266,1,0.000417750381797493,2.78735887022676,0.036099618247105,0.0857162919447416,0.465953654674052,0.113465096138897,0.102860968833222,0.0888216240928442,0.59899028308332,0.0117809263137377,0.00412889279334473,0.036099618247105,0.0010716862213529,1.24661085245328,0.142883030506158,0.280203096004375,0.00100028963909674,0.0800352927209665
19.3,0.065022848471915,0.122406229890335,0.952119902945129,1,0.000389748185462997,2.78637453234763,0.0360996075602317,0.0857162914794234,0.473139281528372,0.112009577249162,0.101007783420498,0.0907324372110963,0.589044636622959,0.0115629656955354,0.00403178352092554,0.0360996075602317,0.00108505668158814,1.24665722923503,0.142883012445926,0.280230858498206,0.00100041110074651,0.0800338108094799
19.4,0.0656946635586429,0.12310223803612,0.959015980262856,1,0.000363640097070779,2.78545676879269,0.0360996470767677,0.0857162950837976,0.480455606861546,0.110614134978652,0.0992509862457494,0.0926666273861919,0.579087482870933,0.0113458688178763,0.00393690609127784,0.0360996470767677,0.0011005542078832,1.24670207191088,0.142883016586546,0.280257518934876,0.0010005276380889,0.0800323891740193
19.5,0.0664033790113037,0.123834342825643,0.966289432689616,1,0.00033928397150449,2.78460058572774,0.0360997372864319,0.0857163027981681,0.487910478614741,0.109271015779429,0.0975834975629841,0.0946247862022773,0.569128129267302,0.0111298362297514,0.00384420970895225,0.0360997372864319,0.0011182371429707,1.24674536020453,0.142883039761878,0.280283198519713,0.00100063977975534,0.0800310219374868
19.6,0.0671482141988,0.12460126307318,0.973935862322209,1,0.000316549315587965,2.78380139847835,0.0360998788699308,0.0857163146784823,0.4955123537859,0.107972673085584,0.0959985202215314,0.0966075485175274,0.559175632693487,0.0109150504463785,0.00375364476538451,0.0360998788699308,0.00113817430855895,1.24678707217165,0.142883105576039,0.280307684464707,0.00100074660491248,0.0800297190882108
19.7,0.0679307125406934,0.125404918799172,0.981974775529347,1,0.000295342494089199,2.78305591510871,0.0361000723499452,0.0857163307679992,0.50327099234252,0.106712853489211,0.0944899148292221,0.0986154409007631,0.549239660398,0.0107015295696329,0.00366516487733396,0.0361000723499452,0.0011604244005121,1.24682719223629,0.142883449817226,0.28032811671334,0.00100083570410714,0.0800286163656624
19.8,0.0687513525483544,0.126245668421594,0.990415530411269,1,0.000275567261583224,2.78236075289373,0.0361003186376236,0.0857163511416521,0.511196370677171,0.105484895981235,0.0930516123133077,0.10064911895286,0.539329141939258,0.0104893564925229,0.00357872369504997,0.0361003186376236,0.00118506825234799,1.24686569860732,0.142883850430214,0.280347347392986,0.00100091945763034,0.0800275781678721
19.9,0.0696077266864975,0.127120788527505,0.999218221125974,1,0.000257105239391383,2.7817117522531,0.0361006189253143,0.085716375897346,0.519298495365044,0.104285992409398,0.0916770427812662,0.102709423517765,0.529451035700959,0.0102790576668049,0.00349427604446686,0.0361006189253143,0.00121219249183434,1.24690255867178,0.142884306695738,0.280365467181029,0.00100099826162831,0.080026600067887
20,0.0705001562942001,0.128030354268184,1.00839037629334,1,0.000239878044992408,2.78110615794121,0.0361009745569153,0.085716405145423,0.52758843397275,0.103109993161191,0.0903606031162472,0.104797125480801,0.519613547420157,0.0100707287805243,0.00341177768660434,0.0361009745569153,0.00124190125674891,1.24693774567305,0.142884817894534,0.280382566754856,0.0010010725122473,0.0800256776387544
20.1,0.0714281553925835,0.128973535975221,1.01792605980299,1,0.000223808163859175,2.78054124536675,0.0361013871095264,0.085716439015297,0.536077665870529,0.101951938035908,0.0890967327076616,0.106913086490835,0.509824103206968,0.00986458539307439,0.00333118546909351,0.0361013871095264,0.00127430881647092,1.24697122820716,0.142885383307338,0.280398736791854,0.00100114260563354,0.0800248064535215
20.2,0.0723926078629509,0.129951490257025,1.02783303633949,1,0.00020881334565531,2.7800141237005,0.0361018584011396,0.085716477656207,0.544780599827875,0.100807512685334,0.0878801751241875,0.109058304249592,0.500089283238654,0.00966066807906521,0.00325245691018961,0.0361018584011396,0.00130953768898077,1.24700296815148,0.142886002214886,0.280414067969409,0.00100120893793327,0.0800239820852354
20.3,0.0733981686925766,0.130970715529133,1.03815991123653,1,0.000194792312552907,2.77952123391644,0.0361023905149553,0.0857165212393701,0.553717929225268,0.0996730626253803,0.086706182753659,0.111234001862718,0.490414389626805,0.00945852928945249,0.00317554965182732,0.0361023905149553,0.00134771480884036,1.2470329160479,0.142886673897913,0.280428650964908,0.00100127190529271,0.0800232001069433
20.4,0.0744418884087535,0.132026926082086,1.04887144040368,1,0.000181703621776756,2.77906111852683,0.0361029856624109,0.085716569945965,0.562899941404762,0.0985446829108871,0.0855696628504998,0.113441150352028,0.480805987430271,0.00925870020949827,0.00310042417194786,0.0361029856624109,0.00138899209533928,1.24706103618253,0.142887397637154,0.280442576455736,0.0010013319038581,0.0800224560916925
20.5,0.0755239378733187,0.133120255483998,1.05996608715133,1,0.000169491314615022,2.77863181029765,0.0361036463123162,0.0857166239784609,0.572342253483589,0.0974190763830964,0.0844659826355172,0.115680918827217,0.47126950900806,0.00906130781656913,0.00302704122733817,0.0361036463123162,0.00143352706100764,1.24708728294078,0.142888172713346,0.28045593511928,0.00100138932977568,0.0800217456125301
20.6,0.0766444785893916,0.134250819946687,1.07144171693644,1,0.000158106613412117,2.77823159426971,0.0361043751531691,0.0857166835573116,0.582061220352911,0.0962933032171777,0.0833907343529023,0.117954543117437,0.461809953113444,0.00886647844823072,0.0029553625998578,0.0361043751531691,0.0014814884704104,1.24711160770734,0.142888998407225,0.280468817632927,0.00100144457919169,0.0800210642425033
20.7,0.0778036627013735,0.13541871832568,1.08329559736251,1,0.000147507921568697,2.77785900775867,0.0361051750931561,0.0857167489209557,0.592073934677821,0.0951647809222272,0.08233973527023,0.120263325771295,0.452431884893959,0.00867433780224776,0.00288535109643881,0.0361051750931561,0.00153305634014742,1.24713395886624,0.142889873999525,0.280481314674063,0.00100149804825235,0.0800204075546592
20.8,0.0790049113247968,0.136628189205304,1.09558998568662,1,0.000137579737521722,2.77750999321613,0.0361060513307831,0.0857168204968391,0.602390702306595,0.0940323309174168,0.0813105897403125,0.122609281142267,0.443139465816251,0.00848449746613392,0.00281696660592911,0.0361060513307831,0.00158852676858747,1.2471542296875,0.142890798770983,0.280493516920073,0.0010015501331039,0.0800197711220452
20.9,0.0802480256174128,0.13787887539463,1.10831430630183,1,0.000128303045111768,2.77718388107402,0.0361070070037479,0.0857168985420357,0.613030854093527,0.092893979305857,0.0802994067575276,0.124993779836401,0.433936390783398,0.00829713389992426,0.00275017438505741,0.0361070070037479,0.00164809165157134,1.24717236783561,0.142891772002335,0.280505515048346,0.00100160122989258,0.0800191505177083
21,0.0815334116180346,0.139171181232987,1.12146967446113,1,0.000119650816664647,2.77687972058883,0.0361080458573977,0.0857169833636472,0.624013048832208,0.0917483056148911,0.0793028130132153,0.127418380044748,0.424825926699568,0.00811232671816564,0.0026849399768208,0.0361080458573977,0.00171197377825416,1.24718830821024,0.142892792974315,0.280517399736266,0.00100165173476462,0.0800185413146958
21.1,0.0828619569549801,0.140506116250146,1.13506642965995,1,0.0001115910624776,2.77659638691691,0.0361091721668563,0.0857170753123719,0.635355556240628,0.0905944034364185,0.0783178941495951,0.129884803282959,0.415810911344603,0.00793007800053341,0.00262122935877914,0.0361091721668563,0.00178042288866468,1.24720197490612,0.14289386096766,0.280529261661221,0.00100170204386626,0.0800179390860548
21.2,0.0842346136419198,0.141884766130728,1.149115788892,1,0.000104097149922566,2.77633294344475,0.0361103904735138,0.0857171747607396,0.647077214549538,0.0894317472383707,0.0773419959699175,0.132394852296952,0.406893749565751,0.00775037763669119,0.00255900944486592,0.0361103904735138,0.0018537023329487,1.24721328784502,0.142894975263106,0.280541191500596,0.00100175255334373,0.0800173394048325
21.3,0.0856524516033559,0.143308118585706,1.16362742032427,1,9.711045161229e-05,2.77608733007673,0.0361117081022056,0.0857172823110169,0.659187191403101,0.0882603039518801,0.0763733187804394,0.13495057101457,0.398077519308773,0.00757319683227118,0.00249824396454729,0.0361117081022056,0.00193222685927026,1.24722211364395,0.142896135141388,0.280553279931778,0.00100180365934327,0.0800167378440761
21.4,0.087116631554473,0.144777151579375,1.17861067266098,1,9.05592707294242e-05,2.77585702785003,0.0361131338858145,0.0857173986898662,0.671690171778858,0.0870804764325872,0.0754106162507928,0.137554163501694,0.389365411217007,0.00739849139924703,0.00243889555075898,0.0361131338858145,0.00201649279979971,1.24722829050915,0.142897788170975,0.280565635907723,0.00100185534319506,0.0800161425609237
21.5,0.0886282728684627,0.146293263181913,1.19408056475506,1,8.44510475376339e-05,2.77564229701957,0.0361146719513769,0.0857175242351126,0.684611634166419,0.0858928279972271,0.0744517282249824,0.140207599106548,0.380757998289658,0.0072262177870314,0.00238093591258911,0.0361146719513769,0.00210673792833484,1.24723174952258,0.142907302084551,0.28057865049916,0.00100190118276355,0.0800157559716204
21.6,0.0901886124070035,0.147857754863815,1.21005058577768,1,7.8761522267778e-05,2.7754422847083,0.0361163291895125,0.0857176595126776,0.697967467260898,0.084698413545253,0.0734953443603362,0.142913087097175,0.372256517897254,0.00705631381224694,0.00232433360717422,0.0361163291895125,0.0022033503294698,1.24723236884909,0.142918188496708,0.280592149897565,0.0010019475774554,0.0800153915309582
21.7,0.091798954131319,0.149471995420647,1.22653497936322,1,7.3469898172316e-05,2.77525625975441,0.0361181128847491,0.0857178051208566,0.711773609061448,0.0834986745105607,0.0725404446133655,0.145672926082782,0.363861830562839,0.00688870477220299,0.00226905791906301,0.0361181128847491,0.00230673868492483,1.24723001998922,0.14293051627315,0.280606227617129,0.00100199485902747,0.0800150467653357
21.8,0.0934606841064294,0.151137439602825,1.24354881831918,1,6.85587378366092e-05,2.77508360906901,0.0361200307299866,0.085717961691516,0.726045990624913,0.0822954405382417,0.0715863005104469,0.148489503764782,0.355574426575409,0.00672330623881964,0.00221507885390773,0.0361200307299866,0.00241733307889367,1.24722456752742,0.14294435427958,0.280620977172043,0.00100204335923664,0.0800147192011519
21.9,0.0951796154665032,0.152861022971997,1.26112963931161,1,6.39839367677179e-05,2.77492278287512,0.0361220950149166,0.0857181302365837,0.740784248117824,0.0810914150425952,0.0706328431147064,0.151365224841985,0.347396341126278,0.00656083312959451,0.00216236531158208,0.0361220950149166,0.00253581821238007,1.24721579623331,0.142959771381701,0.2806364920765,0.00100209340983979,0.0800144063648054
22,0.097056351001951,0.154770981879994,1.27996855242385,1,5.97094685449548e-05,2.77477251513577,0.0361243263589232,0.0857183124514932,0.755986620089912,0.0798901760711317,0.0696802600947197,0.154302486525467,0.33932921537355,0.00640161808158265,0.00211088803873285,0.0361243263589232,0.0026634223519455,1.24720338479307,0.142976836445217,0.280652865844689,0.00100214534259378,0.080014105782695
22.1,0.0994239025710817,0.157291639983703,1.30243159135958,1,5.57136778824588e-05,2.77463204448877,0.0361267688587271,0.0857185119583558,0.771648340109433,0.0786965914857117,0.0687289438600126,0.15730353622976,0.331374273892163,0.00624510764054856,0.00206062101266749,0.0361267688587271,0.00280291127118155,1.24718671483507,0.142995618335829,0.280670191990803,0.0010021994892555,0.0800138149812194
22.2,0.10272415542913,0.16096055550661,1.33304712333132,1,5.19803933799702e-05,2.77450080229791,0.0361295455345627,0.0857187388605301,0.787775120577185,0.0775107163931578,0.0677794247374769,0.160370578457681,0.323532094196111,0.00609082927621988,0.00201153582500937,0.0361295455345627,0.0029621701001409,1.24716415735302,0.143016185919241,0.280688564029033,0.00100225618158181,0.0800135314867774
22.3,0.107316852998023,0.166191030420866,1.37615119476214,1,4.84956665969051e-05,2.77437829803578,0.0361328574438603,0.0857190096835969,0.804371664210415,0.0763325974649553,0.0668322956214667,0.163505796581568,0.31580316429916,0.00593873512776989,0.00196360533477647,0.0361328574438603,0.0031539871669724,1.24713305715224,0.143038608061157,0.28070807547357,0.00100231575132958,0.0800132528257679
22.4,0.113340877867623,0.173080336767591,1.43517543811275,1,4.52462786889774e-05,2.77426406691225,0.0361370472208308,0.0857193526130111,0.821446431671212,0.0751607792333912,0.0658880192761107,0.166711386988641,0.308187765537104,0.00578965133682285,0.00191680250536947,0.0361370472208308,0.00339997363864092,1.24708889059431,0.143062953627279,0.280728819838605,0.0010023785302557,0.0800129765245894
22.5,0.120812225527378,0.181579511155888,1.51027969971967,1,4.22159144084371e-05,2.77415753541503,0.0361426074441624,0.0857198082610376,0.838995338132359,0.0739992562028709,0.0649471132960655,0.169989598689446,0.300686579487847,0.00564361695919843,0.00187110386094297,0.0361426074441624,0.00373035971205243,1.24702506065313,0.143089291483311,0.28075089063833,0.00100244485011703,0.0800127001096409
22.6,0.129749253894483,0.191650950912752,1.60148292114144,1,3.93899522758842e-05,2.77405818955573,0.0361501864903777,0.0857204302294575,0.857012988411032,0.0728519676398124,0.0640103693085874,0.173342625829875,0.293300220825824,0.0055001864414733,0.0018264847916314,0.0361501864903777,0.00418388249060851,1.24693281017661,0.143117690494955,0.280774381386936,0.00100251504267045,0.080012421107321
22.7,0.140155711571255,0.203259940209051,1.70776542171528,1,3.67530119923802e-05,2.77396548871301,0.0361606438092413,0.0857212897920851,0.875486799518894,0.0717245237447529,0.0630788852304501,0.176772603430732,0.286029457490268,0.00535849688241932,0.00178292068816437,0.0361606438092413,0.00481034887445423,1.24680044528067,0.143148219527915,0.280799385598615,0.00100258943967282,0.0800121370440285
22.8,0.152112855984936,0.216485208631214,1.82990374122183,1,3.42923286449239e-05,2.77387898413635,0.0361751516724153,0.0857224846182927,0.894400602582832,0.0706192347109631,0.0621541571302119,0.180281449101637,0.278874838705145,0.00521937157440011,0.00174038606407126,0.0361751516724153,0.00567503848263753,1.24661199875678,0.143180947447893,0.280825996787557,0.00100266837288103,0.0800118454461622
22.9,0.165653945205334,0.231342741054319,1.96829945845862,1,3.19957775172521e-05,2.77379824959347,0.0361953517226397,0.0857241522087622,0.913733704201061,0.0695375770977519,0.0612376447658574,0.183870911130117,0.271836888591474,0.00508291011192885,0.00169885684385014,0.0361953517226397,0.00686566702015383,1.24634532843321,0.143215943120594,0.280854308467954,0.00100275217405195,0.0800115438401208
23,0.180816868227965,0.247859797053285,2.1238526346043,1,2.98527954548545e-05,2.77372291371866,0.0362234268948802,0.0857264762306737,0.933463711810842,0.0684794462262301,0.0603308984471478,0.187542539273085,0.264916053154319,0.00494939700397496,0.00165830949085894,0.0362234268948802,0.00849452800031161,1.24597122001541,0.143253275411719,0.280884414153998,0.00100284117494245,0.0800112297523031
23.1,0.197540987777228,0.265932524922356,2.29613565667322,1,2.78533031797254e-05,2.77365262217331,0.036262542108616,0.0857297250573887,0.953577120528508,0.0674469332695452,0.0594351848398032,0.19129778494135,0.258112953269711,0.00481833511911509,0.00161872229661507,0.036262542108616,0.010713837537401,1.24544811401461,0.143293013186972,0.280916407359879,0.0010029357073094,0.0800109007091079
23.2,0.215756775987794,0.28545722417526,2.48439229571007,1,2.59878810263718e-05,2.77358704380458,0.0363168529807527,0.08573425431786,0.97406001927783,0.0664420152228405,0.0585518616318765,0.195137994020948,0.25142822281327,0.00468950410534634,0.0015800726375405,0.0363168529807527,0.0137067840035362,1.24472273038894,0.143335442411418,0.280950410696862,0.00100303612112892,0.0800105548100743
23.3,0.235345335466737,0.30627265625547,2.68707578167978,1,2.42475709168027e-05,2.77352586342536,0.0363917417129947,0.0857405282131521,0.994900481113101,0.0654676042203108,0.0576822125832598,0.199064408247047,0.244862573578577,0.00456265632370985,0.00154233818016159,0.0363917417129947,0.0176927233672523,1.24372764002393,0.143400723352514,0.280989210459942,0.00100314443425327,0.0800102426227235
23.4,0.256181943859996,0.328225633834771,2.90277238270252,1,2.26239203355691e-05,2.77346878205833,0.0364942433308342,0.0857491625687609,1.01607288410829,0.0645257855935057,0.0568276953802269,0.203078092007945,0.238416631272997,0.00443855038778065,0.00150549724906809,0.0364942433308342,0.0229147363377345,1.24237908897297,0.143489586279779,0.281032988808965,0.00100326103394513,0.0800099634195546
23.5,0.278090859736913,0.351104295835225,3.12969964893683,1,2.1122701158557e-05,2.77341554917872,0.0366329188148675,0.0857609175255647,1.03754450292902,0.0636183132735079,0.0559897491313463,0.207179856722536,0.232090985830503,0.00431740863096902,0.00146952986023352,0.0366329188148675,0.0296236090411216,1.24058132692639,0.143614360327506,0.281085320002112,0.00100339964931152,0.0800097129573641
23.6,0.300876222591651,0.374682068360287,3.36601781243902,1,1.99740816674484e-05,2.77336624461585,0.0368180318830189,0.0857767162083008,1.05927090633035,0.0627463152110324,0.055169876911378,0.211370253120367,0.225886144196178,0.00419933604266896,0.0014344171006284,0.0368180318830189,0.0380707750483797,1.23822625891474,0.143788296329871,0.281150177886303,0.00100357594493888,0.0800094842978407
23.7,0.324387253925806,0.398799212511268,3.60981507206638,1,2.34035574725593e-05,2.77332528509104,0.0370617065845153,0.0857976743980428,1.08120540060219,0.0619113559256113,0.0543694987938268,0.215649455511858,0.219802552352667,0.00408309670666749,0.00140013821818532,0.0370617065845153,0.0484640267140409,1.23520210629286,0.144019579313091,0.281229380249802,0.00100383724715825,0.0800092852530088
23.8,0.348506733749352,0.423346035467889,3.8596742742213,1,0.000188615278074269,2.77341305494609,0.0373784435411832,0.0858251590503672,1.1033160050297,0.0611161019648017,0.053589991257386,0.220017299476602,0.213840216642965,0.00397115039383035,0.00136667264086305,0.0373784435411832,0.0609552879123711,1.23139552420678,0.14432526553498,0.281326841508485,0.00100743889432549,0.080009098122802
23.9,0.372980881460755,0.448031663254167,4.11324112189923,1,0.00891797310497387,2.77976543525887,0.037782358923993,0.0858605460975504,1.12556147387549,0.0604488339704451,0.0528349874414657,0.224473465154568,0.207975108480986,0.00394365670376599,0.00133400357137526,0.037782358923993,0.0755842284159353,1.22672213126097,0.144718542512801,0.281329080910693,0.00112928892437532,0.0800089349693011
24,0.397628266036044,0.472668025317445,4.3687731888526,1,0.287232895761766,3.03906104110542,0.0382309413842609,0.0859000683260515,1.14788300202621,0.0630786241464341,0.0522090019046283,0.229017522996384,0.201384195135576,0.00788950910189603,0.0013022041276359,0.0382309413842609,0.0908149802838695,1.22155247946217,0.145114042697582,0.276893840423941,0.00546830251836631,0.0800103243670611
